arrival_unix_ns,sim_service_start_unix_ns,sim_service_end_unix_ns,sim_queue_ms,sim_service_ms,sim_response_ms,sim_status
1775042526767651026,1775042526767651026,1775042526768312066,0.000000,0.661040,0.661040,200
1775042526785268805,1775042526785268805,1775042526785821600,0.000000,0.552795,0.552795,200
1775042526801981390,1775042526801981390,1775042526802795935,0.000000,0.814545,0.814545,200
1775042526824114012,1775042526824114012,1775042526824821976,0.000000,0.707964,0.707964,200
1775042526843747587,1775042526843747587,1775042526844735243,0.000000,0.987656,0.987656,200
1775042526867032244,1775042526867032244,1775042526867815557,0.000000,0.783313,0.783313,200
1775042526883855365,1775042526883855365,1775042526884528949,0.000000,0.673584,0.673584,200
1775042526899159840,1775042526899159840,1775042526900002254,0.000000,0.842414,0.842414,200
1775042526916721665,1775042526916721665,1775042526925182008,0.000000,8.460343,8.460343,200
1775042526933120554,1775042526933120554,1775042526934000193,0.000000,0.879639,0.879639,200
1775042526959844911,1775042526959844911,1775042526960763864,0.000000,0.918953,0.918953,200
1775042526975628211,1775042526975628211,1775042526976525233,0.000000,0.897022,0.897022,200
1775042526993149872,1775042526993149872,1775042526993656775,0.000000,0.506903,0.506903,200
1775042527011530570,1775042527011530570,1775042527012386554,0.000000,0.855984,0.855984,200
1775042527033103588,1775042527033103588,1775042527033952838,0.000000,0.849250,0.849250,200
1775042527051441358,1775042527051441358,1775042527051942591,0.000000,0.501233,0.501233,200
1775042527067699880,1775042527067699880,1775042527068380591,0.000000,0.680711,0.680711,200
1775042527099849148,1775042527099849148,1775042527102161323,0.000000,2.312175,2.312175,200
1775042527131880164,1775042527131880164,1775042527132401482,0.000000,0.521318,0.521318,200
1775042527162149452,1775042527162149452,1775042527162757537,0.000000,0.608085,0.608085,200
1775042527177105936,1775042527177105936,1775042527177543827,0.000000,0.437891,0.437891,200
1775042527191848853,1775042527191848853,1775042527192503910,0.000000,0.655057,0.655057,200
1775042527207568614,1775042527207568614,1775042527208039562,0.000000,0.470948,0.470948,200
1775042527221875602,1775042527221875602,1775042527227532147,0.000000,5.656545,5.656545,200
1775042527236111050,1775042527236111050,1775042527236828982,0.000000,0.717932,0.717932,200
1775042527250311704,1775042527250311704,1775042527251056119,0.000000,0.744415,0.744415,200
1775042527264345681,1775042527264345681,1775042527265052281,0.000000,0.706600,0.706600,200
1775042527278981985,1775042527278981985,1775042527279684245,0.000000,0.702260,0.702260,200
1775042527293194152,1775042527293194152,1775042527293917117,0.000000,0.722965,0.722965,200
1775042527316115905,1775042527316115905,1775042527316838636,0.000000,0.722731,0.722731,200
1775042527329186808,1775042527329186808,1775042527330053487,0.000000,0.866679,0.866679,200
1775042527344508375,1775042527344508375,1775042527345765029,0.000000,1.256654,1.256654,200
1775042527359976293,1775042527359976293,1775042527360495093,0.000000,0.518800,0.518800,200
1775042527373830361,1775042527373830361,1775042527374475971,0.000000,0.645610,0.645610,200
1775042527388117068,1775042527388117068,1775042527388868788,0.000000,0.751720,0.751720,200
1775042527424203115,1775042527424203115,1775042527424901999,0.000000,0.698884,0.698884,200
1775042527438051909,1775042527438051909,1775042527442070036,0.000000,4.018127,4.018127,200
1775042527453562319,1775042527453562319,1775042527454000121,0.000000,0.437802,0.437802,200
1775042527468200630,1775042527468200630,1775042527468845348,0.000000,0.644718,0.644718,200
1775042527481868947,1775042527481868947,1775042527482667400,0.000000,0.798453,0.798453,200
1775042527496678430,1775042527496678430,1775042527497276255,0.000000,0.597825,0.597825,200
1775042527511051622,1775042527511051622,1775042527511555071,0.000000,0.503449,0.503449,200
1775042527548140173,1775042527548140173,1775042527549024543,0.000000,0.884370,0.884370,200
1775042527563436884,1775042527563436884,1775042527563964802,0.000000,0.527918,0.527918,200
1775042527580365892,1775042527580365892,1775042527581094211,0.000000,0.728319,0.728319,200
1775042527595683532,1775042527595683532,1775042527600304818,0.000000,4.621286,4.621286,200
1775042527617387481,1775042527617387481,1775042527618525429,0.000000,1.137948,1.137948,200
1775042527631932486,1775042527631932486,1775042527632752578,0.000000,0.820092,0.820092,200
1775042527646770122,1775042527646770122,1775042527647289514,0.000000,0.519392,0.519392,200
1775042527662485243,1775042527662485243,1775042527664537613,0.000000,2.052370,2.052370,200
1775042527686697325,1775042527686697325,1775042527687648992,0.000000,0.951667,0.951667,200
1775042527703237937,1775042527703237937,1775042527706740414,0.000000,3.502477,3.502477,200
1775042527718699190,1775042527718699190,1775042527720098535,0.000000,1.399345,1.399345,200
1775042527747990650,1775042527747990650,1775042527748639215,0.000000,0.648565,0.648565,200
1775042527767056173,1775042527767056173,1775042527767871303,0.000000,0.815130,0.815130,200
1775042527783013150,1775042527783013150,1775042527784108414,0.000000,1.095264,1.095264,200
1775042527797620394,1775042527797620394,1775042527798151109,0.000000,0.530715,0.530715,200
1775042527813085821,1775042527813085821,1775042527813697783,0.000000,0.611962,0.611962,200
1775042527827969258,1775042527827969258,1775042527828742447,0.000000,0.773189,0.773189,200
1775042527841649218,1775042527841649218,1775042527842106458,0.000000,0.457240,0.457240,200
1775042527856294607,1775042527856294607,1775042527857145038,0.000000,0.850431,0.850431,200
1775042527887206242,1775042527887206242,1775042527888521348,0.000000,1.315106,1.315106,200
1775042527900604792,1775042527900604792,1775042527902769482,0.000000,2.164690,2.164690,200
1775042527918787687,1775042527918787687,1775042527919310683,0.000000,0.522996,0.522996,200
1775042527932009543,1775042527932009543,1775042527933524451,0.000000,1.514908,1.514908,200
1775042527965323815,1775042527965323815,1775042527966161202,0.000000,0.837387,0.837387,200
1775042527978742772,1775042527978742772,1775042527979568459,0.000000,0.825687,0.825687,200
1775042527993436252,1775042527993436252,1775042527994106752,0.000000,0.670500,0.670500,200
1775042528007116406,1775042528007116406,1775042528007722827,0.000000,0.606421,0.606421,200
1775042528022023790,1775042528022023790,1775042528022672238,0.000000,0.648448,0.648448,200
1775042528036171276,1775042528036171276,1775042528036731906,0.000000,0.560630,0.560630,200
1775042528050653968,1775042528050653968,1775042528051396408,0.000000,0.742440,0.742440,200
1775042528065455113,1775042528065455113,1775042528066177044,0.000000,0.721931,0.721931,200
1775042528079569778,1775042528079569778,1775042528080276341,0.000000,0.706563,0.706563,200
1775042528094352778,1775042528094352778,1775042528095623526,0.000000,1.270748,1.270748,200
1775042528108964537,1775042528108964537,1775042528109602241,0.000000,0.637704,0.637704,200
1775042528124405359,1775042528124405359,1775042528125314437,0.000000,0.909078,0.909078,200
1775042528140293864,1775042528140293864,1775042528140858755,0.000000,0.564891,0.564891,200
1775042528156087629,1775042528156087629,1775042528157037357,0.000000,0.949728,0.949728,200
1775042528174699900,1775042528174699900,1775042528175181038,0.000000,0.481138,0.481138,200
1775042528192038735,1775042528192038735,1775042528192685156,0.000000,0.646421,0.646421,200
1775042528207014241,1775042528207014241,1775042528207758707,0.000000,0.744466,0.744466,200
1775042528223438578,1775042528223438578,1775042528223980244,0.000000,0.541666,0.541666,200
1775042528238132994,1775042528238132994,1775042528238760107,0.000000,0.627113,0.627113,200
1775042528273330385,1775042528273330385,1775042528276326658,0.000000,2.996273,2.996273,200
1775042528288380411,1775042528288380411,1775042528289106306,0.000000,0.725895,0.725895,200
1775042528318306005,1775042528318306005,1775042528321106272,0.000000,2.800267,2.800267,200
1775042528340354765,1775042528340354765,1775042528341212991,0.000000,0.858226,0.858226,200
1775042528354682586,1775042528354682586,1775042528355285832,0.000000,0.603246,0.603246,200
1775042528380632514,1775042528380632514,1775042528386580088,0.000000,5.947574,5.947574,200
1775042528398869419,1775042528398869419,1775042528399730706,0.000000,0.861287,0.861287,200
1775042528413430251,1775042528413430251,1775042528413943560,0.000000,0.513309,0.513309,200
1775042528428434120,1775042528428434120,1775042528429316150,0.000000,0.882030,0.882030,200
1775042528444628104,1775042528444628104,1775042528445211911,0.000000,0.583807,0.583807,200
1775042528459738567,1775042528459738567,1775042528460408335,0.000000,0.669768,0.669768,200
1775042528474627116,1775042528474627116,1775042528475366390,0.000000,0.739274,0.739274,200
1775042528489163348,1775042528489163348,1775042528490059505,0.000000,0.896157,0.896157,200
1775042528504589386,1775042528504589386,1775042528505289763,0.000000,0.700377,0.700377,200
1775042528520258233,1775042528520258233,1775042528520807846,0.000000,0.549613,0.549613,200
1775042528536261382,1775042528536261382,1775042528539988100,0.000000,3.726718,3.726718,200
1775042528551499790,1775042528551499790,1775042528552358648,0.000000,0.858858,0.858858,200
1775042528565936870,1775042528565936870,1775042528566521260,0.000000,0.584390,0.584390,200
1775042528597072641,1775042528597072641,1775042528597553398,0.000000,0.480757,0.480757,200
1775042528627840653,1775042528627840653,1775042528628738549,0.000000,0.897896,0.897896,200
1775042528657543224,1775042528657543224,1775042528658001877,0.000000,0.458653,0.458653,200
1775042528672772086,1775042528672772086,1775042528673380811,0.000000,0.608725,0.608725,200
1775042528703738512,1775042528703738512,1775042528704447117,0.000000,0.708605,0.708605,200
1775042528717843919,1775042528717843919,1775042528718673751,0.000000,0.829832,0.829832,200
1775042528733380656,1775042528733380656,1775042528734356178,0.000000,0.975522,0.975522,200
1775042528747221899,1775042528747221899,1775042528747775848,0.000000,0.553949,0.553949,200
1775042528763161247,1775042528763161247,1775042528763917896,0.000000,0.756649,0.756649,200
1775042528778577852,1775042528778577852,1775042528779453626,0.000000,0.875774,0.875774,200
1775042528795475273,1775042528795475273,1775042528796422219,0.000000,0.946946,0.946946,200
1775042528829802061,1775042528829802061,1775042528830802089,0.000000,1.000028,1.000028,200
1775042528845726443,1775042528845726443,1775042528850509196,0.000000,4.782753,4.782753,200
1775042528862138016,1775042528862138016,1775042528862608918,0.000000,0.470902,0.470902,200
1775042528879667605,1775042528879667605,1775042528880526161,0.000000,0.858556,0.858556,200
1775042528896990881,1775042528896990881,1775042528898603381,0.000000,1.612500,1.612500,200
1775042528922845864,1775042528922845864,1775042528923694763,0.000000,0.848899,0.848899,200
1775042528953807765,1775042528953807765,1775042528954503595,0.000000,0.695830,0.695830,200
1775042528971345932,1775042528971345932,1775042528972411668,0.000000,1.065736,1.065736,200
1775042528987535179,1775042528987535179,1775042528989497425,0.000000,1.962246,1.962246,200
1775042529019941399,1775042529019941399,1775042529020634281,0.000000,0.692882,0.692882,200
1775042529037156961,1775042529037156961,1775042529037901554,0.000000,0.744593,0.744593,200
1775042529055019570,1775042529055019570,1775042529055835377,0.000000,0.815807,0.815807,200
1775042529092448336,1775042529092448336,1775042529093064176,0.000000,0.615840,0.615840,200
1775042529123153839,1775042529123153839,1775042529123727845,0.000000,0.574006,0.574006,200
1775042529136298747,1775042529136298747,1775042529137032299,0.000000,0.733552,0.733552,200
1775042529152065621,1775042529152065621,1775042529152854954,0.000000,0.789333,0.789333,200
1775042529185205724,1775042529185205724,1775042529185932944,0.000000,0.727220,0.727220,200
1775042529199465885,1775042529199465885,1775042529199994527,0.000000,0.528642,0.528642,200
1775042529213303716,1775042529213303716,1775042529213710486,0.000000,0.406770,0.406770,200
1775042529230681648,1775042529230681648,1775042529231105674,0.000000,0.424026,0.424026,200
1775042529261591072,1775042529261591072,1775042529263158033,0.000000,1.566961,1.566961,200
1775042529292750459,1775042529292750459,1775042529294321526,0.000000,1.571067,1.571067,200
1775042529307161117,1775042529307161117,1775042529307894849,0.000000,0.733732,0.733732,200
1775042529320901960,1775042529320901960,1775042529330203048,0.000000,9.301088,9.301088,200
1775042529336133451,1775042529336133451,1775042529336770884,0.000000,0.637433,0.637433,200
1775042529352565511,1775042529352565511,1775042529353412866,0.000000,0.847355,0.847355,200
1775042529367707207,1775042529367707207,1775042529368338339,0.000000,0.631132,0.631132,200
1775042529401769374,1775042529401769374,1775042529402532365,0.000000,0.762991,0.762991,200
1775042529417690816,1775042529417690816,1775042529418115176,0.000000,0.424360,0.424360,200
1775042529432020259,1775042529432020259,1775042529432989965,0.000000,0.969706,0.969706,200
1775042529447636930,1775042529447636930,1775042529448793084,0.000000,1.156154,1.156154,200
1775042529480221916,1775042529480221916,1775042529481371723,0.000000,1.149807,1.149807,200
1775042529495327927,1775042529495327927,1775042529496121889,0.000000,0.793962,0.793962,200
1775042529513117300,1775042529513117300,1775042529518273316,0.000000,5.156016,5.156016,200
1775042529530096298,1775042529530096298,1775042529530776951,0.000000,0.680653,0.680653,200
1775042529547416284,1775042529547416284,1775042529548054249,0.000000,0.637965,0.637965,200
1775042529564346816,1775042529564346816,1775042529566268112,0.000000,1.921296,1.921296,200
1775042529580109361,1775042529580109361,1775042529581538250,0.000000,1.428889,1.428889,200
1775042529595743165,1775042529595743165,1775042529596216075,0.000000,0.472910,0.472910,200
1775042529611755841,1775042529611755841,1775042529612435247,0.000000,0.679406,0.679406,200
1775042529648790006,1775042529648790006,1775042529649480135,0.000000,0.690129,0.690129,200
1775042529664441373,1775042529664441373,1775042529665137189,0.000000,0.695816,0.695816,200
1775042529680940066,1775042529680940066,1775042529688742974,0.000000,7.802908,7.802908,200
1775042529696114237,1775042529696114237,1775042529696704618,0.000000,0.590381,0.590381,200
1775042529728330638,1775042529728330638,1775042529728992691,0.000000,0.662053,0.662053,200
1775042529743466466,1775042529743466466,1775042529744195199,0.000000,0.728733,0.728733,200
1775042529757581606,1775042529757581606,1775042529758428651,0.000000,0.847045,0.847045,200
1775042529788939504,1775042529788939504,1775042529791873764,0.000000,2.934260,2.934260,200
1775042529807091328,1775042529807091328,1775042529807601333,0.000000,0.510005,0.510005,200
1775042529822088248,1775042529822088248,1775042529822777332,0.000000,0.689084,0.689084,200
1775042529851483460,1775042529851483460,1775042529853176770,0.000000,1.693310,1.693310,200
1775042529866845321,1775042529866845321,1775042529867697562,0.000000,0.852241,0.852241,200
1775042529882316372,1775042529882316372,1775042529883004424,0.000000,0.688052,0.688052,200
1775042529912437881,1775042529912437881,1775042529913328144,0.000000,0.890263,0.890263,200
1775042529926625419,1775042529926625419,1775042529927439371,0.000000,0.813952,0.813952,200
1775042529941927384,1775042529941927384,1775042529942859398,0.000000,0.932014,0.932014,200
1775042529973793153,1775042529973793153,1775042529975160570,0.000000,1.367417,1.367417,200
1775042529987278902,1775042529987278902,1775042529987689540,0.000000,0.410638,0.410638,200
1775042530020324088,1775042530020324088,1775042530020867069,0.000000,0.542981,0.542981,200
1775042530051140395,1775042530051140395,1775042530051946047,0.000000,0.805652,0.805652,200
1775042530064940836,1775042530064940836,1775042530066842903,0.000000,1.902067,1.902067,200
1775042530078340682,1775042530078340682,1775042530079074817,0.000000,0.734135,0.734135,200
1775042530114047646,1775042530114047646,1775042530114655041,0.000000,0.607395,0.607395,200
1775042530127708482,1775042530127708482,1775042530128251463,0.000000,0.542981,0.542981,200
1775042530141703121,1775042530141703121,1775042530142328019,0.000000,0.624898,0.624898,200
1775042530155679954,1775042530155679954,1775042530156429692,0.000000,0.749738,0.749738,200
1775042530169502055,1775042530169502055,1775042530170139488,0.000000,0.637433,0.637433,200
1775042530186902107,1775042530186902107,1775042530187942168,0.000000,1.040061,1.040061,200
1775042530202894458,1775042530202894458,1775042530203455391,0.000000,0.560933,0.560933,200
1775042530219333269,1775042530219333269,1775042530220057984,0.000000,0.724715,0.724715,200
1775042530235335145,1775042530235335145,1775042530235907922,0.000000,0.572777,0.572777,200
1775042530250005204,1775042530250005204,1775042530250855677,0.000000,0.850473,0.850473,200
1775042530264355511,1775042530264355511,1775042530266081221,0.000000,1.725710,1.725710,200
1775042530279665332,1775042530279665332,1775042530280652934,0.000000,0.987602,0.987602,200
1775042530314688130,1775042530314688130,1775042530316102179,0.000000,1.414049,1.414049,200
1775042530334896444,1775042530334896444,1775042530337351298,0.000000,2.454854,2.454854,200
1775042530360980533,1775042530360980533,1775042530361550091,0.000000,0.569558,0.569558,200
1775042530375984970,1775042530375984970,1775042530376703923,0.000000,0.718953,0.718953,200
1775042530391423864,1775042530391423864,1775042530392049666,0.000000,0.625802,0.625802,200
1775042530404974787,1775042530404974787,1775042530406003264,0.000000,1.028477,1.028477,200
1775042530419990336,1775042530419990336,1775042530420420812,0.000000,0.430476,0.430476,200
1775042530453091553,1775042530453091553,1775042530453651146,0.000000,0.559593,0.559593,200
1775042530467339077,1775042530467339077,1775042530468644664,0.000000,1.305587,1.305587,200
1775042530500106367,1775042530500106367,1775042530501377783,0.000000,1.271416,1.271416,200
1775042530517024424,1775042530517024424,1775042530518284016,0.000000,1.259592,1.259592,200
1775042530545782074,1775042530545782074,1775042530546476745,0.000000,0.694671,0.694671,200
1775042530576361623,1775042530576361623,1775042530577185761,0.000000,0.824138,0.824138,200
1775042530595215128,1775042530595215128,1775042530596010202,0.000000,0.795074,0.795074,200
1775042530613974408,1775042530613974408,1775042530614978639,0.000000,1.004231,1.004231,200
1775042530630704444,1775042530630704444,1775042530631558921,0.000000,0.854477,0.854477,200
1775042530646808332,1775042530646808332,1775042530647758049,0.000000,0.949717,0.949717,200
1775042530664336060,1775042530664336060,1775042530675984274,0.000000,11.648214,11.648214,200
1775042530683611284,1775042530683611284,1775042530685568985,0.000000,1.957701,1.957701,200
1775042530701395216,1775042530701395216,1775042530702030765,0.000000,0.635549,0.635549,200
1775042530719890328,1775042530719890328,1775042530721909743,0.000000,2.019415,2.019415,200
1775042530737319064,1775042530737319064,1775042530738765999,0.000000,1.446935,1.446935,200
1775042530755493193,1775042530755493193,1775042530756103732,0.000000,0.610539,0.610539,200
1775042530777451985,1775042530777451985,1775042530778439921,0.000000,0.987936,0.987936,200
1775042530808554987,1775042530808554987,1775042530809278503,0.000000,0.723516,0.723516,200
1775042530825306609,1775042530825306609,1775042530827386398,0.000000,2.079789,2.079789,200
1775042530842833895,1775042530842833895,1775042530843665621,0.000000,0.831726,0.831726,200
1775042530862328620,1775042530862328620,1775042530862993550,0.000000,0.664930,0.664930,200
1775042530881669225,1775042530881669225,1775042530882161695,0.000000,0.492470,0.492470,200
1775042530911150301,1775042530911150301,1775042530911823015,0.000000,0.672714,0.672714,200
1775042530937887770,1775042530937887770,1775042530938672002,0.000000,0.784232,0.784232,200
1775042530956419078,1775042530956419078,1775042530956940203,0.000000,0.521125,0.521125,200
1775042530971245123,1775042530971245123,1775042530971963055,0.000000,0.717932,0.717932,200
1775042530989418401,1775042530989418401,1775042530990849530,0.000000,1.431129,1.431129,200
1775042531010618381,1775042531010618381,1775042531011346984,0.000000,0.728603,0.728603,200
1775042531026369936,1775042531026369936,1775042531028078576,0.000000,1.708640,1.708640,200
1775042531042045773,1775042531042045773,1775042531042850651,0.000000,0.804878,0.804878,200
1775042531062304686,1775042531062304686,1775042531063399187,0.000000,1.094501,1.094501,200
1775042531080335521,1775042531080335521,1775042531080768785,0.000000,0.433264,0.433264,200
1775042531098223595,1775042531098223595,1775042531098728951,0.000000,0.505356,0.505356,200
1775042531115655347,1775042531115655347,1775042531116937379,0.000000,1.282032,1.282032,200
1775042531134579603,1775042531134579603,1775042531135353053,0.000000,0.773450,0.773450,200
1775042531161029273,1775042531161029273,1775042531161418268,0.000000,0.388995,0.388995,200
1775042531192009899,1775042531192009899,1775042531200519789,0.000000,8.509890,8.509890,200
1775042531206723390,1775042531206723390,1775042531207357507,0.000000,0.634117,0.634117,200
1775042531220865494,1775042531220865494,1775042531222370652,0.000000,1.505158,1.505158,200
1775042531235844306,1775042531235844306,1775042531236496678,0.000000,0.652372,0.652372,200
1775042531269621432,1775042531269621432,1775042531270395688,0.000000,0.774256,0.774256,200
1775042531283645817,1775042531283645817,1775042531284543021,0.000000,0.897204,0.897204,200
1775042531315488729,1775042531315488729,1775042531316195656,0.000000,0.706927,0.706927,200
1775042531328755438,1775042531328755438,1775042531329466438,0.000000,0.711000,0.711000,200
1775042531343621994,1775042531343621994,1775042531346046426,0.000000,2.424432,2.424432,200
1775042531376391921,1775042531376391921,1775042531377582372,0.000000,1.190451,1.190451,200
1775042531390016327,1775042531390016327,1775042531391163340,0.000000,1.147013,1.147013,200
1775042531422635361,1775042531422635361,1775042531423377982,0.000000,0.742621,0.742621,200
1775042531436542016,1775042531436542016,1775042531437344844,0.000000,0.802828,0.802828,200
1775042531450733463,1775042531450733463,1775042531451256972,0.000000,0.523509,0.523509,200
1775042531466784020,1775042531466784020,1775042531467516347,0.000000,0.732327,0.732327,200
1775042531481188367,1775042531481188367,1775042531481926227,0.000000,0.737860,0.737860,200
1775042531495133667,1775042531495133667,1775042531496993642,0.000000,1.859975,1.859975,200
1775042531509651114,1775042531509651114,1775042531510542369,0.000000,0.891255,0.891255,200
1775042531523959686,1775042531523959686,1775042531524560438,0.000000,0.600752,0.600752,200
1775042531538203333,1775042531538203333,1775042531539805343,0.000000,1.602010,1.602010,200
1775042531560648445,1775042531560648445,1775042531561086088,0.000000,0.437643,0.437643,200
1775042531575508307,1775042531575508307,1775042531576264674,0.000000,0.756367,0.756367,200
1775042531590930975,1775042531590930975,1775042531592861254,0.000000,1.930279,1.930279,200
1775042531605193127,1775042531605193127,1775042531605694204,0.000000,0.501077,0.501077,200
1775042531619810536,1775042531619810536,1775042531620459091,0.000000,0.648555,0.648555,200
1775042531653797260,1775042531653797260,1775042531654725273,0.000000,0.928013,0.928013,200
1775042531669817625,1775042531669817625,1775042531672238215,0.000000,2.420590,2.420590,200
1775042531686132524,1775042531686132524,1775042531687979793,0.000000,1.847269,1.847269,200
1775042531701986460,1775042531701986460,1775042531703128713,0.000000,1.142253,1.142253,200
1775042531719203660,1775042531719203660,1775042531719949537,0.000000,0.745877,0.745877,200
1775042531735765627,1775042531735765627,1775042531736473429,0.000000,0.707802,0.707802,200
1775042531801841228,1775042531801841228,1775042531802345969,0.000000,0.504741,0.504741,200
1775042531802017024,1775042531802345969,1775042531803105630,0.328945,0.759661,1.088606,200
1775042531802102402,1775042531803105630,1775042531803777892,1.003228,0.672262,1.675490,200
1775042531805673129,1775042531805673129,1775042531806468755,0.000000,0.795626,0.795626,200
1775042531818121484,1775042531818121484,1775042531818963088,0.000000,0.841604,0.841604,200
1775042531821624169,1775042531821624169,1775042531822366028,0.000000,0.741859,0.741859,200
1775042531850141521,1775042531850141521,1775042531850654326,0.000000,0.512805,0.512805,200
1775042531857662560,1775042531857662560,1775042531858201282,0.000000,0.538722,0.538722,200
1775042531862862156,1775042531862862156,1775042531864314492,0.000000,1.452336,1.452336,200
1775042531875489263,1775042531875489263,1775042531876503369,0.000000,1.014106,1.014106,200
1775042531889991014,1775042531889991014,1775042531890816258,0.000000,0.825244,0.825244,200
1775042531894669893,1775042531894669893,1775042531895156831,0.000000,0.486938,0.486938,200
1775042531895093015,1775042531895156831,1775042531895653265,0.063816,0.496434,0.560250,200
1775042531899766258,1775042531899766258,1775042531900633083,0.000000,0.866825,0.866825,200
1775042531915761062,1775042531915761062,1775042531916436108,0.000000,0.675046,0.675046,200
1775042531934379744,1775042531934379744,1775042531934902331,0.000000,0.522587,0.522587,200
1775042531942312593,1775042531942312593,1775042531943226668,0.000000,0.914075,0.914075,200
1775042531947876181,1775042531947876181,1775042531948519799,0.000000,0.643618,0.643618,200
1775042531949925771,1775042531949925771,1775042531952369346,0.000000,2.443575,2.443575,200
1775042531954806343,1775042531954806343,1775042531955532421,0.000000,0.726078,0.726078,200
1775042531958090237,1775042531958090237,1775042531958606252,0.000000,0.516015,0.516015,200
1775042531958177428,1775042531958606252,1775042531959341377,0.428824,0.735125,1.163949,200
1775042531969366313,1775042531969366313,1775042531981856227,0.000000,12.489914,12.489914,200
1775042531975984430,1775042531981856227,1775042531982363130,5.871797,0.506903,6.378700,200
1775042531976081611,1775042531982363130,1775042531983076363,6.281519,0.713233,6.994752,200
1775042531987987012,1775042531987987012,1775042531988567876,0.000000,0.580864,0.580864,200
1775042532016203706,1775042532016203706,1775042532016926211,0.000000,0.722505,0.722505,200
1775042532016365444,1775042532016926211,1775042532017598396,0.560767,0.672185,1.232952,200
1775042532035404639,1775042532035404639,1775042532036203346,0.000000,0.798707,0.798707,200
1775042532040502640,1775042532040502640,1775042532041197616,0.000000,0.694976,0.694976,200
1775042532043633561,1775042532043633561,1775042532044315031,0.000000,0.681470,0.681470,200
1775042532057079032,1775042532057079032,1775042532057938138,0.000000,0.859106,0.859106,200
1775042532058295554,1775042532058295554,1775042532059071611,0.000000,0.776057,0.776057,200
1775042532063345184,1775042532063345184,1775042532064133394,0.000000,0.788210,0.788210,200
1775042532066693864,1775042532066693864,1775042532067545769,0.000000,0.851905,0.851905,200
1775042532083150647,1775042532083150647,1775042532083885392,0.000000,0.734745,0.734745,200
1775042532089671210,1775042532089671210,1775042532090329883,0.000000,0.658673,0.658673,200
1775042532089804993,1775042532090329883,1775042532090864867,0.524890,0.534984,1.059874,200
1775042532121568348,1775042532121568348,1775042532136739841,0.000000,15.171493,15.171493,200
1775042532124762155,1775042532136739841,1775042532137589564,11.977686,0.849723,12.827409,200
1775042532127280017,1775042532137589564,1775042532140144741,10.309547,2.555177,12.864724,200
1775042532131876259,1775042532140144741,1775042532140957755,8.268482,0.813014,9.081496,200
1775042532142865268,1775042532142865268,1775042532143693820,0.000000,0.828552,0.828552,200
1775042532153336527,1775042532153336527,1775042532154234675,0.000000,0.898148,0.898148,200
1775042532182142488,1775042532182142488,1775042532183026888,0.000000,0.884400,0.884400,200
1775042532183272570,1775042532183272570,1775042532184251540,0.000000,0.978970,0.978970,200
1775042532190897320,1775042532190897320,1775042532191476058,0.000000,0.578738,0.578738,200
1775042532192777187,1775042532192777187,1775042532193387457,0.000000,0.610270,0.610270,200
1775042532201522123,1775042532201522123,1775042532202325914,0.000000,0.803791,0.803791,200
1775042532211814465,1775042532211814465,1775042532212479775,0.000000,0.665310,0.665310,200
1775042532213097939,1775042532213097939,1775042532213930561,0.000000,0.832622,0.832622,200
1775042532214670711,1775042532214670711,1775042532215360219,0.000000,0.689508,0.689508,200
1775042532227009909,1775042532227009909,1775042532229026181,0.000000,2.016272,2.016272,200
1775042532231692203,1775042532231692203,1775042532232523718,0.000000,0.831515,0.831515,200
1775042532255558239,1775042532255558239,1775042532257233507,0.000000,1.675268,1.675268,200
1775042532275805142,1775042532275805142,1775042532276778366,0.000000,0.973224,0.973224,200
1775042532286191756,1775042532286191756,1775042532286931883,0.000000,0.740127,0.740127,200
1775042532286284388,1775042532286931883,1775042532287798081,0.647495,0.866198,1.513693,200
1775042532292939339,1775042532292939339,1775042532293978593,0.000000,1.039254,1.039254,200
1775042532295133553,1775042532295133553,1775042532296004005,0.000000,0.870452,0.870452,200
1775042532295390188,1775042532296004005,1775042532296870381,0.613817,0.866376,1.480193,200
1775042532301323917,1775042532301323917,1775042532302067312,0.000000,0.743395,0.743395,200
1775042532304318313,1775042532304318313,1775042532313158239,0.000000,8.839926,8.839926,200
1775042532304731426,1775042532313158239,1775042532318409577,8.426813,5.251338,13.678151,200
1775042532319898223,1775042532319898223,1775042532320489485,0.000000,0.591262,0.591262,200
1775042532328075861,1775042532328075861,1775042532328821668,0.000000,0.745807,0.745807,200
1775042532337917378,1775042532337917378,1775042532338484865,0.000000,0.567487,0.567487,200
1775042532345849644,1775042532345849644,1775042532346578117,0.000000,0.728473,0.728473,200
1775042532347489840,1775042532347489840,1775042532347920487,0.000000,0.430647,0.430647,200
1775042532359255288,1775042532359255288,1775042532360083776,0.000000,0.828488,0.828488,200
1775042532360277318,1775042532360277318,1775042532361132886,0.000000,0.855568,0.855568,200
1775042532361255842,1775042532361255842,1775042532362432663,0.000000,1.176821,1.176821,200
1775042532367005359,1775042532367005359,1775042532367766766,0.000000,0.761407,0.761407,200
1775042532367087961,1775042532367766766,1775042532368612389,0.678805,0.845623,1.524428,200
1775042532376463118,1775042532376463118,1775042532377307689,0.000000,0.844571,0.844571,200
1775042532376618293,1775042532377307689,1775042532378058689,0.689396,0.751000,1.440396,200
1775042532378047423,1775042532378058689,1775042532378853228,0.011266,0.794539,0.805805,200
1775042532395347653,1775042532395347653,1775042532396059794,0.000000,0.712141,0.712141,200
1775042532395498610,1775042532396059794,1775042532396614423,0.561184,0.554629,1.115813,200
1775042532397813452,1775042532397813452,1775042532398375466,0.000000,0.562014,0.562014,200
1775042532415146818,1775042532415146818,1775042532415581062,0.000000,0.434244,0.434244,200
1775042532416590257,1775042532416590257,1775042532417237550,0.000000,0.647293,0.647293,200
1775042532434324357,1775042532434324357,1775042532435117950,0.000000,0.793593,0.793593,200
1775042532470640947,1775042532470640947,1775042532471376132,0.000000,0.735185,0.735185,200
1775042532474643615,1775042532474643615,1775042532475416933,0.000000,0.773318,0.773318,200
1775042532475529787,1775042532475529787,1775042532476410439,0.000000,0.880652,0.880652,200
1775042532478169558,1775042532478169558,1775042532478919074,0.000000,0.749516,0.749516,200
1775042532478615337,1775042532478919074,1775042532479404238,0.303737,0.485164,0.788901,200
1775042532487611611,1775042532487611611,1775042532488279315,0.000000,0.667704,0.667704,200
1775042532487728801,1775042532488279315,1775042532488991165,0.550514,0.711850,1.262364,200
1775042532491650502,1775042532491650502,1775042532492321240,0.000000,0.670738,0.670738,200
1775042532496768186,1775042532496768186,1775042532499254226,0.000000,2.486040,2.486040,200
1775042532498368242,1775042532499254226,1775042532499911317,0.885984,0.657091,1.543075,200
1775042532517284332,1775042532517284332,1775042532518088474,0.000000,0.804142,0.804142,200
1775042532520666903,1775042532520666903,1775042532521461845,0.000000,0.794942,0.794942,200
1775042532529594118,1775042532529594118,1775042532530345405,0.000000,0.751287,0.751287,200
1775042532545871888,1775042532545871888,1775042532546596052,0.000000,0.724164,0.724164,200
1775042532548927427,1775042532548927427,1775042532549632556,0.000000,0.705129,0.705129,200
1775042532551070227,1775042532551070227,1775042532551682763,0.000000,0.612536,0.612536,200
1775042532561723800,1775042532561723800,1775042532562192704,0.000000,0.468904,0.468904,200
1775042532563211726,1775042532563211726,1775042532569347529,0.000000,6.135803,6.135803,200
1775042532563289769,1775042532569347529,1775042532570060763,6.057760,0.713234,6.770994,200
1775042532564644884,1775042532570060763,1775042532570687466,5.415879,0.626703,6.042582,200
1775042532595554597,1775042532595554597,1775042532597117497,0.000000,1.562900,1.562900,200
1775042532601413451,1775042532601413451,1775042532602266250,0.000000,0.852799,0.852799,200
1775042532601858176,1775042532602266250,1775042532602944263,0.408074,0.678013,1.086087,200
1775042532604677480,1775042532604677480,1775042532605541656,0.000000,0.864176,0.864176,200
1775042532622725388,1775042532622725388,1775042532623246513,0.000000,0.521125,0.521125,200
1775042532661404282,1775042532661404282,1775042532662215547,0.000000,0.811265,0.811265,200
1775042532661531002,1775042532662215547,1775042532662957648,0.684545,0.742101,1.426646,200
1775042532661600288,1775042532662957648,1775042532663820400,1.357360,0.862752,2.220112,200
1775042532661689343,1775042532663820400,1775042532664549055,2.131057,0.728655,2.859712,200
1775042532663456797,1775042532664549055,1775042532665304528,1.092258,0.755473,1.847731,200
1775042532663558857,1775042532665304528,1775042532666901007,1.745671,1.596479,3.342150,200
1775042532670878169,1775042532670878169,1775042532671581466,0.000000,0.703297,0.703297,200
1775042532681648619,1775042532681648619,1775042532682392190,0.000000,0.743571,0.743571,200
1775042532690766192,1775042532690766192,1775042532691539462,0.000000,0.773270,0.773270,200
1775042532690864185,1775042532691539462,1775042532692268954,0.675277,0.729492,1.404769,200
1775042532691968457,1775042532692268954,1775042532693111468,0.300497,0.842514,1.143011,200
1775042532693247292,1775042532693247292,1775042532693880667,0.000000,0.633375,0.633375,200
1775042532695610514,1775042532695610514,1775042532696334681,0.000000,0.724167,0.724167,200
1775042532720069994,1775042532720069994,1775042532720642944,0.000000,0.572950,0.572950,200
1775042532720220079,1775042532720642944,1775042532721308254,0.422865,0.665310,1.088175,200
1775042532722020544,1775042532722020544,1775042532722463916,0.000000,0.443372,0.443372,200
1775042532730077956,1775042532730077956,1775042532731287905,0.000000,1.209949,1.209949,200
1775042532757033197,1775042532757033197,1775042532757554891,0.000000,0.521694,0.521694,200
1775042532759985573,1775042532759985573,1775042532760758977,0.000000,0.773404,0.773404,200
1775042532761888315,1775042532761888315,1775042532762573532,0.000000,0.685217,0.685217,200
1775042532766293758,1775042532766293758,1775042532767236076,0.000000,0.942318,0.942318,200
1775042532772595228,1775042532772595228,1775042532773859714,0.000000,1.264486,1.264486,200
1775042532772774671,1775042532773859714,1775042532774745959,1.085043,0.886245,1.971288,200
1775042532783969452,1775042532783969452,1775042532784527319,0.000000,0.557867,0.557867,200
1775042532786125241,1775042532786125241,1775042532786637109,0.000000,0.511868,0.511868,200
1775042532804692754,1775042532804692754,1775042532805136157,0.000000,0.443403,0.443403,200
1775042532804777631,1775042532805136157,1775042532807432350,0.358526,2.296193,2.654719,200
1775042532804902226,1775042532807432350,1775042532808508507,2.530124,1.076157,3.606281,200
1775042532822438565,1775042532822438565,1775042532823298687,0.000000,0.860122,0.860122,200
1775042532848813619,1775042532848813619,1775042532849509748,0.000000,0.696129,0.696129,200
1775042532857121849,1775042532857121849,1775042532859050492,0.000000,1.928643,1.928643,200
1775042532859096863,1775042532859096863,1775042532859858951,0.000000,0.762088,0.762088,200
1775042532860409705,1775042532860409705,1775042532861054004,0.000000,0.644299,0.644299,200
1775042532873438786,1775042532873438786,1775042532874096240,0.000000,0.657454,0.657454,200
1775042532879767422,1775042532879767422,1775042532880410504,0.000000,0.643082,0.643082,200
1775042532880821766,1775042532880821766,1775042532881602051,0.000000,0.780285,0.780285,200
1775042532881785220,1775042532881785220,1775042532882304612,0.000000,0.519392,0.519392,200
1775042532887564034,1775042532887564034,1775042532888236434,0.000000,0.672400,0.672400,200
1775042532891778349,1775042532891778349,1775042532892403055,0.000000,0.624706,0.624706,200
1775042532893530745,1775042532893530745,1775042532894959634,0.000000,1.428889,1.428889,200
1775042532893795866,1775042532894959634,1775042532895787502,1.163768,0.827868,1.991636,200
1775042532895703290,1775042532895787502,1775042532896535965,0.084212,0.748463,0.832675,200
1775042532899429084,1775042532899429084,1775042532900253361,0.000000,0.824277,0.824277,200
1775042532899630801,1775042532900253361,1775042532902762287,0.622560,2.508926,3.131486,200
1775042532917608306,1775042532917608306,1775042532925538454,0.000000,7.930148,7.930148,200
1775042532920266559,1775042532925538454,1775042532926992666,5.271895,1.454212,6.726107,200
1775042532956834319,1775042532956834319,1775042532957797422,0.000000,0.963103,0.963103,200
1775042532986890279,1775042532986890279,1775042532987435724,0.000000,0.545445,0.545445,200
1775042532987627599,1775042532987627599,1775042532988306946,0.000000,0.679347,0.679347,200
1775042532987812863,1775042532988306946,1775042532999577985,0.494083,11.271039,11.765122,200
1775042532995912648,1775042532999577985,1775042533000355135,3.665337,0.777150,4.442487,200
1775042533011328004,1775042533011328004,1775042533012050820,0.000000,0.722816,0.722816,200
1775042533027318487,1775042533027318487,1775042533029064182,0.000000,1.745695,1.745695,200
1775042533031053961,1775042533031053961,1775042533032472648,0.000000,1.418687,1.418687,200
1775042533041484383,1775042533041484383,1775042533042904245,0.000000,1.419862,1.419862,200
1775042533042196403,1775042533042904245,1775042533043708303,0.707842,0.804058,1.511900,200
1775042533042275649,1775042533043708303,1775042533046220490,1.432654,2.512187,3.944841,200
1775042533043730139,1775042533046220490,1775042533046962349,2.490351,0.741859,3.232210,200
1775042533043798774,1775042533046962349,1775042533047630735,3.163575,0.668386,3.831961,200
1775042533067292644,1775042533067292644,1775042533068161803,0.000000,0.869159,0.869159,200
1775042533067916020,1775042533068161803,1775042533068719860,0.245783,0.558057,0.803840,200
1775042533085410287,1775042533085410287,1775042533086069192,0.000000,0.658905,0.658905,200
1775042533085526526,1775042533086069192,1775042533086776922,0.542666,0.707730,1.250396,200
1775042533091675142,1775042533091675142,1775042533100062450,0.000000,8.387308,8.387308,200
1775042533093368983,1775042533100062450,1775042533100678533,6.693467,0.616083,7.309550,200
1775042533109084441,1775042533109084441,1775042533110031052,0.000000,0.946611,0.946611,200
1775042533109319283,1775042533110031052,1775042533110844272,0.711769,0.813220,1.524989,200
1775042533125462335,1775042533125462335,1775042533125890757,0.000000,0.428422,0.428422,200
1775042533128541951,1775042533128541951,1775042533129361394,0.000000,0.819443,0.819443,200
1775042533129884581,1775042533129884581,1775042533130607703,0.000000,0.723122,0.723122,200
1775042533140546640,1775042533140546640,1775042533142579697,0.000000,2.033057,2.033057,200
1775042533148114272,1775042533148114272,1775042533148576831,0.000000,0.462559,0.462559,200
1775042533150119715,1775042533150119715,1775042533150689273,0.000000,0.569558,0.569558,200
1775042533150219862,1775042533150689273,1775042533151323899,0.469411,0.634626,1.104037,200
1775042533161758526,1775042533161758526,1775042533162169344,0.000000,0.410818,0.410818,200
1775042533164027849,1775042533164027849,1775042533164619412,0.000000,0.591563,0.591563,200
1775042533167599973,1775042533167599973,1775042533168296683,0.000000,0.696710,0.696710,200
1775042533169001258,1775042533169001258,1775042533169720863,0.000000,0.719605,0.719605,200
1775042533176923056,1775042533176923056,1775042533177786344,0.000000,0.863288,0.863288,200
1775042533177326179,1775042533177786344,1775042533178282579,0.460165,0.496235,0.956400,200
1775042533179457180,1775042533179457180,1775042533180126045,0.000000,0.668865,0.668865,200
1775042533181340062,1775042533181340062,1775042533182298888,0.000000,0.958826,0.958826,200
1775042533183188066,1775042533183188066,1775042533183589762,0.000000,0.401696,0.401696,200
1775042533186108980,1775042533186108980,1775042533186834514,0.000000,0.725534,0.725534,200
1775042533194333725,1775042533194333725,1775042533195175771,0.000000,0.842046,0.842046,200
1775042533201090111,1775042533201090111,1775042533202325353,0.000000,1.235242,1.235242,200
1775042533201410671,1775042533202325353,1775042533203081710,0.914682,0.756357,1.671039,200
1775042533206127878,1775042533206127878,1775042533207280695,0.000000,1.152817,1.152817,200
1775042533220447493,1775042533220447493,1775042533222865127,0.000000,2.417634,2.417634,200
1775042533220999679,1775042533222865127,1775042533224834545,1.865448,1.969418,3.834866,200
1775042533228125525,1775042533228125525,1775042533228894424,0.000000,0.768899,0.768899,200
1775042533228218779,1775042533228894424,1775042533229738047,0.675645,0.843623,1.519268,200
1775042533229715690,1775042533229738047,1775042533230767802,0.022357,1.029755,1.052112,200
1775042533247159782,1775042533247159782,1775042533247814447,0.000000,0.654665,0.654665,200
1775042533297424282,1775042533297424282,1775042533298342538,0.000000,0.918256,0.918256,200
1775042533323509978,1775042533323509978,1775042533324199564,0.000000,0.689586,0.689586,200
1775042533337644283,1775042533337644283,1775042533338494006,0.000000,0.849723,0.849723,200
1775042533350995368,1775042533350995368,1775042533351438138,0.000000,0.442770,0.442770,200
1775042533356510564,1775042533356510564,1775042533357270448,0.000000,0.759884,0.759884,200
1775042533388161664,1775042533388161664,1775042533389058751,0.000000,0.897087,0.897087,200
1775042533406517438,1775042533406517438,1775042533407699633,0.000000,1.182195,1.182195,200
1775042533406667312,1775042533407699633,1775042533408419729,1.032321,0.720096,1.752417,200
1775042533415187392,1775042533415187392,1775042533415841296,0.000000,0.653904,0.653904,200
1775042533423008018,1775042533423008018,1775042533424396759,0.000000,1.388741,1.388741,200
1775042533425795810,1775042533425795810,1775042533426270895,0.000000,0.475085,0.475085,200
1775042533453026803,1775042533453026803,1775042533453925911,0.000000,0.899108,0.899108,200
1775042533453155546,1775042533453925911,1775042533454664564,0.770365,0.738653,1.509018,200
1775042533453251284,1775042533454664564,1775042533455210358,1.413280,0.545794,1.959074,200
1775042533467229227,1775042533467229227,1775042533467680617,0.000000,0.451390,0.451390,200
1775042533475505887,1775042533475505887,1775042533476167940,0.000000,0.662053,0.662053,200
1775042533484264210,1775042533484264210,1775042533485233683,0.000000,0.969473,0.969473,200
1775042533488475481,1775042533488475481,1775042533489308872,0.000000,0.833391,0.833391,200
1775042533492128164,1775042533492128164,1775042533492731628,0.000000,0.603464,0.603464,200
1775042533493181566,1775042533493181566,1775042533493994154,0.000000,0.812588,0.812588,200
1775042533494152956,1775042533494152956,1775042533494907480,0.000000,0.754524,0.754524,200
1775042533508097358,1775042533508097358,1775042533509078503,0.000000,0.981145,0.981145,200
1775042533519342512,1775042533519342512,1775042533520012623,0.000000,0.670111,0.670111,200
1775042533519443410,1775042533520012623,1775042533520448732,0.569213,0.436109,1.005322,200
1775042533519479892,1775042533520448732,1775042533520887778,0.968840,0.439046,1.407886,200
1775042533552960070,1775042533552960070,1775042533553582043,0.000000,0.621973,0.621973,200
1775042533587982107,1775042533587982107,1775042533588771230,0.000000,0.789123,0.789123,200
1775042533591609099,1775042533591609099,1775042533596606483,0.000000,4.997384,4.997384,200
1775042533594032084,1775042533596606483,1775042533597655219,2.574399,1.048736,3.623135,200
1775042533610251229,1775042533610251229,1775042533610688428,0.000000,0.437199,0.437199,200
1775042533614597826,1775042533614597826,1775042533615154491,0.000000,0.556665,0.556665,200
1775042533618005748,1775042533618005748,1775042533618646378,0.000000,0.640630,0.640630,200
1775042533625068358,1775042533625068358,1775042533625844715,0.000000,0.776357,0.776357,200
1775042533627245237,1775042533627245237,1775042533627723127,0.000000,0.477890,0.477890,200
1775042533628874836,1775042533628874836,1775042533629678478,0.000000,0.803642,0.803642,200
1775042533630828097,1775042533630828097,1775042533632671696,0.000000,1.843599,1.843599,200
1775042533632435638,1775042533632671696,1775042533633172973,0.236058,0.501277,0.737335,200
1775042533634926717,1775042533634926717,1775042533635472821,0.000000,0.546104,0.546104,200
1775042533636879996,1775042533636879996,1775042533637528572,0.000000,0.648576,0.648576,200
1775042533640468221,1775042533640468221,1775042533640983909,0.000000,0.515688,0.515688,200
1775042533642343639,1775042533642343639,1775042533642897847,0.000000,0.554208,0.554208,200
1775042533648939202,1775042533648939202,1775042533649608107,0.000000,0.668905,0.668905,200
1775042533663975837,1775042533663975837,1775042533667478314,0.000000,3.502477,3.502477,200
1775042533667461562,1775042533667478314,1775042533668150757,0.016752,0.672443,0.689195,200
1775042533679132989,1775042533679132989,1775042533680080180,0.000000,0.947191,0.947191,200
1775042533684364977,1775042533684364977,1775042533685068679,0.000000,0.703702,0.703702,200
1775042533685882621,1775042533685882621,1775042533686815738,0.000000,0.933117,0.933117,200
1775042533687495333,1775042533687495333,1775042533688270467,0.000000,0.775134,0.775134,200
1775042533689068036,1775042533689068036,1775042533690062871,0.000000,0.994835,0.994835,200
1775042533693118090,1775042533693118090,1775042533694709745,0.000000,1.591655,1.591655,200
1775042533693365016,1775042533694709745,1775042533695256440,1.344729,0.546695,1.891424,200
1775042533695778658,1775042533695778658,1775042533696635179,0.000000,0.856521,0.856521,200
1775042533697028028,1775042533697028028,1775042533697810755,0.000000,0.782727,0.782727,200
1775042533699469726,1775042533699469726,1775042533700285181,0.000000,0.815455,0.815455,200
1775042533699636885,1775042533700285181,1775042533702803322,0.648296,2.518141,3.166437,200
1775042533701110723,1775042533702803322,1775042533705251204,1.692599,2.447882,4.140481,200
1775042533702827624,1775042533705251204,1775042533706057862,2.423580,0.806658,3.230238,200
1775042533720513232,1775042533720513232,1775042533727023065,0.000000,6.509833,6.509833,200
1775042533721216464,1775042533727023065,1775042533727654991,5.806601,0.631926,6.438527,200
1775042533729276305,1775042533729276305,1775042533730476491,0.000000,1.200186,1.200186,200
1775042533734238904,1775042533734238904,1775042533734646411,0.000000,0.407507,0.407507,200
1775042533734335815,1775042533734646411,1775042533735112817,0.310596,0.466406,0.777002,200
1775042533736139721,1775042533736139721,1775042533737033226,0.000000,0.893505,0.893505,200
1775042533749346719,1775042533749346719,1775042533750336880,0.000000,0.990161,0.990161,200
1775042533750129182,1775042533750336880,1775042533751323841,0.207698,0.986961,1.194659,200
1775042533751387011,1775042533751387011,1775042533752269629,0.000000,0.882618,0.882618,200
1775042533802155717,1775042533802155717,1775042533806341063,0.000000,4.185346,4.185346,200
1775042533817288497,1775042533817288497,1775042533818046457,0.000000,0.757960,0.757960,200
1775042533866154521,1775042533866154521,1775042533867078578,0.000000,0.924057,0.924057,200
1775042533878919847,1775042533878919847,1775042533880573359,0.000000,1.653512,1.653512,200
1775042533891988477,1775042533891988477,1775042533892434434,0.000000,0.445957,0.445957,200
1775042533892102751,1775042533892434434,1775042533893089413,0.331683,0.654979,0.986662,200
1775042533893893453,1775042533893893453,1775042533896799741,0.000000,2.906288,2.906288,200
1775042533897193671,1775042533897193671,1775042533898484876,0.000000,1.291205,1.291205,200
1775042533899909860,1775042533899909860,1775042533903643246,0.000000,3.733386,3.733386,200
1775042533912237983,1775042533912237983,1775042533912892669,0.000000,0.654686,0.654686,200
1775042533915183315,1775042533915183315,1775042533916082150,0.000000,0.898835,0.898835,200
1775042533931833810,1775042533931833810,1775042533932424993,0.000000,0.591183,0.591183,200
1775042533932662951,1775042533932662951,1775042533933430601,0.000000,0.767650,0.767650,200
1775042533932745633,1775042533933430601,1775042533935781732,0.684968,2.351131,3.036099,200
1775042533932809880,1775042533935781732,1775042533936580335,2.971852,0.798603,3.770455,200
1775042533935850459,1775042533936580335,1775042533937237789,0.729876,0.657454,1.387330,200
1775042533940614006,1775042533940614006,1775042533941077987,0.000000,0.463981,0.463981,200
1775042533945569129,1775042533945569129,1775042533946079573,0.000000,0.510444,0.510444,200
1775042533945682472,1775042533946079573,1775042533947518476,0.397101,1.438903,1.836004,200
1775042533953380353,1775042533953380353,1775042533956508050,0.000000,3.127697,3.127697,200
1775042533957637946,1775042533957637946,1775042533958244179,0.000000,0.606233,0.606233,200
1775042533960436709,1775042533960436709,1775042533961393581,0.000000,0.956872,0.956872,200
1775042533972053685,1775042533972053685,1775042533972506111,0.000000,0.452426,0.452426,200
1775042533997205144,1775042533997205144,1775042534003475394,0.000000,6.270250,6.270250,200
1775042533999379921,1775042534003475394,1775042534004821398,4.095473,1.346004,5.441477,200
1775042534015281197,1775042534015281197,1775042534015998298,0.000000,0.717101,0.717101,200
1775042534015363509,1775042534015998298,1775042534016872415,0.634789,0.874117,1.508906,200
1775042534017145212,1775042534017145212,1775042534021349976,0.000000,4.204764,4.204764,200
1775042534017227905,1775042534021349976,1775042534021883483,4.122071,0.533507,4.655578,200
1775042534018293240,1775042534021883483,1775042534022557428,3.590243,0.673945,4.264188,200
1775042534023583664,1775042534023583664,1775042534024469779,0.000000,0.886115,0.886115,200
1775042534027312391,1775042534027312391,1775042534028075181,0.000000,0.762790,0.762790,200
1775042534027421005,1775042534028075181,1775042534028838532,0.654176,0.763351,1.417527,200
1775042534044885968,1775042534044885968,1775042534045651113,0.000000,0.765145,0.765145,200
1775042534054539017,1775042534054539017,1775042534055124007,0.000000,0.584990,0.584990,200
1775042534074977409,1775042534074977409,1775042534075382145,0.000000,0.404736,0.404736,200
1775042534079124103,1775042534079124103,1775042534079850481,0.000000,0.726378,0.726378,200
1775042534105048798,1775042534105048798,1775042534105588620,0.000000,0.539822,0.539822,200
1775042534113297730,1775042534113297730,1775042534125203433,0.000000,11.905703,11.905703,200
1775042534118343390,1775042534125203433,1775042534126335489,6.860043,1.132056,7.992099,200
1775042534118870033,1775042534126335489,1775042534127053611,7.465456,0.718122,8.183578,200
1775042534124026153,1775042534127053611,1775042534127724040,3.027458,0.670429,3.697887,200
1775042534152262450,1775042534152262450,1775042534152813715,0.000000,0.551265,0.551265,200
1775042534154848639,1775042534154848639,1775042534155377912,0.000000,0.529273,0.529273,200
1775042534155215430,1775042534155377912,1775042534156112085,0.162482,0.734173,0.896655,200
1775042534180898153,1775042534180898153,1775042534181630172,0.000000,0.732019,0.732019,200
1775042534181043960,1775042534181630172,1775042534185011197,0.586212,3.381025,3.967237,200
1775042534183023535,1775042534185011197,1775042534185639282,1.987662,0.628085,2.615747,200
1775042534185308007,1775042534185639282,1775042534186277627,0.331275,0.638345,0.969620,200
1775042534191540213,1775042534191540213,1775042534193152243,0.000000,1.612030,1.612030,200
1775042534212290855,1775042534212290855,1775042534217158070,0.000000,4.867215,4.867215,200
1775042534213441057,1775042534217158070,1775042534218052932,3.717013,0.894862,4.611875,200
1775042534233807602,1775042534233807602,1775042534234646632,0.000000,0.839030,0.839030,200
1775042534233880926,1775042534234646632,1775042534235609730,0.765706,0.963098,1.728804,200
1775042534244663937,1775042534244663937,1775042534245573711,0.000000,0.909774,0.909774,200
1775042534251886311,1775042534251886311,1775042534253044438,0.000000,1.158127,1.158127,200
1775042534262729897,1775042534262729897,1775042534264025454,0.000000,1.295557,1.295557,200
1775042534286914652,1775042534286914652,1775042534287351521,0.000000,0.436869,0.436869,200
1775042534288279276,1775042534288279276,1775042534288819646,0.000000,0.540370,0.540370,200
1775042534315797924,1775042534315797924,1775042534323243995,0.000000,7.446071,7.446071,200
1775042534333932514,1775042534333932514,1775042534334798045,0.000000,0.865531,0.865531,200
1775042534334006710,1775042534334798045,1775042534335507761,0.791335,0.709716,1.501051,200
1775042534335691663,1775042534335691663,1775042534336471806,0.000000,0.780143,0.780143,200
1775042534337819047,1775042534337819047,1775042534338487209,0.000000,0.668162,0.668162,200
1775042534343035455,1775042534343035455,1775042534343482965,0.000000,0.447510,0.447510,200
1775042534354516133,1775042534354516133,1775042534354878965,0.000000,0.362832,0.362832,200
1775042534368584780,1775042534368584780,1775042534369568429,0.000000,0.983649,0.983649,200
1775042534368645840,1775042534369568429,1775042534370171425,0.922589,0.602996,1.525585,200
1775042534396136170,1775042534396136170,1775042534396953279,0.000000,0.817109,0.817109,200
1775042534398946256,1775042534398946256,1775042534399598962,0.000000,0.652706,0.652706,200
1775042534399116080,1775042534399598962,1775042534400284452,0.482882,0.685490,1.168372,200
1775042534399189163,1775042534400284452,1775042534403320142,1.095289,3.035690,4.130979,200
1775042534400683121,1775042534403320142,1775042534404090226,2.637021,0.770084,3.407105,200
1775042534401477283,1775042534404090226,1775042534404858718,2.612943,0.768492,3.381435,200
1775042534427787311,1775042534427787311,1775042534428569683,0.000000,0.782372,0.782372,200
1775042534442928085,1775042534442928085,1775042534443530674,0.000000,0.602589,0.602589,200
1775042534443006439,1775042534443530674,1775042534444262943,0.524235,0.732269,1.256504,200
1775042534443060545,1775042534444262943,1775042534447143487,1.202398,2.880544,4.082942,200
1775042534445736267,1775042534447143487,1775042534449028555,1.407220,1.885068,3.292288,200
1775042534454665186,1775042534454665186,1775042534455554467,0.000000,0.889281,0.889281,200
1775042534456600570,1775042534456600570,1775042534457141473,0.000000,0.540903,0.540903,200
1775042534456881344,1775042534457141473,1775042534463480870,0.260129,6.339397,6.599526,200
1775042534457676928,1775042534463480870,1775042534464147104,5.803942,0.666234,6.470176,200
1775042534472668738,1775042534472668738,1775042534473768343,0.000000,1.099605,1.099605,200
1775042534493665737,1775042534493665737,1775042534494161042,0.000000,0.495305,0.495305,200
1775042534494130955,1775042534494161042,1775042534494914082,0.030087,0.753040,0.783127,200
1775042534495211676,1775042534495211676,1775042534496075871,0.000000,0.864195,0.864195,200
1775042534497092936,1775042534497092936,1775042534501198066,0.000000,4.105130,4.105130,200
1775042534508601060,1775042534508601060,1775042534509356118,0.000000,0.755058,0.755058,200
1775042534509967133,1775042534509967133,1775042534510637188,0.000000,0.670055,0.670055,200
1775042534512948997,1775042534512948997,1775042534513833046,0.000000,0.884049,0.884049,200
1775042534516076441,1775042534516076441,1775042534516647044,0.000000,0.570603,0.570603,200
1775042534516167711,1775042534516647044,1775042534517166335,0.479333,0.519291,0.998624,200
1775042534524418356,1775042534524418356,1775042534525196855,0.000000,0.778499,0.778499,200
1775042534555475729,1775042534555475729,1775042534556137109,0.000000,0.661380,0.661380,200
1775042534592821972,1775042534592821972,1775042534594466954,0.000000,1.644982,1.644982,200
1775042534592915886,1775042534594466954,1775042534595139187,1.551068,0.672233,2.223301,200
1775042534595468191,1775042534595468191,1775042534596119723,0.000000,0.651532,0.651532,200
1775042534596030279,1775042534596119723,1775042534596833987,0.089444,0.714264,0.803708,200
1775042534603426792,1775042534603426792,1775042534604119909,0.000000,0.693117,0.693117,200
1775042534605006799,1775042534605006799,1775042534605856460,0.000000,0.849661,0.849661,200
1775042534620351798,1775042534620351798,1775042534621264482,0.000000,0.912684,0.912684,200
1775042534630879009,1775042534630879009,1775042534631433221,0.000000,0.554212,0.554212,200
1775042534633720907,1775042534633720907,1775042534634129810,0.000000,0.408903,0.408903,200
1775042534648234927,1775042534648234927,1775042534649548017,0.000000,1.313090,1.313090,200
1775042534649995810,1775042534649995810,1775042534652608538,0.000000,2.612728,2.612728,200
1775042534653039265,1775042534653039265,1775042534653652435,0.000000,0.613170,0.613170,200
1775042534653223289,1775042534653652435,1775042534654367442,0.429146,0.715007,1.144153,200
1775042534664849530,1775042534664849530,1775042534665419911,0.000000,0.570381,0.570381,200
1775042534664911452,1775042534665419911,1775042534665957498,0.508459,0.537587,1.046046,200
1775042534664956511,1775042534665957498,1775042534667284883,1.000987,1.327385,2.328372,200
1775042534693388172,1775042534693388172,1775042534693885331,0.000000,0.497159,0.497159,200
1775042534695785807,1775042534695785807,1775042534701805589,0.000000,6.019782,6.019782,200
1775042534698063675,1775042534701805589,1775042534703531010,3.741914,1.725421,5.467335,200
1775042534698187649,1775042534703531010,1775042534705905040,5.343361,2.374030,7.717391,200
1775042534698751417,1775042534705905040,1775042534707204423,7.153623,1.299383,8.453006,200
1775042534724294726,1775042534724294726,1775042534724945174,0.000000,0.650448,0.650448,200
1775042534727709942,1775042534727709942,1775042534737861530,0.000000,10.151588,10.151588,200
1775042534735723475,1775042534737861530,1775042534738602347,2.138055,0.740817,2.878872,200
1775042534738063146,1775042534738602347,1775042534739312333,0.539201,0.709986,1.249187,200
1775042534744251645,1775042534744251645,1775042534744994450,0.000000,0.742805,0.742805,200
1775042534783655343,1775042534783655343,1775042534784362683,0.000000,0.707340,0.707340,200
1775042534812720197,1775042534812720197,1775042534813588245,0.000000,0.868048,0.868048,200
1775042534816780148,1775042534816780148,1775042534817326405,0.000000,0.546257,0.546257,200
1775042534818293027,1775042534818293027,1775042534818985940,0.000000,0.692913,0.692913,200
1775042534821439555,1775042534821439555,1775042534822152759,0.000000,0.713204,0.713204,200
1775042534823883187,1775042534823883187,1775042534825272394,0.000000,1.389207,1.389207,200
1775042534825922157,1775042534825922157,1775042534826821801,0.000000,0.899644,0.899644,200
1775042534827372533,1775042534827372533,1775042534828988849,0.000000,1.616316,1.616316,200
1775042534828074412,1775042534828988849,1775042534831865685,0.914437,2.876836,3.791273,200
1775042534853502732,1775042534853502732,1775042534854294491,0.000000,0.791759,0.791759,200
1775042534863031190,1775042534863031190,1775042534863619936,0.000000,0.588746,0.588746,200
1775042534864255177,1775042534864255177,1775042534866431274,0.000000,2.176097,2.176097,200
1775042534869102173,1775042534869102173,1775042534869516839,0.000000,0.414666,0.414666,200
1775042534895280171,1775042534895280171,1775042534895974698,0.000000,0.694527,0.694527,200
1775042534899478367,1775042534899478367,1775042534900263204,0.000000,0.784837,0.784837,200
1775042534906979267,1775042534906979267,1775042534908431155,0.000000,1.451888,1.451888,200
1775042534918815921,1775042534918815921,1775042534919513753,0.000000,0.697832,0.697832,200
1775042534927452394,1775042534927452394,1775042534928281073,0.000000,0.828679,0.828679,200
1775042534931260006,1775042534931260006,1775042534932013087,0.000000,0.753081,0.753081,200
1775042534952830464,1775042534952830464,1775042534953808023,0.000000,0.977559,0.977559,200
1775042534952873819,1775042534953808023,1775042534954316162,0.934204,0.508139,1.442343,200
1775042534963515954,1775042534963515954,1775042534964232163,0.000000,0.716209,0.716209,200
1775042534970305648,1775042534970305648,1775042534972174591,0.000000,1.868943,1.868943,200
1775042534970624722,1775042534972174591,1775042534972921219,1.549869,0.746628,2.296497,200
1775042534973305739,1775042534973305739,1775042534974166182,0.000000,0.860443,0.860443,200
1775042535004206340,1775042535004206340,1775042535004970313,0.000000,0.763973,0.763973,200
1775042535006460032,1775042535006460032,1775042535007025305,0.000000,0.565273,0.565273,200
1775042535008253178,1775042535008253178,1775042535009164143,0.000000,0.910965,0.910965,200
1775042535008447951,1775042535009164143,1775042535009635751,0.716192,0.471608,1.187800,200
1775042535008619819,1775042535009635751,1775042535010539219,1.015932,0.903468,1.919400,200
1775042535008674867,1775042535010539219,1775042535015380358,1.864352,4.841139,6.705491,200
1775042535010027407,1775042535015380358,1775042535016054814,5.352951,0.674456,6.027407,200
1775042535012456980,1775042535016054814,1775042535016746734,3.597834,0.691920,4.289754,200
1775042535022682868,1775042535022682868,1775042535023816724,0.000000,1.133856,1.133856,200
1775042535025441373,1775042535025441373,1775042535026028526,0.000000,0.587153,0.587153,200
1775042535051578161,1775042535051578161,1775042535052110718,0.000000,0.532557,0.532557,200
1775042535052110498,1775042535052110718,1775042535052876136,0.000220,0.765418,0.765638,200
1775042535061213108,1775042535061213108,1775042535061947742,0.000000,0.734634,0.734634,200
1775042535129134761,1775042535129134761,1775042535130000715,0.000000,0.865954,0.865954,200
1775042535131251076,1775042535131251076,1775042535132714903,0.000000,1.463827,1.463827,200
1775042535134513473,1775042535134513473,1775042535134960191,0.000000,0.446718,0.446718,200
1775042535149727150,1775042535149727150,1775042535150154410,0.000000,0.427260,0.427260,200
1775042535153293860,1775042535153293860,1775042535153981320,0.000000,0.687460,0.687460,200
1775042535160565113,1775042535160565113,1775042535161734232,0.000000,1.169119,1.169119,200
1775042535160671803,1775042535161734232,1775042535162680569,1.062429,0.946337,2.008766,200
1775042535160736911,1775042535162680569,1775042535163505150,1.943658,0.824581,2.768239,200
1775042535162143206,1775042535163505150,1775042535163897151,1.361944,0.392001,1.753945,200
1775042535167702313,1775042535167702313,1775042535168370308,0.000000,0.667995,0.667995,200
1775042535184294983,1775042535184294983,1775042535184792709,0.000000,0.497726,0.497726,200
1775042535185993593,1775042535185993593,1775042535186709771,0.000000,0.716178,0.716178,200
1775042535203018082,1775042535203018082,1775042535204062526,0.000000,1.044444,1.044444,200
1775042535204504705,1775042535204504705,1775042535205250912,0.000000,0.746207,0.746207,200
1775042535204726814,1775042535205250912,1775042535205881952,0.524098,0.631040,1.155138,200
1775042535213375293,1775042535213375293,1775042535214083348,0.000000,0.708055,0.708055,200
1775042535213845378,1775042535214083348,1775042535214688061,0.237970,0.604713,0.842683,200
1775042535231954299,1775042535231954299,1775042535232697704,0.000000,0.743405,0.743405,200
1775042535234875424,1775042535234875424,1775042535235604629,0.000000,0.729205,0.729205,200
1775042535236728488,1775042535236728488,1775042535237371140,0.000000,0.642652,0.642652,200
1775042535240005237,1775042535240005237,1775042535242560414,0.000000,2.555177,2.555177,200
1775042535242921762,1775042535242921762,1775042535243554326,0.000000,0.632564,0.632564,200
1775042535251647196,1775042535251647196,1775042535252443493,0.000000,0.796297,0.796297,200
1775042535255682530,1775042535255682530,1775042535256465449,0.000000,0.782919,0.782919,200
1775042535268002984,1775042535268002984,1775042535268678162,0.000000,0.675178,0.675178,200
1775042535292531583,1775042535292531583,1775042535293017168,0.000000,0.485585,0.485585,200
1775042535292758416,1775042535293017168,1775042535293809938,0.258752,0.792770,1.051522,200
1775042535292828173,1775042535293809938,1775042535294421502,0.981765,0.611564,1.593329,200
1775042535293462791,1775042535294421502,1775042535296225309,0.958711,1.803807,2.762518,200
1775042535293529382,1775042535296225309,1775042535297042601,2.695927,0.817292,3.513219,200
1775042535299011266,1775042535299011266,1775042535302636870,0.000000,3.625604,3.625604,200
1775042535304569927,1775042535304569927,1775042535305309871,0.000000,0.739944,0.739944,200
1775042535304632140,1775042535305309871,1775042535311257445,0.677731,5.947574,6.625305,200
1775042535308483894,1775042535311257445,1775042535312060885,2.773551,0.803440,3.576991,200
1775042535310648572,1775042535312060885,1775042535312784809,1.412313,0.723924,2.136237,200
1775042535310717738,1775042535312784809,1775042535313418715,2.067071,0.633906,2.700977,200
1775042535313305937,1775042535313418715,1775042535313858640,0.112778,0.439925,0.552703,200
1775042535357833285,1775042535357833285,1775042535359450083,0.000000,1.616798,1.616798,200
1775042535358317928,1775042535359450083,1775042535360270256,1.132155,0.820173,1.952328,200
1775042535359029198,1775042535360270256,1775042535361174721,1.241058,0.904465,2.145523,200
1775042535373676204,1775042535373676204,1775042535374196086,0.000000,0.519882,0.519882,200
1775042535373747805,1775042535374196086,1775042535375414528,0.448281,1.218442,1.666723,200
1775042535391336280,1775042535391336280,1775042535392054833,0.000000,0.718553,0.718553,200
1775042535419299682,1775042535419299682,1775042535420905389,0.000000,1.605707,1.605707,200
1775042535431426888,1775042535431426888,1775042535432115031,0.000000,0.688143,0.688143,200
1775042535432806321,1775042535432806321,1775042535433827920,0.000000,1.021599,1.021599,200
1775042535433942375,1775042535433942375,1775042535434457399,0.000000,0.515024,0.515024,200
1775042535436633487,1775042535436633487,1775042535437396838,0.000000,0.763351,0.763351,200
1775042535438923801,1775042535438923801,1775042535439803060,0.000000,0.879259,0.879259,200
1775042535438984450,1775042535439803060,1775042535440478852,0.818610,0.675792,1.494402,200
1775042535454348993,1775042535454348993,1775042535455117098,0.000000,0.768105,0.768105,200
1775042535457609975,1775042535457609975,1775042535458400780,0.000000,0.790805,0.790805,200
1775042535459292945,1775042535459292945,1775042535459731357,0.000000,0.438412,0.438412,200
1775042535461501468,1775042535461501468,1775042535462264819,0.000000,0.763351,0.763351,200
1775042535464105068,1775042535464105068,1775042535464974099,0.000000,0.869031,0.869031,200
1775042535464374207,1775042535464974099,1775042535465498317,0.599892,0.524218,1.124110,200
1775042535466978879,1775042535466978879,1775042535467785890,0.000000,0.807011,0.807011,200
1775042535485698139,1775042535485698139,1775042535486396089,0.000000,0.697950,0.697950,200
1775042535486329250,1775042535486396089,1775042535487101901,0.066839,0.705812,0.772651,200
1775042535501165711,1775042535501165711,1775042535501812412,0.000000,0.646701,0.646701,200
1775042535518184025,1775042535518184025,1775042535518908740,0.000000,0.724715,0.724715,200
1775042535518248191,1775042535518908740,1775042535519737889,0.660549,0.829149,1.489698,200
1775042535522331000,1775042535522331000,1775042535522958885,0.000000,0.627885,0.627885,200
1775042535549277502,1775042535549277502,1775042535550184930,0.000000,0.907428,0.907428,200
1775042535549347890,1775042535550184930,1775042535550856702,0.837040,0.671772,1.508812,200
1775042535549388811,1775042535550856702,1775042535551852907,1.467891,0.996205,2.464096,200
1775042535549488386,1775042535551852907,1775042535552306779,2.364521,0.453872,2.818393,200
1775042535552116575,1775042535552306779,1775042535553277756,0.190204,0.970977,1.161181,200
1775042535552403760,1775042535553277756,1775042535553835242,0.873996,0.557486,1.431482,200
1775042535552611789,1775042535553835242,1775042535554435635,1.223453,0.600393,1.823846,200
1775042535552673710,1775042535554435635,1775042535554886343,1.761925,0.450708,2.212633,200
1775042535586219455,1775042535586219455,1775042535588291920,0.000000,2.072465,2.072465,200
1775042535586447984,1775042535588291920,1775042535588837582,1.843936,0.545662,2.389598,200
1775042535589356854,1775042535589356854,1775042535590708172,0.000000,1.351318,1.351318,200
1775042535616817966,1775042535616817966,1775042535617683551,0.000000,0.865585,0.865585,200
1775042535636981828,1775042535636981828,1775042535637751508,0.000000,0.769680,0.769680,200
1775042535637054651,1775042535637751508,1775042535639064027,0.696857,1.312519,2.009376,200
1775042535649461662,1775042535649461662,1775042535650256656,0.000000,0.794994,0.794994,200
1775042535677042226,1775042535677042226,1775042535677792899,0.000000,0.750673,0.750673,200
1775042535686380031,1775042535686380031,1775042535687106189,0.000000,0.726158,0.726158,200
1775042535711460031,1775042535711460031,1775042535712255860,0.000000,0.795829,0.795829,200
1775042535712369477,1775042535712369477,1775042535712903149,0.000000,0.533672,0.533672,200
1775042535717659080,1775042535717659080,1775042535719455918,0.000000,1.796838,1.796838,200
1775042535720275736,1775042535720275736,1775042535720719080,0.000000,0.443344,0.443344,200
1775042535722318964,1775042535722318964,1775042535723162112,0.000000,0.843148,0.843148,200
1775042535758659650,1775042535758659650,1775042535759414395,0.000000,0.754745,0.754745,200
1775042535761130118,1775042535761130118,1775042535761841896,0.000000,0.711778,0.711778,200
1775042535795824401,1775042535795824401,1775042535796602189,0.000000,0.777788,0.777788,200
1775042535800981053,1775042535800981053,1775042535802080658,0.000000,1.099605,1.099605,200
1775042535801331252,1775042535802080658,1775042535802776474,0.749406,0.695816,1.445222,200
1775042535816053956,1775042535816053956,1775042535817403927,0.000000,1.349971,1.349971,200
1775042535816134715,1775042535817403927,1775042535818064508,1.269212,0.660581,1.929793,200
1775042535816185314,1775042535818064508,1775042535818667972,1.879194,0.603464,2.482658,200
1775042535817701786,1775042535818667972,1775042535819316717,0.966186,0.648745,1.614931,200
1775042535838319652,1775042535838319652,1775042535838805718,0.000000,0.486066,0.486066,200
1775042535842068403,1775042535842068403,1775042535842723464,0.000000,0.655061,0.655061,200
1775042535872806170,1775042535872806170,1775042535873480404,0.000000,0.674234,0.674234,200
1775042535894875244,1775042535894875244,1775042535895640389,0.000000,0.765145,0.765145,200
1775042535894947025,1775042535895640389,1775042535897610286,0.693364,1.969897,2.663261,200
1775042535896196963,1775042535897610286,1775042535898364720,1.413323,0.754434,2.167757,200
1775042535911888605,1775042535911888605,1775042535912604725,0.000000,0.716120,0.716120,200
1775042535914459641,1775042535914459641,1775042535915252564,0.000000,0.792923,0.792923,200
1775042535915674240,1775042535915674240,1775042535916225733,0.000000,0.551493,0.551493,200
1775042535916951481,1775042535916951481,1775042535917784318,0.000000,0.832837,0.832837,200
1775042535917021078,1775042535917784318,1775042535918175978,0.763240,0.391660,1.154900,200
1775042535947032845,1775042535947032845,1775042535947667963,0.000000,0.635118,0.635118,200
1775042535967247579,1775042535967247579,1775042535967734128,0.000000,0.486549,0.486549,200
1775042535978209134,1775042535978209134,1775042535978836696,0.000000,0.627562,0.627562,200
1775042535982658604,1775042535982658604,1775042535983400204,0.000000,0.741600,0.741600,200
1775042535985464171,1775042535985464171,1775042535986060204,0.000000,0.596033,0.596033,200
1775042535987697489,1775042535987697489,1775042535990042993,0.000000,2.345504,2.345504,200
1775042535990624608,1775042535990624608,1775042535991638771,0.000000,1.014163,1.014163,200
1775042535992449316,1775042535992449316,1775042535993266100,0.000000,0.816784,0.816784,200
1775042535993962903,1775042535993962903,1775042535994428729,0.000000,0.465826,0.465826,200
1775042535995539784,1775042535995539784,1775042535996536564,0.000000,0.996780,0.996780,200
1775042535996760344,1775042535996760344,1775042535997534587,0.000000,0.774243,0.774243,200
1775042535998535505,1775042535998535505,1775042535999294988,0.000000,0.759483,0.759483,200
1775042535999704624,1775042535999704624,1775042536000466443,0.000000,0.761819,0.761819,200
1775042536000848433,1775042536000848433,1775042536001335270,0.000000,0.486837,0.486837,200
1775042536001061462,1775042536001335270,1775042536001912462,0.273808,0.577192,0.851000,200
1775042536002164181,1775042536002164181,1775042536002695084,0.000000,0.530903,0.530903,200
1775042536003385272,1775042536003385272,1775042536004137195,0.000000,0.751923,0.751923,200
1775042536006664427,1775042536006664427,1775042536010376569,0.000000,3.712142,3.712142,200
1775042536008402468,1775042536010376569,1775042536011015575,1.974101,0.639006,2.613107,200
1775042536012257366,1775042536012257366,1775042536013047540,0.000000,0.790174,0.790174,200
1775042536016860338,1775042536016860338,1775042536017833335,0.000000,0.972997,0.972997,200
1775042536020217734,1775042536020217734,1775042536020879019,0.000000,0.661285,0.661285,200
1775042536022770714,1775042536022770714,1775042536023476629,0.000000,0.705915,0.705915,200
1775042536024717860,1775042536024717860,1775042536025531551,0.000000,0.813691,0.813691,200
1775042536025860548,1775042536025860548,1775042536026642345,0.000000,0.781797,0.781797,200
1775042536027219408,1775042536027219408,1775042536027944373,0.000000,0.724965,0.724965,200
1775042536028269182,1775042536028269182,1775042536030376229,0.000000,2.107047,2.107047,200
1775042536029403613,1775042536030376229,1775042536031010357,0.972616,0.634128,1.606744,200
1775042536029554149,1775042536031010357,1775042536031873344,1.456208,0.862987,2.319195,200
1775042536047616713,1775042536047616713,1775042536048386557,0.000000,0.769844,0.769844,200
1775042536053832732,1775042536053832732,1775042536057300261,0.000000,3.467529,3.467529,200
1775042536137725408,1775042536137725408,1775042536138503107,0.000000,0.777699,0.777699,200
1775042536140212720,1775042536140212720,1775042536141734273,0.000000,1.521553,1.521553,200
1775042536143370923,1775042536143370923,1775042536144085840,0.000000,0.714917,0.714917,200
1775042536143463935,1775042536144085840,1775042536144753652,0.621905,0.667812,1.289717,200
1775042536166837370,1775042536166837370,1775042536167492217,0.000000,0.654847,0.654847,200
1775042536172083273,1775042536172083273,1775042536173435530,0.000000,1.352257,1.352257,200
1775042536173473208,1775042536173473208,1775042536174210231,0.000000,0.737023,0.737023,200
1775042536181118953,1775042536181118953,1775042536181860481,0.000000,0.741528,0.741528,200
1775042536181232176,1775042536181860481,1775042536187487307,0.628305,5.626826,6.255131,200
1775042536215482229,1775042536215482229,1775042536215878900,0.000000,0.396671,0.396671,200
1775042536216469871,1775042536216469871,1775042536217095091,0.000000,0.625220,0.625220,200
1775042536224742525,1775042536224742525,1775042536225538944,0.000000,0.796419,0.796419,200
1775042536226697274,1775042536226697274,1775042536227427277,0.000000,0.730003,0.730003,200
1775042536226836949,1775042536227427277,1775042536228258394,0.590328,0.831117,1.421445,200
1775042536241669823,1775042536241669823,1775042536242349764,0.000000,0.679941,0.679941,200
1775042536243788864,1775042536243788864,1775042536245563324,0.000000,1.774460,1.774460,200
1775042536273911385,1775042536273911385,1775042536274381772,0.000000,0.470387,0.470387,200
1775042536278637123,1775042536278637123,1775042536284051854,0.000000,5.414731,5.414731,200
1775042536303567445,1775042536303567445,1775042536304276619,0.000000,0.709174,0.709174,200
1775042536312650560,1775042536312650560,1775042536313289787,0.000000,0.639227,0.639227,200
1775042536313757407,1775042536313757407,1775042536314336145,0.000000,0.578738,0.578738,200
1775042536319205089,1775042536319205089,1775042536319901658,0.000000,0.696569,0.696569,200
1775042536324195813,1775042536324195813,1775042536334732739,0.000000,10.536926,10.536926,200
1775042536324323614,1775042536334732739,1775042536335404635,10.409125,0.671896,11.081021,200
1775042536338020806,1775042536338020806,1775042536338923000,0.000000,0.902194,0.902194,200
1775042536361024918,1775042536361024918,1775042536361807047,0.000000,0.782129,0.782129,200
1775042536361083303,1775042536361807047,1775042536362558048,0.723744,0.751001,1.474745,200
1775042536391887559,1775042536391887559,1775042536396566509,0.000000,4.678950,4.678950,200
1775042536392204372,1775042536396566509,1775042536397696481,4.362137,1.129972,5.492109,200
1775042536415769408,1775042536415769408,1775042536416495718,0.000000,0.726310,0.726310,200
1775042536423087108,1775042536423087108,1775042536424077987,0.000000,0.990879,0.990879,200
1775042536424812341,1775042536424812341,1775042536428109272,0.000000,3.296931,3.296931,200
1775042536425571314,1775042536428109272,1775042536428977468,2.537958,0.868196,3.406154,200
1775042536426996115,1775042536428977468,1775042536430010462,1.981353,1.032994,3.014347,200
1775042536429642812,1775042536430010462,1775042536434645387,0.367650,4.634925,5.002575,200
1775042536456270987,1775042536456270987,1775042536459502003,0.000000,3.231016,3.231016,200
1775042536459194848,1775042536459502003,1775042536460094318,0.307155,0.592315,0.899470,200
1775042536459567481,1775042536460094318,1775042536461006210,0.526837,0.911892,1.438729,200
1775042536461485182,1775042536461485182,1775042536461905068,0.000000,0.419886,0.419886,200
1775042536463815595,1775042536463815595,1775042536464795599,0.000000,0.980004,0.980004,200
1775042536469070969,1775042536469070969,1775042536469803402,0.000000,0.732433,0.732433,200
1775042536474903304,1775042536474903304,1775042536475652259,0.000000,0.748955,0.748955,200
1775042536479215119,1775042536479215119,1775042536480064842,0.000000,0.849723,0.849723,200
1775042536479860538,1775042536480064842,1775042536481810537,0.204304,1.745695,1.949999,200
1775042536491210217,1775042536491210217,1775042536491888360,0.000000,0.678143,0.678143,200
1775042536491301236,1775042536491888360,1775042536497672198,0.587124,5.783838,6.370962,200
1775042536494294380,1775042536497672198,1775042536498648658,3.377818,0.976460,4.354278,200
1775042536540627917,1775042536540627917,1775042536542482305,0.000000,1.854388,1.854388,200
1775042536540715710,1775042536542482305,1775042536543108206,1.766595,0.625901,2.392496,200
1775042536540760548,1775042536543108206,1775042536544387765,2.347658,1.279559,3.627217,200
1775042536540799725,1775042536544387765,1775042536545369562,3.588040,0.981797,4.569837,200
1775042536542320946,1775042536545369562,1775042536546359331,3.048616,0.989769,4.038385,200
1775042536543563981,1775042536546359331,1775042536547056041,2.795350,0.696710,3.492060,200
1775042536543623277,1775042536547056041,1775042536547737649,3.432764,0.681608,4.114372,200
1775042536545379731,1775042536547737649,1775042536548431024,2.357918,0.693375,3.051293,200
1775042536569586398,1775042536569586398,1775042536570932993,0.000000,1.346595,1.346595,200
1775042536572792383,1775042536572792383,1775042536575115602,0.000000,2.323219,2.323219,200
1775042536573512669,1775042536575115602,1775042536576304220,1.602933,1.188618,2.791551,200
1775042536594295020,1775042536594295020,1775042536595984399,0.000000,1.689379,1.689379,200
1775042536594578076,1775042536595984399,1775042536596494453,1.406323,0.510054,1.916377,200
1775042536595760361,1775042536596494453,1775042536597420594,0.734092,0.926141,1.660233,200
1775042536605688724,1775042536605688724,1775042536606405172,0.000000,0.716448,0.716448,200
1775042536605829964,1775042536606405172,1775042536609123837,0.575208,2.718665,3.293873,200
1775042536622212631,1775042536622212631,1775042536622880999,0.000000,0.668368,0.668368,200
1775042536631959909,1775042536631959909,1775042536633297259,0.000000,1.337350,1.337350,200
1775042536643938351,1775042536643938351,1775042536645607162,0.000000,1.668811,1.668811,200
1775042536646153857,1775042536646153857,1775042536646651245,0.000000,0.497388,0.497388,200
1775042536648154912,1775042536648154912,1775042536649180934,0.000000,1.026022,1.026022,200
1775042536651919991,1775042536651919991,1775042536652657982,0.000000,0.737991,0.737991,200
1775042536652005139,1775042536652657982,1775042536653145120,0.652843,0.487138,1.139981,200
1775042536652059906,1775042536653145120,1775042536653791110,1.085214,0.645990,1.731204,200
1775042536652111378,1775042536653791110,1775042536654509455,1.679732,0.718345,2.398077,200
1775042536652638344,1775042536654509455,1775042536655254525,1.871111,0.745070,2.616181,200
1775042536652709313,1775042536655254525,1775042536656129538,2.545212,0.875013,3.420225,200
1775042536652757829,1775042536656129538,1775042536656960153,3.371709,0.830615,4.202324,200
1775042536663294394,1775042536663294394,1775042536664249566,0.000000,0.955172,0.955172,200
1775042536693910726,1775042536693910726,1775042536694687476,0.000000,0.776750,0.776750,200
1775042536700223084,1775042536700223084,1775042536700926254,0.000000,0.703170,0.703170,200
1775042536701760778,1775042536701760778,1775042536702541344,0.000000,0.780566,0.780566,200
1775042536736243739,1775042536736243739,1775042536736991971,0.000000,0.748232,0.748232,200
1775042536741261636,1775042536741261636,1775042536743696560,0.000000,2.434924,2.434924,200
1775042536801407593,1775042536801407593,1775042536802309979,0.000000,0.902386,0.902386,200
1775042536805612704,1775042536805612704,1775042536806457475,0.000000,0.844771,0.844771,200
1775042536805705637,1775042536806457475,1775042536807320953,0.751838,0.863478,1.615316,200
1775042536813943565,1775042536813943565,1775042536814583593,0.000000,0.640028,0.640028,200
1775042536814043321,1775042536814583593,1775042536821057244,0.540272,6.473651,7.013923,200
1775042536814364092,1775042536821057244,1775042536821496560,6.693152,0.439316,7.132468,200
1775042536815878530,1775042536821496560,1775042536823712680,5.618030,2.216120,7.834150,200
1775042536815940963,1775042536823712680,1775042536825324223,7.771717,1.611543,9.383260,200
1775042536819801326,1775042536825324223,1775042536825848529,5.522897,0.524306,6.047203,200
1775042536823505953,1775042536825848529,1775042536826509789,2.342576,0.661260,3.003836,200
1775042536827003492,1775042536827003492,1775042536827559465,0.000000,0.555973,0.555973,200
1775042536827228083,1775042536827559465,1775042536828278498,0.331382,0.719033,1.050415,200
1775042536832723846,1775042536832723846,1775042536833310742,0.000000,0.586896,0.586896,200
1775042536837491485,1775042536837491485,1775042536839274134,0.000000,1.782649,1.782649,200
1775042536854749383,1775042536854749383,1775042536857300959,0.000000,2.551576,2.551576,200
1775042536854953625,1775042536857300959,1775042536858132716,2.347334,0.831757,3.179091,200
1775042536860635758,1775042536860635758,1775042536861160923,0.000000,0.525165,0.525165,200
1775042536864564093,1775042536864564093,1775042536865271123,0.000000,0.707030,0.707030,200
1775042536866163675,1775042536866163675,1775042536866652556,0.000000,0.488881,0.488881,200
1775042536890835867,1775042536890835867,1775042536891415728,0.000000,0.579861,0.579861,200
1775042536908321758,1775042536908321758,1775042536909009210,0.000000,0.687452,0.687452,200
1775042536908432226,1775042536909009210,1775042536909477963,0.576984,0.468753,1.045737,200
1775042536911088754,1775042536911088754,1775042536917036328,0.000000,5.947574,5.947574,200
1775042536917406474,1775042536917406474,1775042536918143892,0.000000,0.737418,0.737418,200
1775042536917504947,1775042536918143892,1775042536919871724,0.638945,1.727832,2.366777,200
1775042536920604677,1775042536920604677,1775042536921516830,0.000000,0.912153,0.912153,200
1775042536923314757,1775042536923314757,1775042536924011868,0.000000,0.697111,0.697111,200
1775042536940458287,1775042536940458287,1775042536941681592,0.000000,1.223305,1.223305,200
1775042536945602503,1775042536945602503,1775042536946270548,0.000000,0.668045,0.668045,200
1775042536948608742,1775042536948608742,1775042536949411322,0.000000,0.802580,0.802580,200
1775042536953503801,1775042536953503801,1775042536954273481,0.000000,0.769680,0.769680,200
1775042536958780800,1775042536958780800,1775042536960319336,0.000000,1.538536,1.538536,200
1775042536966305918,1775042536966305918,1775042536966988564,0.000000,0.682646,0.682646,200
1775042536966532784,1775042536966988564,1775042536967971304,0.455780,0.982740,1.438520,200
1775042536972984097,1775042536972984097,1775042536973707830,0.000000,0.723733,0.723733,200
1775042536984611011,1775042536984611011,1775042536985305946,0.000000,0.694935,0.694935,200
1775042536985422076,1775042536985422076,1775042536986012618,0.000000,0.590542,0.590542,200
1775042536985529747,1775042536986012618,1775042536986731385,0.482871,0.718767,1.201638,200
1775042536986361663,1775042536986731385,1775042536987278794,0.369722,0.547409,0.917131,200
1775042536986560234,1775042536987278794,1775042536988064239,0.718560,0.785445,1.504005,200
1775042537002243204,1775042537002243204,1775042537003074389,0.000000,0.831185,0.831185,200
1775042537003602888,1775042537003602888,1775042537005939073,0.000000,2.336185,2.336185,200
1775042537006340010,1775042537006340010,1775042537007248807,0.000000,0.908797,0.908797,200
1775042537006548490,1775042537007248807,1775042537007985128,0.700317,0.736321,1.436638,200
1775042537008365163,1775042537008365163,1775042537009017530,0.000000,0.652367,0.652367,200
1775042537028192544,1775042537028192544,1775042537028594833,0.000000,0.402289,0.402289,200
1775042537067858055,1775042537067858055,1775042537068284443,0.000000,0.426388,0.426388,200
1775042537068731994,1775042537068731994,1775042537069266523,0.000000,0.534529,0.534529,200
1775042537088045123,1775042537088045123,1775042537088811514,0.000000,0.766391,0.766391,200
1775042537094293190,1775042537094293190,1775042537094930812,0.000000,0.637622,0.637622,200
1775042537106330755,1775042537106330755,1775042537106802212,0.000000,0.471457,0.471457,200
1775042537110983884,1775042537110983884,1775042537111335385,0.000000,0.351501,0.351501,200
1775042537136014044,1775042537136014044,1775042537136782215,0.000000,0.768171,0.768171,200
1775042537140887046,1775042537140887046,1775042537141251784,0.000000,0.364738,0.364738,200
1775042537165682226,1775042537165682226,1775042537166298719,0.000000,0.616493,0.616493,200
1775042537166906453,1775042537166906453,1775042537167523316,0.000000,0.616863,0.616863,200
1775042537168630223,1775042537168630223,1775042537170798566,0.000000,2.168343,2.168343,200
1775042537168806680,1775042537170798566,1775042537171468995,1.991886,0.670429,2.662315,200
1775042537170258229,1775042537171468995,1775042537172133790,1.210766,0.664795,1.875561,200
1775042537171016300,1775042537172133790,1775042537172726789,1.117490,0.592999,1.710489,200
1775042537175719686,1775042537175719686,1775042537177089545,0.000000,1.369859,1.369859,200
1775042537175918036,1775042537177089545,1775042537177749182,1.171509,0.659637,1.831146,200
1775042537175980569,1775042537177749182,1775042537178681818,1.768613,0.932636,2.701249,200
1775042537176445434,1775042537178681818,1775042537179448153,2.236384,0.766335,3.002719,200
1775042537188187983,1775042537188187983,1775042537188946784,0.000000,0.758801,0.758801,200
1775042537188492011,1775042537188946784,1775042537189612021,0.454773,0.665237,1.120010,200
1775042537248853503,1775042537248853503,1775042537249829997,0.000000,0.976494,0.976494,200
1775042537264562477,1775042537264562477,1775042537265120153,0.000000,0.557676,0.557676,200
1775042537267385959,1775042537267385959,1775042537268555078,0.000000,1.169119,1.169119,200
1775042537267458071,1775042537268555078,1775042537269591524,1.097007,1.036446,2.133453,200
1775042537269154778,1775042537269591524,1775042537272532586,0.436746,2.941062,3.377808,200
1775042537274538415,1775042537274538415,1775042537275109579,0.000000,0.571164,0.571164,200
1775042537275770077,1775042537275770077,1775042537276491385,0.000000,0.721308,0.721308,200
1775042537275839363,1775042537276491385,1775042537277714778,0.652022,1.223393,1.875415,200
1775042537289642767,1775042537289642767,1775042537290234041,0.000000,0.591274,0.591274,200
1775042537294238595,1775042537294238595,1775042537295202370,0.000000,0.963775,0.963775,200
1775042537294440813,1775042537295202370,1775042537299445751,0.761557,4.243381,5.004938,200
1775042537297262612,1775042537299445751,1775042537300510826,2.183139,1.065075,3.248214,200
1775042537336457017,1775042537336457017,1775042537337168445,0.000000,0.711428,0.711428,200
1775042537336515953,1775042537337168445,1775042537338127828,0.652492,0.959383,1.611875,200
1775042537336580760,1775042537338127828,1775042537338767118,1.547068,0.639290,2.186358,200
1775042537336697590,1775042537338767118,1775042537339954731,2.069528,1.187613,3.257141,200
1775042537337997567,1775042537339954731,1775042537340611035,1.957164,0.656304,2.613468,200
1775042537340814186,1775042537340814186,1775042537341412214,0.000000,0.598028,0.598028,200
1775042537347986205,1775042537347986205,1775042537348732473,0.000000,0.746268,0.746268,200
1775042537349843447,1775042537349843447,1775042537350426802,0.000000,0.583355,0.583355,200
1775042537359761391,1775042537359761391,1775042537360358174,0.000000,0.596783,0.596783,200
1775042537359859594,1775042537360358174,1775042537361135997,0.498580,0.777823,1.276403,200
1775042537361351267,1775042537361351267,1775042537362010714,0.000000,0.659447,0.659447,200
1775042537362498047,1775042537362498047,1775042537363258301,0.000000,0.760254,0.760254,200
1775042537377215659,1775042537377215659,1775042537377787341,0.000000,0.571682,0.571682,200
1775042537383299518,1775042537383299518,1775042537384172615,0.000000,0.873097,0.873097,200
1775042537404220019,1775042537404220019,1775042537405073998,0.000000,0.853979,0.853979,200
1775042537405374550,1775042537405374550,1775042537411416849,0.000000,6.042299,6.042299,200
1775042537411972173,1775042537411972173,1775042537413008619,0.000000,1.036446,1.036446,200
1775042537415854338,1775042537415854338,1775042537419502758,0.000000,3.648420,3.648420,200
1775042537442658920,1775042537442658920,1775042537443349807,0.000000,0.690887,0.690887,200
1775042537445950413,1775042537445950413,1775042537446401623,0.000000,0.451210,0.451210,200
1775042537446019028,1775042537446401623,1775042537447042345,0.382595,0.640722,1.023317,200
1775042537446868438,1775042537447042345,1775042537447760918,0.173907,0.718573,0.892480,200
1775042537446974206,1775042537447760918,1775042537448542909,0.786712,0.781991,1.568703,200
1775042537451197474,1775042537451197474,1775042537451732296,0.000000,0.534822,0.534822,200
1775042537453278426,1775042537453278426,1775042537454393672,0.000000,1.115246,1.115246,200
1775042537463040382,1775042537463040382,1775042537463737243,0.000000,0.696861,0.696861,200
1775042537463140088,1775042537463737243,1775042537465829482,0.597155,2.092239,2.689394,200
1775042537463218101,1775042537465829482,1775042537467069147,2.611381,1.239665,3.851046,200
1775042537468906237,1775042537468906237,1775042537470330333,0.000000,1.424096,1.424096,200
1775042537483260621,1775042537483260621,1775042537483966029,0.000000,0.705408,0.705408,200
1775042537485644068,1775042537485644068,1775042537486231526,0.000000,0.587458,0.587458,200
1775042537490149157,1775042537490149157,1775042537490768336,0.000000,0.619179,0.619179,200
1775042537495130874,1775042537495130874,1775042537496790719,0.000000,1.659845,1.659845,200
1775042537497364190,1775042537497364190,1775042537497982234,0.000000,0.618044,0.618044,200
1775042537497432053,1775042537497982234,1775042537500683688,0.550181,2.701454,3.251635,200
1775042537504754994,1775042537504754994,1775042537505391689,0.000000,0.636695,0.636695,200
1775042537511425702,1775042537511425702,1775042537512087082,0.000000,0.661380,0.661380,200
1775042537516421817,1775042537516421817,1775042537517245814,0.000000,0.823997,0.823997,200
1775042537516499359,1775042537517245814,1775042537518101066,0.746455,0.855252,1.601707,200
1775042537517217462,1775042537518101066,1775042537518666670,0.883604,0.565604,1.449208,200
1775042537523043934,1775042537523043934,1775042537523545010,0.000000,0.501076,0.501076,200
1775042537525472190,1775042537525472190,1775042537526431296,0.000000,0.959106,0.959106,200
1775042537525757942,1775042537526431296,1775042537527576120,0.673354,1.144824,1.818178,200
1775042537542022455,1775042537542022455,1775042537542795004,0.000000,0.772549,0.772549,200
1775042537556341988,1775042537556341988,1775042537557067883,0.000000,0.725895,0.725895,200
1775042537558346079,1775042537558346079,1775042537561037933,0.000000,2.691854,2.691854,200
1775042537558992070,1775042537561037933,1775042537561805423,2.045863,0.767490,2.813353,200
1775042537562925175,1775042537562925175,1775042537563883882,0.000000,0.958707,0.958707,200
1775042537572470126,1775042537572470126,1775042537573032140,0.000000,0.562014,0.562014,200
1775042537574889533,1775042537574889533,1775042537575694937,0.000000,0.805404,0.805404,200
1775042537575430156,1775042537575694937,1775042537576402891,0.264781,0.707954,0.972735,200
1775042537576172236,1775042537576402891,1775042537577720389,0.230655,1.317498,1.548153,200
1775042537576210361,1775042537577720389,1775042537578521111,1.510028,0.800722,2.310750,200
1775042537577504285,1775042537578521111,1775042537579395165,1.016826,0.874054,1.890880,200
1775042537579212881,1775042537579395165,1775042537579801504,0.182284,0.406339,0.588623,200
1775042537583547415,1775042537583547415,1775042537584077489,0.000000,0.530074,0.530074,200
1775042537584508985,1775042537584508985,1775042537585069468,0.000000,0.560483,0.560483,200
1775042537604572072,1775042537604572072,1775042537605564808,0.000000,0.992736,0.992736,200
1775042537604724231,1775042537605564808,1775042537606246220,0.840577,0.681412,1.521989,200
1775042537606024529,1775042537606246220,1775042537607006680,0.221691,0.760460,0.982151,200
1775042537607426466,1775042537607426466,1775042537608106073,0.000000,0.679607,0.679607,200
1775042537644803868,1775042537644803868,1775042537647829024,0.000000,3.025156,3.025156,200
1775042537649685118,1775042537649685118,1775042537650321728,0.000000,0.636610,0.636610,200
1775042537652465746,1775042537652465746,1775042537654264758,0.000000,1.799012,1.799012,200
1775042537656208455,1775042537656208455,1775042537656911316,0.000000,0.702861,0.702861,200
1775042537687138956,1775042537687138956,1775042537688291773,0.000000,1.152817,1.152817,200
1775042537723179765,1775042537723179765,1775042537724969261,0.000000,1.789496,1.789496,200
1775042537723303919,1775042537724969261,1775042537725594481,1.665342,0.625220,2.290562,200
1775042537780401110,1775042537780401110,1775042537781221202,0.000000,0.820092,0.820092,200
1775042537808869293,1775042537808869293,1775042537809851869,0.000000,0.982576,0.982576,200
1775042537809254139,1775042537809851869,1775042537810643325,0.597730,0.791456,1.389186,200
1775042537815671558,1775042537815671558,1775042537816489124,0.000000,0.817566,0.817566,200
1775042537819981523,1775042537819981523,1775042537821128536,0.000000,1.147013,1.147013,200
1775042537851380951,1775042537851380951,1775042537851918158,0.000000,0.537207,0.537207,200
1775042537851468283,1775042537851918158,1775042537852376780,0.449875,0.458622,0.908497,200
1775042537852880881,1775042537852880881,1775042537854995111,0.000000,2.114230,2.114230,200
1775042537874920118,1775042537874920118,1775042537875707677,0.000000,0.787559,0.787559,200
1775042537886159532,1775042537886159532,1775042537886885640,0.000000,0.726108,0.726108,200
1775042537902537376,1775042537902537376,1775042537905584725,0.000000,3.047349,3.047349,200
1775042537912191876,1775042537912191876,1775042537912893906,0.000000,0.702030,0.702030,200
1775042537918862450,1775042537918862450,1775042537919833427,0.000000,0.970977,0.970977,200
1775042537925573338,1775042537925573338,1775042537926397899,0.000000,0.824561,0.824561,200
1775042537933987093,1775042537933987093,1775042537934734006,0.000000,0.746913,0.746913,200
1775042537936258339,1775042537936258339,1775042537936774063,0.000000,0.515724,0.515724,200
1775042537938972987,1775042537938972987,1775042537940188007,0.000000,1.215020,1.215020,200
1775042537939185946,1775042537940188007,1775042537943779259,1.002061,3.591252,4.593313,200
1775042537959795498,1775042537959795498,1775042537961052152,0.000000,1.256654,1.256654,200
1775042537959839364,1775042537961052152,1775042537962786073,1.212788,1.733921,2.946709,200
1775042537960656862,1775042537962786073,1775042537963477332,2.129211,0.691259,2.820470,200
1775042537966844660,1775042537966844660,1775042537967409469,0.000000,0.564809,0.564809,200
1775042537976584672,1775042537976584672,1775042537977245079,0.000000,0.660407,0.660407,200
1775042537976712854,1775042537977245079,1775042537978011470,0.532225,0.766391,1.298616,200
1775042537978246327,1775042537978246327,1775042537978844915,0.000000,0.598588,0.598588,200
1775042537983423217,1775042537983423217,1775042537983880889,0.000000,0.457672,0.457672,200
1775042537987884241,1775042537987884241,1775042537988677761,0.000000,0.793520,0.793520,200
1775042537996423734,1775042537996423734,1775042537997138008,0.000000,0.714274,0.714274,200
1775042537997701547,1775042537997701547,1775042537998583902,0.000000,0.882355,0.882355,200
1775042537997777948,1775042537998583902,1775042537999480866,0.805954,0.896964,1.702918,200
1775042538003312964,1775042538003312964,1775042538004649052,0.000000,1.336088,1.336088,200
1775042538008648404,1775042538008648404,1775042538009291837,0.000000,0.643433,0.643433,200
1775042538008956618,1775042538009291837,1775042538010012674,0.335219,0.720837,1.056056,200
1775042538009047527,1775042538010012674,1775042538010670657,0.965147,0.657983,1.623130,200
1775042538010624909,1775042538010670657,1775042538011509057,0.045748,0.838400,0.884148,200
1775042538024357528,1775042538024357528,1775042538025200819,0.000000,0.843291,0.843291,200
1775042538032716977,1775042538032716977,1775042538033431407,0.000000,0.714430,0.714430,200
1775042538032940557,1775042538033431407,1775042538033968424,0.490850,0.537017,1.027867,200
1775042538033588681,1775042538033968424,1775042538035521567,0.379743,1.553143,1.932886,200
1775042538033659060,1775042538035521567,1775042538036499594,1.862507,0.978027,2.840534,200
1775042538045417841,1775042538045417841,1775042538047531476,0.000000,2.113635,2.113635,200
1775042538047740057,1775042538047740057,1775042538049205790,0.000000,1.465733,1.465733,200
1775042538047809283,1775042538049205790,1775042538049886774,1.396507,0.680984,2.077491,200
1775042538060799471,1775042538060799471,1775042538061545496,0.000000,0.746025,0.746025,200
1775042538060856634,1775042538061545496,1775042538062285032,0.688862,0.739536,1.428398,200
1775042538061810379,1775042538062285032,1775042538064549354,0.474653,2.264322,2.738975,200
1775042538083816720,1775042538083816720,1775042538084543589,0.000000,0.726869,0.726869,200
1775042538083909853,1775042538084543589,1775042538086751373,0.633736,2.207784,2.841520,200
1775042538122798017,1775042538122798017,1775042538124081017,0.000000,1.283000,1.283000,200
1775042538135035343,1775042538135035343,1775042538135584933,0.000000,0.549590,0.549590,200
1775042538135089329,1775042538135584933,1775042538136141186,0.495604,0.556253,1.051857,200
1775042538135166581,1775042538136141186,1775042538136908726,0.974605,0.767540,1.742145,200
1775042538136380147,1775042538136908726,1775042538137414250,0.528579,0.505524,1.034103,200
1775042538156599670,1775042538156599670,1775042538157513883,0.000000,0.914213,0.914213,200
1775042538168949798,1775042538168949798,1775042538169391332,0.000000,0.441534,0.441534,200
1775042538173287097,1775042538173287097,1775042538173929901,0.000000,0.642804,0.642804,200
1775042538173361493,1775042538173929901,1775042538174525422,0.568408,0.595521,1.163929,200
1775042538175946497,1775042538175946497,1775042538176803894,0.000000,0.857397,0.857397,200
1775042538175999331,1775042538176803894,1775042538177620139,0.804563,0.816245,1.620808,200
1775042538207100537,1775042538207100537,1775042538208547631,0.000000,1.447094,1.447094,200
1775042538212530677,1775042538212530677,1775042538213094850,0.000000,0.564173,0.564173,200
1775042538215195911,1775042538215195911,1775042538215918871,0.000000,0.722960,0.722960,200
1775042538216279497,1775042538216279497,1775042538217251652,0.000000,0.972155,0.972155,200
1775042538228365710,1775042538228365710,1775042538230566314,0.000000,2.200604,2.200604,200
1775042538230894021,1775042538230894021,1775042538231439466,0.000000,0.545445,0.545445,200
1775042538247645548,1775042538247645548,1775042538249232222,0.000000,1.586674,1.586674,200
1775042538257613845,1775042538257613845,1775042538258567079,0.000000,0.953234,0.953234,200
1775042538260767978,1775042538260767978,1775042538261365030,0.000000,0.597052,0.597052,200
1775042538290015595,1775042538290015595,1775042538290738488,0.000000,0.722893,0.722893,200
1775042538290110461,1775042538290738488,1775042538291193398,0.628027,0.454910,1.082937,200
1775042538291475130,1775042538291475130,1775042538292295565,0.000000,0.820435,0.820435,200
1775042538321585439,1775042538321585439,1775042538322390106,0.000000,0.804667,0.804667,200
1775042538321709312,1775042538322390106,1775042538323812318,0.680794,1.422212,2.103006,200
1775042538324214319,1775042538324214319,1775042538324697840,0.000000,0.483521,0.483521,200
1775042538327955763,1775042538327955763,1775042538328555281,0.000000,0.599518,0.599518,200
1775042538352435912,1775042538352435912,1775042538353339458,0.000000,0.903546,0.903546,200
1775042538353044096,1775042538353339458,1775042538354477642,0.295362,1.138184,1.433546,200
1775042538356570051,1775042538356570051,1775042538357267153,0.000000,0.697102,0.697102,200
1775042538358905646,1775042538358905646,1775042538359891905,0.000000,0.986259,0.986259,200
1775042538366744359,1775042538366744359,1775042538367547099,0.000000,0.802740,0.802740,200
1775042538377621093,1775042538377621093,1775042538378249739,0.000000,0.628646,0.628646,200
1775042538380827728,1775042538380827728,1775042538381593193,0.000000,0.765465,0.765465,200
1775042538398976373,1775042538398976373,1775042538401777148,0.000000,2.800775,2.800775,200
1775042538420640875,1775042538420640875,1775042538421296643,0.000000,0.655768,0.655768,200
1775042538423631389,1775042538423631389,1775042538424569099,0.000000,0.937710,0.937710,200
1775042538431331189,1775042538431331189,1775042538431836545,0.000000,0.505356,0.505356,200
1775042538442427285,1775042538442427285,1775042538443096750,0.000000,0.669465,0.669465,200
1775042538442559384,1775042538443096750,1775042538443824025,0.537366,0.727275,1.264641,200
1775042538452062594,1775042538452062594,1775042538452829560,0.000000,0.766966,0.766966,200
1775042538469395891,1775042538469395891,1775042538470063725,0.000000,0.667834,0.667834,200
1775042538469822138,1775042538470063725,1775042538470920289,0.241587,0.856564,1.098151,200
1775042538473209839,1775042538473209839,1775042538474252675,0.000000,1.042836,1.042836,200
1775042538478205082,1775042538478205082,1775042538478978595,0.000000,0.773513,0.773513,200
1775042538480074411,1775042538480074411,1775042538480725253,0.000000,0.650842,0.650842,200
1775042538483508084,1775042538483508084,1775042538484687079,0.000000,1.178995,1.178995,200
1775042538500456693,1775042538500456693,1775042538501518914,0.000000,1.062221,1.062221,200
1775042538500539886,1775042538501518914,1775042538502050881,0.979028,0.531967,1.510995,200
1775042538502879839,1775042538502879839,1775042538503447403,0.000000,0.567564,0.567564,200
1775042538509678335,1775042538509678335,1775042538510387914,0.000000,0.709579,0.709579,200
1775042538509825484,1775042538510387914,1775042538511241247,0.562430,0.853333,1.415763,200
1775042538531674331,1775042538531674331,1775042538532435992,0.000000,0.761661,0.761661,200
1775042538553386973,1775042538553386973,1775042538554266598,0.000000,0.879625,0.879625,200
1775042538557105036,1775042538557105036,1775042538557831174,0.000000,0.726138,0.726138,200
1775042538557230783,1775042538557831174,1775042538562988298,0.600391,5.157124,5.757515,200
1775042538557614927,1775042538562988298,1775042538563449855,5.373371,0.461557,5.834928,200
1775042538560336795,1775042538563449855,1775042538564096016,3.113060,0.646161,3.759221,200
1775042538560995297,1775042538564096016,1775042538564835730,3.100719,0.739714,3.840433,200
1775042538561174690,1775042538564835730,1775042538565596290,3.661040,0.760560,4.421600,200
1775042538564247612,1775042538565596290,1775042538566030524,1.348678,0.434234,1.782912,200
1775042538570127533,1775042538570127533,1775042538570924778,0.000000,0.797245,0.797245,200
1775042538596799605,1775042538596799605,1775042538601434530,0.000000,4.634925,4.634925,200
1775042538598510072,1775042538601434530,1775042538602293080,2.924458,0.858550,3.783008,200
1775042538601458600,1775042538602293080,1775042538603030931,0.834480,0.737851,1.572331,200
1775042538601525571,1775042538603030931,1775042538603613991,1.505360,0.583060,2.088420,200
1775042538620377257,1775042538620377257,1775042538621213703,0.000000,0.836446,0.836446,200
1775042538620465420,1775042538621213703,1775042538621709117,0.748283,0.495414,1.243697,200
1775042538620596658,1775042538621709117,1775042538622398064,1.112459,0.688947,1.801406,200
1775042538620644091,1775042538622398064,1775042538627906187,1.753973,5.508123,7.262096,200
1775042538622266385,1775042538627906187,1775042538628555766,5.639802,0.649579,6.289381,200
1775042538627142757,1775042538628555766,1775042538629118902,1.413009,0.563136,1.976145,200
1775042538670639378,1775042538670639378,1775042538671052530,0.000000,0.413152,0.413152,200
1775042538670833138,1775042538671052530,1775042538671553987,0.219392,0.501457,0.720849,200
1775042538675536382,1775042538675536382,1775042538680918196,0.000000,5.381814,5.381814,200
1775042538693241589,1775042538693241589,1775042538694220283,0.000000,0.978694,0.978694,200
1775042538695625558,1775042538695625558,1775042538696776517,0.000000,1.150959,1.150959,200
1775042538695704113,1775042538696776517,1775042538698968506,1.072404,2.191989,3.264393,200
1775042538695752047,1775042538698968506,1775042538699772091,3.216459,0.803585,4.020044,200
1775042538712931495,1775042538712931495,1775042538713445365,0.000000,0.513870,0.513870,200
1775042538730301964,1775042538730301964,1775042538733727456,0.000000,3.425492,3.425492,200
1775042538733390015,1775042538733727456,1775042538734299571,0.337441,0.572115,0.909556,200
1775042538745161575,1775042538745161575,1775042538745811382,0.000000,0.649807,0.649807,200
1775042538745361347,1775042538745811382,1775042538746260916,0.450035,0.449534,0.899569,200
1775042538758020015,1775042538758020015,1775042538758667933,0.000000,0.647918,0.647918,200
1775042538759429618,1775042538759429618,1775042538760048084,0.000000,0.618466,0.618466,200
1775042538759518723,1775042538760048084,1775042538761451153,0.529361,1.403069,1.932430,200
1775042538760235941,1775042538761451153,1775042538762254283,1.215212,0.803130,2.018342,200
1775042538768419464,1775042538768419464,1775042538769776478,0.000000,1.357014,1.357014,200
1775042538770463126,1775042538770463126,1775042538771132392,0.000000,0.669266,0.669266,200
1775042538785387717,1775042538785387717,1775042538785960834,0.000000,0.573117,0.573117,200
1775042538790325657,1775042538790325657,1775042538790871793,0.000000,0.546136,0.546136,200
1775042538797627333,1775042538797627333,1775042538799090881,0.000000,1.463548,1.463548,200
1775042538824524746,1775042538824524746,1775042538833615982,0.000000,9.091236,9.091236,200
1775042538832128773,1775042538833615982,1775042538837621067,1.487209,4.005085,5.492294,200
1775042538847196900,1775042538847196900,1775042538848339153,0.000000,1.142253,1.142253,200
1775042538847275054,1775042538848339153,1775042538848846161,1.064099,0.507008,1.571107,200
1775042538847348207,1775042538848846161,1775042538849590705,1.497954,0.744544,2.242498,200
1775042538848044684,1775042538849590705,1775042538850020586,1.546021,0.429881,1.975902,200
1775042538851478925,1775042538851478925,1775042538852141278,0.000000,0.662353,0.662353,200
1775042538854793462,1775042538854793462,1775042538856129105,0.000000,1.335643,1.335643,200
1775042538870288478,1775042538870288478,1775042538871054094,0.000000,0.765616,0.765616,200
1775042538877883481,1775042538877883481,1775042538878605775,0.000000,0.722294,0.722294,200
1775042538877961053,1775042538878605775,1775042538879282405,0.644722,0.676630,1.321352,200
1775042538886698089,1775042538886698089,1775042538887467769,0.000000,0.769680,0.769680,200
1775042538887005252,1775042538887467769,1775042538887928858,0.462517,0.461089,0.923606,200
1775042538894317646,1775042538894317646,1775042538895391917,0.000000,1.074271,1.074271,200
1775042538912648453,1775042538912648453,1775042538913165490,0.000000,0.517037,0.517037,200
1775042538914102377,1775042538914102377,1775042538915661898,0.000000,1.559521,1.559521,200
1775042538921401852,1775042538921401852,1775042538922046489,0.000000,0.644637,0.644637,200
1775042538921724235,1775042538922046489,1775042538922755460,0.322254,0.708971,1.031225,200
1775042538922195142,1775042538922755460,1775042538923424044,0.560318,0.668584,1.228902,200
1775042538922574507,1775042538923424044,1775042538924395750,0.849537,0.971706,1.821243,200
1775042538928983367,1775042538928983367,1775042538929545773,0.000000,0.562406,0.562406,200
1775042538929558786,1775042538929558786,1775042538930346046,0.000000,0.787260,0.787260,200
1775042538929625627,1775042538930346046,1775042538930790089,0.720419,0.444043,1.164462,200
1775042538930101581,1775042538930790089,1775042538931512108,0.688508,0.722019,1.410527,200
1775042538930521295,1775042538931512108,1775042538932430855,0.990813,0.918747,1.909560,200
1775042538930583027,1775042538932430855,1775042538933073899,1.847828,0.643044,2.490872,200
1775042538932757805,1775042538933073899,1775042538933658326,0.316094,0.584427,0.900521,200
1775042538934005721,1775042538934005721,1775042538941527471,0.000000,7.521750,7.521750,200
1775042538952254748,1775042538952254748,1775042538954274163,0.000000,2.019415,2.019415,200
1775042538968608840,1775042538968608840,1775042538969193500,0.000000,0.584660,0.584660,200
1775042538972854579,1775042538972854579,1775042538973671515,0.000000,0.816936,0.816936,200
1775042538988165033,1775042538988165033,1775042538989045243,0.000000,0.880210,0.880210,200
1775042538988300098,1775042538989045243,1775042538989823433,0.745145,0.778190,1.523335,200
1775042539005790501,1775042539005790501,1775042539006419117,0.000000,0.628616,0.628616,200
1775042539019822108,1775042539019822108,1775042539020559826,0.000000,0.737718,0.737718,200
1775042539022695017,1775042539022695017,1775042539023467345,0.000000,0.772328,0.772328,200
1775042539058133657,1775042539058133657,1775042539061171180,0.000000,3.037523,3.037523,200
1775042539064098780,1775042539064098780,1775042539064876359,0.000000,0.777579,0.777579,200
1775042539065714871,1775042539065714871,1775042539066366022,0.000000,0.651151,0.651151,200
1775042539065937748,1775042539066366022,1775042539066983868,0.428274,0.617846,1.046120,200
1775042539067815965,1775042539067815965,1775042539068719991,0.000000,0.904026,0.904026,200
1775042539069121726,1775042539069121726,1775042539070561791,0.000000,1.440065,1.440065,200
1775042539097997077,1775042539097997077,1775042539099312361,0.000000,1.315284,1.315284,200
1775042539129258854,1775042539129258854,1775042539129891229,0.000000,0.632375,0.632375,200
1775042539131842736,1775042539131842736,1775042539132491081,0.000000,0.648345,0.648345,200
1775042539136133358,1775042539136133358,1775042539137131019,0.000000,0.997661,0.997661,200
1775042539143023752,1775042539143023752,1775042539144667879,0.000000,1.644127,1.644127,200
1775042539159536820,1775042539159536820,1775042539161222672,0.000000,1.685852,1.685852,200
1775042539163752706,1775042539163752706,1775042539164812719,0.000000,1.060013,1.060013,200
1775042539163807614,1775042539164812719,1775042539165808368,1.005105,0.995649,2.000754,200
1775042539229633967,1775042539229633967,1775042539230718672,0.000000,1.084705,1.084705,200
1775042539243731099,1775042539243731099,1775042539244256264,0.000000,0.525165,0.525165,200
1775042539246768291,1775042539246768291,1775042539249561283,0.000000,2.792992,2.792992,200
1775042539248739100,1775042539249561283,1775042539250163105,0.822183,0.601822,1.424005,200
1775042539252875620,1775042539252875620,1775042539253372054,0.000000,0.496434,0.496434,200
1775042539273123204,1775042539273123204,1775042539273825093,0.000000,0.701889,0.701889,200
1775042539276128985,1775042539276128985,1775042539276933810,0.000000,0.804825,0.804825,200
1775042539308361174,1775042539308361174,1775042539309777323,0.000000,1.416149,1.416149,200
1775042539314018936,1775042539314018936,1775042539315200015,0.000000,1.181079,1.181079,200
1775042539324949742,1775042539324949742,1775042539325634719,0.000000,0.684977,0.684977,200
1775042539327783305,1775042539327783305,1775042539328561345,0.000000,0.778040,0.778040,200
1775042539327846809,1775042539328561345,1775042539329130666,0.714536,0.569321,1.283857,200
1775042539329444340,1775042539329444340,1775042539330458133,0.000000,1.013793,1.013793,200
1775042539343710240,1775042539343710240,1775042539344373284,0.000000,0.663044,0.663044,200
1775042539345410067,1775042539345410067,1775042539346189319,0.000000,0.779252,0.779252,200
1775042539347668670,1775042539347668670,1775042539348499634,0.000000,0.830964,0.830964,200
1775042539349573357,1775042539349573357,1775042539350097198,0.000000,0.523841,0.523841,200
1775042539370891999,1775042539370891999,1775042539371466860,0.000000,0.574861,0.574861,200
1775042539371534490,1775042539371534490,1775042539372316748,0.000000,0.782258,0.782258,200
1775042539378050879,1775042539378050879,1775042539379015739,0.000000,0.964860,0.964860,200
1775042539383113819,1775042539383113819,1775042539384431882,0.000000,1.318063,1.318063,200
1775042539388913665,1775042539388913665,1775042539389779692,0.000000,0.866027,0.866027,200
1775042539396460598,1775042539396460598,1775042539397030979,0.000000,0.570381,0.570381,200
1775042539400057319,1775042539400057319,1775042539400697491,0.000000,0.640172,0.640172,200
1775042539405984571,1775042539405984571,1775042539406450397,0.000000,0.465826,0.465826,200
1775042539409757337,1775042539409757337,1775042539410214546,0.000000,0.457209,0.457209,200
1775042539421579046,1775042539421579046,1775042539422344992,0.000000,0.765946,0.765946,200
1775042539427268213,1775042539427268213,1775042539427975213,0.000000,0.707000,0.707000,200
1775042539431327671,1775042539431327671,1775042539432071221,0.000000,0.743550,0.743550,200
1775042539432947922,1775042539432947922,1775042539433671332,0.000000,0.723410,0.723410,200
1775042539434626225,1775042539434626225,1775042539435149864,0.000000,0.523639,0.523639,200
1775042539436568699,1775042539436568699,1775042539437381287,0.000000,0.812588,0.812588,200
1775042539446136078,1775042539446136078,1775042539446976349,0.000000,0.840271,0.840271,200
1775042539448565768,1775042539448565768,1775042539451599566,0.000000,3.033798,3.033798,200
1775042539449607292,1775042539451599566,1775042539452443429,1.992274,0.843863,2.836137,200
1775042539449649735,1775042539452443429,1775042539454094927,2.793694,1.651498,4.445192,200
1775042539449676618,1775042539454094927,1775042539454781306,4.418309,0.686379,5.104688,200
1775042539455500991,1775042539455500991,1775042539456559353,0.000000,1.058362,1.058362,200
1775042539458215972,1775042539458215972,1775042539459683414,0.000000,1.467442,1.467442,200
1775042539458272182,1775042539459683414,1775042539460133262,1.411232,0.449848,1.861080,200
1775042539458353492,1775042539460133262,1775042539461101066,1.779770,0.967804,2.747574,200
1775042539460471579,1775042539461101066,1775042539462707046,0.629487,1.605980,2.235467,200
1775042539460651302,1775042539462707046,1775042539464355487,2.055744,1.648441,3.704185,200
1775042539460937384,1775042539464355487,1775042539465961357,3.418103,1.605870,5.023973,200
1775042539461097658,1775042539465961357,1775042539467112021,4.863699,1.150664,6.014363,200
1775042539461927898,1775042539467112021,1775042539467741199,5.184123,0.629178,5.813301,200
1775042539493508153,1775042539493508153,1775042539494475922,0.000000,0.967769,0.967769,200
1775042539500919682,1775042539500919682,1775042539501375539,0.000000,0.455857,0.455857,200
1775042539527267332,1775042539527267332,1775042539527909575,0.000000,0.642243,0.642243,200
1775042539527785169,1775042539527909575,1775042539529847156,0.124406,1.937581,2.061987,200
1775042539530278745,1775042539530278745,1775042539530953231,0.000000,0.674486,0.674486,200
1775042539561134193,1775042539561134193,1775042539561816592,0.000000,0.682399,0.682399,200
1775042539562537037,1775042539562537037,1775042539569535844,0.000000,6.998807,6.998807,200
1775042539601885075,1775042539601885075,1775042539602498962,0.000000,0.613887,0.613887,200
1775042539616810479,1775042539616810479,1775042539617537978,0.000000,0.727499,0.727499,200
1775042539621272157,1775042539621272157,1775042539621703005,0.000000,0.430848,0.430848,200
1775042539655300296,1775042539655300296,1775042539655907691,0.000000,0.607395,0.607395,200
1775042539658335394,1775042539658335394,1775042539658743171,0.000000,0.407777,0.407777,200
1775042539683476681,1775042539683476681,1775042539684250504,0.000000,0.773823,0.773823,200
1775042539686577849,1775042539686577849,1775042539687417653,0.000000,0.839804,0.839804,200
1775042539686855283,1775042539687417653,1775042539688170769,0.562370,0.753116,1.315486,200
1775042539710534584,1775042539710534584,1775042539711434444,0.000000,0.899860,0.899860,200
1775042539711165442,1775042539711434444,1775042539711912596,0.269002,0.478152,0.747154,200
1775042539736381194,1775042539736381194,1775042539737199092,0.000000,0.817898,0.817898,200
1775042539737470442,1775042539737470442,1775042539738379455,0.000000,0.909013,0.909013,200
1775042539739061576,1775042539739061576,1775042539739712694,0.000000,0.651118,0.651118,200
1775042539740321399,1775042539740321399,1775042539741085555,0.000000,0.764156,0.764156,200
1775042539753996076,1775042539753996076,1775042539755003246,0.000000,1.007170,1.007170,200
1775042539754097125,1775042539755003246,1775042539755889339,0.906121,0.886093,1.792214,200
1775042539754152023,1775042539755889339,1775042539760510625,1.737316,4.621286,6.358602,200
1775042539754625502,1775042539760510625,1775042539761445484,5.885123,0.934859,6.819982,200
1775042539754689598,1775042539761445484,1775042539762294165,6.755886,0.848681,7.604567,200
1775042539758832350,1775042539762294165,1775042539768650027,3.461815,6.355862,9.817677,200
1775042539774968915,1775042539774968915,1775042539775708431,0.000000,0.739516,0.739516,200
1775042539777622043,1775042539777622043,1775042539787423088,0.000000,9.801045,9.801045,200
1775042539779061910,1775042539787423088,1775042539787985554,8.361178,0.562466,8.923644,200
1775042539784413795,1775042539787985554,1775042539788663567,3.571759,0.678013,4.249772,200
1775042539785244055,1775042539788663567,1775042539789583268,3.419512,0.919701,4.339213,200
1775042539785525908,1775042539789583268,1775042539790554037,4.057360,0.970769,5.028129,200
1775042539785595144,1775042539790554037,1775042539791019863,4.958893,0.465826,5.424719,200
1775042539801540007,1775042539801540007,1775042539802535555,0.000000,0.995548,0.995548,200
1775042539834995476,1775042539834995476,1775042539835760250,0.000000,0.764774,0.764774,200
1775042539836734848,1775042539836734848,1775042539839938703,0.000000,3.203855,3.203855,200
1775042539843008914,1775042539843008914,1775042539843649898,0.000000,0.640984,0.640984,200
1775042539851028580,1775042539851028580,1775042539852043297,0.000000,1.014717,1.014717,200
1775042539862179996,1775042539862179996,1775042539863685154,0.000000,1.505158,1.505158,200
1775042539862302146,1775042539863685154,1775042539864360090,1.383008,0.674936,2.057944,200
1775042539862353777,1775042539864360090,1775042539864761890,2.006313,0.401800,2.408113,200
1775042539867560999,1775042539867560999,1775042539869528353,0.000000,1.967354,1.967354,200
1775042539867910546,1775042539869528353,1775042539870377393,1.617807,0.849040,2.466847,200
1775042539874267207,1775042539874267207,1775042539874920542,0.000000,0.653335,0.653335,200
1775042539878948695,1775042539878948695,1775042539879466653,0.000000,0.517958,0.517958,200
1775042539880167868,1775042539880167868,1775042539880838821,0.000000,0.670953,0.670953,200
1775042539894814561,1775042539894814561,1775042539895531341,0.000000,0.716780,0.716780,200
1775042539896519096,1775042539896519096,1775042539897151982,0.000000,0.632886,0.632886,200
1775042539903857468,1775042539903857468,1775042539904314637,0.000000,0.457169,0.457169,200
1775042539905836773,1775042539905836773,1775042539906514666,0.000000,0.677893,0.677893,200
1775042539921956825,1775042539921956825,1775042539922377763,0.000000,0.420938,0.420938,200
1775042539927895443,1775042539927895443,1775042539930942001,0.000000,3.046558,3.046558,200
1775042539929277676,1775042539930942001,1775042539931559504,1.664325,0.617503,2.281828,200
1775042539929521785,1775042539931559504,1775042539932406859,2.037719,0.847355,2.885074,200
1775042539937873954,1775042539937873954,1775042539939780584,0.000000,1.906630,1.906630,200
1775042539941044347,1775042539941044347,1775042539943255694,0.000000,2.211347,2.211347,200
1775042539943839905,1775042539943839905,1775042539944670100,0.000000,0.830195,0.830195,200
1775042539949406131,1775042539949406131,1775042539950167108,0.000000,0.760977,0.760977,200
1775042539983677123,1775042539983677123,1775042539984544158,0.000000,0.867035,0.867035,200
1775042539985989361,1775042539985989361,1775042539986730327,0.000000,0.740966,0.740966,200
1775042539993945976,1775042539993945976,1775042539994583680,0.000000,0.637704,0.637704,200
1775042539995145911,1775042539995145911,1775042539996802066,0.000000,1.656155,1.656155,200
1775042539996900976,1775042539996900976,1775042539997793929,0.000000,0.892953,0.892953,200
1775042540011415279,1775042540011415279,1775042540012152811,0.000000,0.737532,0.737532,200
1775042540015489437,1775042540015489437,1775042540016128303,0.000000,0.638866,0.638866,200
1775042540019329563,1775042540019329563,1775042540019897127,0.000000,0.567564,0.567564,200
1775042540019396183,1775042540019897127,1775042540022099976,0.500944,2.202849,2.703793,200
1775042540019695464,1775042540022099976,1775042540022936184,2.404512,0.836208,3.240720,200
1775042540029131683,1775042540029131683,1775042540029691101,0.000000,0.559418,0.559418,200
1775042540029302539,1775042540029691101,1775042540030415816,0.388562,0.724715,1.113277,200
1775042540029507160,1775042540030415816,1775042540031072307,0.908656,0.656491,1.565147,200
1775042540029601215,1775042540031072307,1775042540032947450,1.471092,1.875143,3.346235,200
1775042540034680515,1775042540034680515,1775042540035334575,0.000000,0.654060,0.654060,200
1775042540052779314,1775042540052779314,1775042540053546384,0.000000,0.767070,0.767070,200
1775042540059648421,1775042540059648421,1775042540060290874,0.000000,0.642453,0.642453,200
1775042540061920240,1775042540061920240,1775042540063704548,0.000000,1.784308,1.784308,200
1775042540063648502,1775042540063704548,1775042540064837643,0.056046,1.133095,1.189141,200
1775042540067738882,1775042540067738882,1775042540068476414,0.000000,0.737532,0.737532,200
1775042540090789478,1775042540090789478,1775042540091287137,0.000000,0.497659,0.497659,200
1775042540175742854,1775042540175742854,1775042540176632491,0.000000,0.889637,0.889637,200
1775042540199521752,1775042540199521752,1775042540200236362,0.000000,0.714610,0.714610,200
1775042540202024904,1775042540202024904,1775042540204223478,0.000000,2.198574,2.198574,200
1775042540206745883,1775042540206745883,1775042540207313680,0.000000,0.567797,0.567797,200
1775042540210514819,1775042540210514819,1775042540211251621,0.000000,0.736802,0.736802,200
1775042540284454248,1775042540284454248,1775042540288574954,0.000000,4.120706,4.120706,200
1775042540287009203,1775042540288574954,1775042540289238711,1.565751,0.663757,2.229508,200
1775042540288285529,1775042540289238711,1775042540289703115,0.953182,0.464404,1.417586,200
1775042540318128148,1775042540318128148,1775042540321160281,0.000000,3.032133,3.032133,200
1775042540324202291,1775042540324202291,1775042540324975551,0.000000,0.773260,0.773260,200
1775042540360967950,1775042540360967950,1775042540361976803,0.000000,1.008853,1.008853,200
1775042540361053027,1775042540361976803,1775042540362840248,0.923776,0.863445,1.787221,200
1775042540362476431,1775042540362840248,1775042540365999373,0.363817,3.159125,3.522942,200
1775042540374261027,1775042540374261027,1775042540375026142,0.000000,0.765115,0.765115,200
1775042540374372125,1775042540375026142,1775042540376537948,0.654017,1.511806,2.165823,200
1775042540375890636,1775042540376537948,1775042540377252673,0.647312,0.714725,1.362037,200
1775042540375954441,1775042540377252673,1775042540378573505,1.298232,1.320832,2.619064,200
1775042540376603425,1775042540378573505,1775042540379254489,1.970080,0.680984,2.651064,200
1775042540377680489,1775042540379254489,1775042540380626156,1.574000,1.371667,2.945667,200
1775042540381289792,1775042540381289792,1775042540381892788,0.000000,0.602996,0.602996,200
1775042540398185801,1775042540398185801,1775042540398690053,0.000000,0.504252,0.504252,200
1775042540409150745,1775042540409150745,1775042540410054905,0.000000,0.904160,0.904160,200
1775042540415317575,1775042540415317575,1775042540415933415,0.000000,0.615840,0.615840,200
1775042540417944902,1775042540417944902,1775042540418745847,0.000000,0.800945,0.800945,200
1775042540419698595,1775042540419698595,1775042540420340247,0.000000,0.641652,0.641652,200
1775042540429883691,1775042540429883691,1775042540431838685,0.000000,1.954994,1.954994,200
1775042540444569850,1775042540444569850,1775042540445299522,0.000000,0.729672,0.729672,200
1775042540460018454,1775042540460018454,1775042540460791709,0.000000,0.773255,0.773255,200
1775042540460193538,1775042540460791709,1775042540462750689,0.598171,1.958980,2.557151,200
1775042540471805180,1775042540471805180,1775042540472577694,0.000000,0.772514,0.772514,200
1775042540472200526,1775042540472577694,1775042540473355755,0.377168,0.778061,1.155229,200
1775042540477148409,1775042540477148409,1775042540477941737,0.000000,0.793328,0.793328,200
1775042540479081231,1775042540479081231,1775042540479789834,0.000000,0.708603,0.708603,200
1775042540491268047,1775042540491268047,1775042540491839701,0.000000,0.571654,0.571654,200
1775042540495767839,1775042540495767839,1775042540496490008,0.000000,0.722169,0.722169,200
1775042540495833699,1775042540496490008,1775042540496898864,0.656309,0.408856,1.065165,200
1775042540495930789,1775042540496898864,1775042540505032796,0.968075,8.133932,9.102007,200
1775042540502569957,1775042540505032796,1775042540505492751,2.462839,0.459955,2.922794,200
1775042540503723261,1775042540505492751,1775042540506042010,1.769490,0.549259,2.318749,200
1775042540505525001,1775042540506042010,1775042540506521466,0.517009,0.479456,0.996465,200
1775042540507681854,1775042540507681854,1775042540508150587,0.000000,0.468733,0.468733,200
1775042540509744423,1775042540509744423,1775042540511421034,0.000000,1.676611,1.676611,200
1775042540529854695,1775042540529854695,1775042540531500336,0.000000,1.645641,1.645641,200
1775042540532589904,1775042540532589904,1775042540533235022,0.000000,0.645118,0.645118,200
1775042540558510575,1775042540558510575,1775042540559246429,0.000000,0.735854,0.735854,200
1775042540564645459,1775042540564645459,1775042540565017481,0.000000,0.372022,0.372022,200
1775042540565821226,1775042540565821226,1775042540566506403,0.000000,0.685177,0.685177,200
1775042540565903667,1775042540566506403,1775042540567515938,0.602736,1.009535,1.612271,200
1775042540567458550,1775042540567515938,1775042540568041122,0.057388,0.525184,0.582572,200
1775042540598628879,1775042540598628879,1775042540599312177,0.000000,0.683298,0.683298,200
1775042540598741319,1775042540599312177,1775042540600939985,0.570858,1.627808,2.198666,200
1775042540641291118,1775042540641291118,1775042540641994920,0.000000,0.703802,0.703802,200
1775042540669847596,1775042540669847596,1775042540671533448,0.000000,1.685852,1.685852,200
1775042540675794400,1775042540675794400,1775042540676502432,0.000000,0.708032,0.708032,200
1775042540676202250,1775042540676502432,1775042540677004339,0.300182,0.501907,0.802089,200
1775042540679443092,1775042540679443092,1775042540680070143,0.000000,0.627051,0.627051,200
1775042540679546054,1775042540680070143,1775042540681459023,0.524089,1.388880,1.912969,200
1775042540681700049,1775042540681700049,1775042540682374385,0.000000,0.674336,0.674336,200
1775042540717762060,1775042540717762060,1775042540718884699,0.000000,1.122639,1.122639,200
1775042540739917199,1775042540739917199,1775042540740548701,0.000000,0.631502,0.631502,200
1775042540751820632,1775042540751820632,1775042540752619342,0.000000,0.798710,0.798710,200
1775042540758672110,1775042540758672110,1775042540759396514,0.000000,0.724404,0.724404,200
1775042540759492991,1775042540759492991,1775042540760386817,0.000000,0.893826,0.893826,200
1775042540777322554,1775042540777322554,1775042540778493301,0.000000,1.170747,1.170747,200
1775042540777398984,1775042540778493301,1775042540779158239,1.094317,0.664938,1.759255,200
1775042540778608559,1775042540779158239,1775042540780061707,0.549680,0.903468,1.453148,200
1775042540811862735,1775042540811862735,1775042540813106492,0.000000,1.243757,1.243757,200
1775042540817165464,1775042540817165464,1775042540817739882,0.000000,0.574418,0.574418,200
1775042540820041587,1775042540820041587,1775042540820839722,0.000000,0.798135,0.798135,200
1775042540822109016,1775042540822109016,1775042540822564612,0.000000,0.455596,0.455596,200
1775042540837184116,1775042540837184116,1775042540837804895,0.000000,0.620779,0.620779,200
1775042540840789092,1775042540840789092,1775042540841508769,0.000000,0.719677,0.719677,200
1775042540841227042,1775042540841508769,1775042540842581879,0.281727,1.073110,1.354837,200
1775042540852192310,1775042540852192310,1775042540854462284,0.000000,2.269974,2.269974,200
1775042540863460830,1775042540863460830,1775042540864178151,0.000000,0.717321,0.717321,200
1775042540876710055,1775042540876710055,1775042540877160332,0.000000,0.450277,0.450277,200
1775042540938728593,1775042540938728593,1775042540940066832,0.000000,1.338239,1.338239,200
1775042540946260641,1775042540946260641,1775042540947052910,0.000000,0.792269,0.792269,200
1775042540953632091,1775042540953632091,1775042540956855503,0.000000,3.223412,3.223412,200
1775042540957685217,1775042540957685217,1775042540958428087,0.000000,0.742870,0.742870,200
1775042540959251511,1775042540959251511,1775042540959770549,0.000000,0.519038,0.519038,200
1775042540975480447,1775042540975480447,1775042540976066429,0.000000,0.585982,0.585982,200
1775042540977162777,1775042540977162777,1775042540977971437,0.000000,0.808660,0.808660,200
1775042540982679745,1775042540982679745,1775042540983415782,0.000000,0.736037,0.736037,200
1775042540983930634,1775042540983930634,1775042540984907576,0.000000,0.976942,0.976942,200
1775042541001222970,1775042541001222970,1775042541001848079,0.000000,0.625109,0.625109,200
1775042541011247567,1775042541011247567,1775042541011992273,0.000000,0.744706,0.744706,200
1775042541011336952,1775042541011992273,1775042541012749963,0.655321,0.757690,1.413011,200
1775042541034912576,1775042541034912576,1775042541035518068,0.000000,0.605492,0.605492,200
1775042541036372853,1775042541036372853,1775042541037126735,0.000000,0.753882,0.753882,200
1775042541039445556,1775042541039445556,1775042541040363678,0.000000,0.918122,0.918122,200
1775042541046595139,1775042541046595139,1775042541048302407,0.000000,1.707268,1.707268,200
1775042541049301531,1775042541049301531,1775042541049943802,0.000000,0.642271,0.642271,200
1775042541052290122,1775042541052290122,1775042541053139129,0.000000,0.849007,0.849007,200
1775042541053062634,1775042541053139129,1775042541057818079,0.076495,4.678950,4.755445,200
1775042541077720160,1775042541077720160,1775042541078237498,0.000000,0.517338,0.517338,200
1775042541117698832,1775042541117698832,1775042541118586428,0.000000,0.887596,0.887596,200
1775042541137449491,1775042541137449491,1775042541138661893,0.000000,1.212402,1.212402,200
1775042541138146148,1775042541138661893,1775042541139368873,0.515745,0.706980,1.222725,200
1775042541149382305,1775042541149382305,1775042541150158362,0.000000,0.776057,0.776057,200
1775042541151841613,1775042541151841613,1775042541152500518,0.000000,0.658905,0.658905,200
1775042541160281220,1775042541160281220,1775042541160749794,0.000000,0.468574,0.468574,200
1775042541160372629,1775042541160749794,1775042541161479727,0.377165,0.729933,1.107098,200
1775042541160421635,1775042541161479727,1775042541162608716,1.058092,1.128989,2.187081,200
1775042541165343550,1775042541165343550,1775042541165790160,0.000000,0.446610,0.446610,200
1775042541165439779,1775042541165790160,1775042541166786365,0.350381,0.996205,1.346586,200
1775042541168115461,1775042541168115461,1775042541169172169,0.000000,1.056708,1.056708,200
1775042541168159146,1775042541169172169,1775042541169893300,1.013023,0.721131,1.734154,200
1775042541180032523,1775042541180032523,1775042541181949939,0.000000,1.917416,1.917416,200
1775042541180157629,1775042541181949939,1775042541183308967,1.792310,1.359028,3.151338,200
1775042541183645114,1775042541183645114,1775042541184865529,0.000000,1.220415,1.220415,200
1775042541239190947,1775042541239190947,1775042541239963275,0.000000,0.772328,0.772328,200
1775042541239308308,1775042541239963275,1775042541240633330,0.654967,0.670055,1.325022,200
1775042541239439646,1775042541240633330,1775042541241236295,1.193684,0.602965,1.796649,200
1775042541239747309,1775042541241236295,1775042541241946732,1.488986,0.710437,2.199423,200
1775042541241521472,1775042541241946732,1775042541242489401,0.425260,0.542669,0.967929,200
1775042541271571385,1775042541271571385,1775042541272335388,0.000000,0.764003,0.764003,200
1775042541273982057,1775042541273982057,1775042541274423132,0.000000,0.441075,0.441075,200
1775042541275011217,1775042541275011217,1775042541275809927,0.000000,0.798710,0.798710,200
1775042541277579769,1775042541277579769,1775042541278250722,0.000000,0.670953,0.670953,200
1775042541277639576,1775042541278250722,1775042541282560577,0.611146,4.309855,4.921001,200
1775042541282195824,1775042541282560577,1775042541283284087,0.364753,0.723510,1.088263,200
1775042541282876851,1775042541283284087,1775042541283935709,0.407236,0.651622,1.058858,200
1775042541283318829,1775042541283935709,1775042541284822844,0.616880,0.887135,1.504015,200
1775042541285697498,1775042541285697498,1775042541286441010,0.000000,0.743512,0.743512,200
1775042541290451390,1775042541290451390,1775042541291174341,0.000000,0.722951,0.722951,200
1775042541290535064,1775042541291174341,1775042541291725274,0.639277,0.550933,1.190210,200
1775042541296255983,1775042541296255983,1775042541297209993,0.000000,0.954010,0.954010,200
1775042541297869006,1775042541297869006,1775042541298376103,0.000000,0.507097,0.507097,200
1775042541299641316,1775042541299641316,1775042541303472158,0.000000,3.830842,3.830842,200
1775042541299842090,1775042541303472158,1775042541304376316,3.630068,0.904158,4.534226,200
1775042541301186692,1775042541304376316,1775042541312915681,3.189624,8.539365,11.728989,200
1775042541301235698,1775042541312915681,1775042541313550942,11.679983,0.635261,12.315244,200
1775042541301970069,1775042541313550942,1775042541315908518,11.580873,2.357576,13.938449,200
1775042541302004226,1775042541315908518,1775042541316396716,13.904292,0.488198,14.392490,200
1775042541302029276,1775042541316396716,1775042541316986304,14.367440,0.589588,14.957028,200
1775042541310859616,1775042541316986304,1775042541317780973,6.126688,0.794669,6.921357,200
1775042541311368606,1775042541317780973,1775042541318585883,6.412367,0.804910,7.217277,200
1775042541318610214,1775042541318610214,1775042541319242628,0.000000,0.632414,0.632414,200
1775042541331371695,1775042541331371695,1775042541336485196,0.000000,5.113501,5.113501,200
1775042541333972469,1775042541336485196,1775042541338225880,2.512727,1.740684,4.253411,200
1775042541334030002,1775042541338225880,1775042541338830028,4.195878,0.604148,4.800026,200
1775042541359162363,1775042541359162363,1775042541359801900,0.000000,0.639537,0.639537,200
1775042541365907964,1775042541365907964,1775042541366828463,0.000000,0.920499,0.920499,200
1775042541383331834,1775042541383331834,1775042541383943235,0.000000,0.611401,0.611401,200
1775042541385142449,1775042541385142449,1775042541386006714,0.000000,0.864265,0.864265,200
1775042541403171490,1775042541403171490,1775042541404379186,0.000000,1.207696,1.207696,200
1775042541405888573,1775042541405888573,1775042541407044020,0.000000,1.155447,1.155447,200
1775042541410631585,1775042541410631585,1775042541412827853,0.000000,2.196268,2.196268,200
1775042541412476635,1775042541412827853,1775042541415688638,0.351218,2.860785,3.212003,200
1775042541419314300,1775042541419314300,1775042541421002233,0.000000,1.687933,1.687933,200
1775042541427440571,1775042541427440571,1775042541427975383,0.000000,0.534812,0.534812,200
1775042541429684315,1775042541429684315,1775042541430369552,0.000000,0.685237,0.685237,200
1775042541436186908,1775042541436186908,1775042541436782941,0.000000,0.596033,0.596033,200
1775042541437534313,1775042541437534313,1775042541438042035,0.000000,0.507722,0.507722,200
1775042541440005053,1775042541440005053,1775042541443705161,0.000000,3.700108,3.700108,200
1775042541441602449,1775042541443705161,1775042541444471659,2.102712,0.766498,2.869210,200
1775042541443171288,1775042541444471659,1775042541445266583,1.300371,0.794924,2.095295,200
1775042541444722273,1775042541445266583,1775042541446033215,0.544310,0.766632,1.310942,200
1775042541445949051,1775042541446033215,1775042541446759212,0.084164,0.725997,0.810161,200
1775042541448822572,1775042541448822572,1775042541449414263,0.000000,0.591691,0.591691,200
1775042541455192623,1775042541455192623,1775042541455648800,0.000000,0.456177,0.456177,200
1775042541469660878,1775042541469660878,1775042541470126031,0.000000,0.465153,0.465153,200
1775042541477029619,1775042541477029619,1775042541479988354,0.000000,2.958735,2.958735,200
1775042541483992998,1775042541483992998,1775042541485517188,0.000000,1.524190,1.524190,200
1775042541484342063,1775042541485517188,1775042541487034352,1.175125,1.517164,2.692289,200
1775042541491769355,1775042541491769355,1775042541492370966,0.000000,0.601611,0.601611,200
1775042541492913411,1775042541492913411,1775042541493803608,0.000000,0.890197,0.890197,200
1775042541493961769,1775042541493961769,1775042541495750506,0.000000,1.788737,1.788737,200
1775042541495110884,1775042541495750506,1775042541496445141,0.639622,0.694635,1.334257,200
1775042541496094435,1775042541496445141,1775042541497178603,0.350706,0.733462,1.084168,200
1775042541496409183,1775042541497178603,1775042541497570283,0.769420,0.391680,1.161100,200
1775042541496582733,1775042541497570283,1775042541504421358,0.987550,6.851075,7.838625,200
1775042541498082908,1775042541504421358,1775042541505614998,6.338450,1.193640,7.532090,200
1775042541502628301,1775042541505614998,1775042541506327287,2.986697,0.712289,3.698986,200
1775042541502737505,1775042541506327287,1775042541507355697,3.589782,1.028410,4.618192,200
1775042541505041789,1775042541507355697,1775042541508046956,2.313908,0.691259,3.005167,200
1775042541519451834,1775042541519451834,1775042541520959779,0.000000,1.507945,1.507945,200
1775042541519526350,1775042541520959779,1775042541521479823,1.433429,0.520044,1.953473,200
1775042541565824591,1775042541565824591,1775042541566712737,0.000000,0.888146,0.888146,200
1775042541566856096,1775042541566856096,1775042541567580150,0.000000,0.724054,0.724054,200
1775042541570162165,1775042541570162165,1775042541571098805,0.000000,0.936640,0.936640,200
1775042541576985069,1775042541576985069,1775042541577599497,0.000000,0.614428,0.614428,200
1775042541608320689,1775042541608320689,1775042541609748951,0.000000,1.428262,1.428262,200
1775042541608431045,1775042541609748951,1775042541610601192,1.317906,0.852241,2.170147,200
1775042541669537484,1775042541669537484,1775042541676846892,0.000000,7.309408,7.309408,200
1775042541671014183,1775042541676846892,1775042541677580664,5.832709,0.733772,6.566481,200
1775042541671827760,1775042541677580664,1775042541678354896,5.752904,0.774232,6.527136,200
1775042541671861696,1775042541678354896,1775042541679179234,6.493200,0.824338,7.317538,200
1775042541703594676,1775042541703594676,1775042541704172213,0.000000,0.577537,0.577537,200
1775042541706281550,1775042541706281550,1775042541707032223,0.000000,0.750673,0.750673,200
1775042541706367078,1775042541707032223,1775042541707660308,0.665145,0.628085,1.293230,200
1775042541707688872,1775042541707688872,1775042541708422465,0.000000,0.733593,0.733593,200
1775042541734035546,1775042541734035546,1775042541734764580,0.000000,0.729034,0.729034,200
1775042541739609678,1775042541739609678,1775042541740094503,0.000000,0.484825,0.484825,200
1775042541743359413,1775042541743359413,1775042541744077237,0.000000,0.717824,0.717824,200
1775042541744634485,1775042541744634485,1775042541745341736,0.000000,0.707251,0.707251,200
1775042541750769323,1775042541750769323,1775042541751476177,0.000000,0.706854,0.706854,200
1775042541752027483,1775042541752027483,1775042541752633577,0.000000,0.606094,0.606094,200
1775042541752315989,1775042541752633577,1775042541753532647,0.317588,0.899070,1.216658,200
1775042541753694967,1775042541753694967,1775042541754780705,0.000000,1.085738,1.085738,200
1775042541775330325,1775042541775330325,1775042541776026829,0.000000,0.696504,0.696504,200
1775042541775420071,1775042541776026829,1775042541776657708,0.606758,0.630879,1.237637,200
1775042541788151353,1775042541788151353,1775042541789452801,0.000000,1.301448,1.301448,200
1775042541788186412,1775042541789452801,1775042541790626535,1.266389,1.173734,2.440123,200
1775042541801978444,1775042541801978444,1775042541803425763,0.000000,1.447319,1.447319,200
1775042541812029394,1775042541812029394,1775042541813441285,0.000000,1.411891,1.411891,200
1775042541813374193,1775042541813441285,1775042541814888604,0.067092,1.447319,1.514411,200
1775042541813438560,1775042541814888604,1775042541815758265,1.450044,0.869661,2.319705,200
1775042541842778476,1775042541842778476,1775042541844406675,0.000000,1.628199,1.628199,200
1775042541842868423,1775042541844406675,1775042541845765486,1.538252,1.358811,2.897063,200
1775042541842924974,1775042541845765486,1775042541846929876,2.840512,1.164390,4.004902,200
1775042541844259914,1775042541846929876,1775042541847658369,2.669962,0.728493,3.398455,200
1775042541851261328,1775042541851261328,1775042541852128348,0.000000,0.867020,0.867020,200
1775042541894122778,1775042541894122778,1775042541894927671,0.000000,0.804893,0.804893,200
1775042541898992257,1775042541898992257,1775042541899590845,0.000000,0.598588,0.598588,200
1775042541901204954,1775042541901204954,1775042541902137264,0.000000,0.932310,0.932310,200
1775042541911539952,1775042541911539952,1775042541912477662,0.000000,0.937710,0.937710,200
1775042541911613807,1775042541912477662,1775042541913872244,0.863855,1.394582,2.258437,200
1775042541912996871,1775042541913872244,1775042541915344086,0.875373,1.471842,2.347215,200
1775042541913057430,1775042541915344086,1775042541916116645,2.286656,0.772559,3.059215,200
1775042541917862282,1775042541917862282,1775042541918628486,0.000000,0.766204,0.766204,200
1775042541917920676,1775042541918628486,1775042541921026812,0.707810,2.398326,3.106136,200
1775042541927044322,1775042541927044322,1775042541927906157,0.000000,0.861835,0.861835,200
1775042541956685776,1775042541956685776,1775042541957241689,0.000000,0.555913,0.555913,200
1775042541961706671,1775042541961706671,1775042541962315929,0.000000,0.609258,0.609258,200
1775042541961785426,1775042541962315929,1775042541963157237,0.530503,0.841308,1.371811,200
1775042541965033283,1775042541965033283,1775042541965783177,0.000000,0.749894,0.749894,200
1775042541971827349,1775042541971827349,1775042541973458357,0.000000,1.631008,1.631008,200
1775042541975984560,1775042541975984560,1775042541976687329,0.000000,0.702769,0.702769,200
1775042542002660586,1775042542002660586,1775042542004124134,0.000000,1.463548,1.463548,200
1775042542004350101,1775042542004350101,1775042542005104594,0.000000,0.754493,0.754493,200
1775042542026189448,1775042542026189448,1775042542027142643,0.000000,0.953195,0.953195,200
1775042542033314945,1775042542033314945,1775042542033722512,0.000000,0.407567,0.407567,200
1775042542036062131,1775042542036062131,1775042542036539150,0.000000,0.477019,0.477019,200
1775042542050624095,1775042542050624095,1775042542051437264,0.000000,0.813169,0.813169,200
1775042542052122446,1775042542052122446,1775042542052578303,0.000000,0.455857,0.455857,200
1775042542061554608,1775042542061554608,1775042542062568771,0.000000,1.014163,1.014163,200
1775042542066765637,1775042542066765637,1775042542067358674,0.000000,0.593037,0.593037,200
1775042542071281946,1775042542071281946,1775042542072161886,0.000000,0.879940,0.879940,200
1775042542071437952,1775042542072161886,1775042542072804968,0.723934,0.643082,1.367016,200
1775042542071886482,1775042542072804968,1775042542073700878,0.918486,0.895910,1.814396,200
1775042542071929908,1775042542073700878,1775042542074289499,1.770970,0.588621,2.359591,200
1775042542076688949,1775042542076688949,1775042542077463436,0.000000,0.774487,0.774487,200
1775042542087375456,1775042542087375456,1775042542088228183,0.000000,0.852727,0.852727,200
1775042542090327181,1775042542090327181,1775042542090788829,0.000000,0.461648,0.461648,200
1775042542102511659,1775042542102511659,1775042542103920869,0.000000,1.409210,1.409210,200
1775042542112404564,1775042542112404564,1775042542113034104,0.000000,0.629540,0.629540,200
1775042542112442619,1775042542113034104,1775042542113769017,0.591485,0.734913,1.326398,200
1775042542113154276,1775042542113769017,1775042542115674595,0.614741,1.905578,2.520319,200
1775042542114796530,1775042542115674595,1775042542116629332,0.878065,0.954737,1.832802,200
1775042542115860653,1775042542116629332,1775042542117915311,0.768679,1.285979,2.054658,200
1775042542146810285,1775042542146810285,1775042542147383220,0.000000,0.572935,0.572935,200
1775042542147916376,1775042542147916376,1775042542148720018,0.000000,0.803642,0.803642,200
1775042542148000942,1775042542148720018,1775042542150299712,0.719076,1.579694,2.298770,200
1775042542152483501,1775042542152483501,1775042542158387432,0.000000,5.903931,5.903931,200
1775042542160152632,1775042542160152632,1775042542160860674,0.000000,0.708042,0.708042,200
1775042542163832074,1775042542163832074,1775042542164493785,0.000000,0.661711,0.661711,200
1775042542165159540,1775042542165159540,1775042542165746664,0.000000,0.587124,0.587124,200
1775042542166151427,1775042542166151427,1775042542166584818,0.000000,0.433391,0.433391,200
1775042542167642302,1775042542167642302,1775042542168761263,0.000000,1.118961,1.118961,200
1775042542167696809,1775042542168761263,1775042542169299271,1.064454,0.538008,1.602462,200
1775042542185710774,1775042542185710774,1775042542186603269,0.000000,0.892495,0.892495,200
1775042542202958927,1775042542202958927,1775042542203623033,0.000000,0.664106,0.664106,200
1775042542203007482,1775042542203623033,1775042542204247931,0.615551,0.624898,1.240449,200
1775042542239105040,1775042542239105040,1775042542244081594,0.000000,4.976554,4.976554,200
1775042542240783475,1775042542244081594,1775042542244792102,3.298119,0.710508,4.008627,200
1775042542240861748,1775042542244792102,1775042542245610333,3.930354,0.818231,4.748585,200
1775042542243570490,1775042542245610333,1775042542246624126,2.039843,1.013793,3.053636,200
1775042542249945320,1775042542249945320,1775042542250459491,0.000000,0.514171,0.514171,200
1775042542249999256,1775042542250459491,1775042542251248084,0.460235,0.788593,1.248828,200
1775042542262031222,1775042542262031222,1775042542262783904,0.000000,0.752682,0.752682,200
1775042542262073095,1775042542262783904,1775042542263749345,0.710809,0.965441,1.676250,200
1775042542273966561,1775042542273966561,1775042542274696055,0.000000,0.729494,0.729494,200
1775042542290999928,1775042542290999928,1775042542291586471,0.000000,0.586543,0.586543,200
1775042542325847494,1775042542325847494,1775042542326543423,0.000000,0.695929,0.695929,200
1775042542349775710,1775042542349775710,1775042542350294811,0.000000,0.519101,0.519101,200
1775042542356723564,1775042542356723564,1775042542357636189,0.000000,0.912625,0.912625,200
1775042542358749360,1775042542358749360,1775042542359395410,0.000000,0.646050,0.646050,200
1775042542358792906,1775042542359395410,1775042542360128482,0.602504,0.733072,1.335576,200
1775042542362912111,1775042542362912111,1775042542363691073,0.000000,0.778962,0.778962,200
1775042542368881518,1775042542368881518,1775042542369666188,0.000000,0.784670,0.784670,200
1775042542368933229,1775042542369666188,1775042542371627585,0.732959,1.961397,2.694356,200
1775042542369402370,1775042542371627585,1775042542372207935,2.225215,0.580350,2.805565,200
1775042542375535305,1775042542375535305,1775042542376276202,0.000000,0.740897,0.740897,200
1775042542376588713,1775042542376588713,1775042542377061150,0.000000,0.472437,0.472437,200
1775042542378541519,1775042542378541519,1775042542379185004,0.000000,0.643485,0.643485,200
1775042542382991791,1775042542382991791,1775042542383663585,0.000000,0.671794,0.671794,200
1775042542390178412,1775042542390178412,1775042542390908893,0.000000,0.730481,0.730481,200
1775042542390371120,1775042542390908893,1775042542391618377,0.537773,0.709484,1.247257,200
1775042542410002332,1775042542410002332,1775042542411391212,0.000000,1.388880,1.388880,200
1775042542410075956,1775042542411391212,1775042542412201756,1.315256,0.810544,2.125800,200
1775042542456635694,1775042542456635694,1775042542457404867,0.000000,0.769173,0.769173,200
1775042542458300222,1775042542458300222,1775042542460321231,0.000000,2.021009,2.021009,200
1775042542459680591,1775042542460321231,1775042542460956592,0.640640,0.635361,1.276001,200
1775042542459824283,1775042542460956592,1775042542461609808,1.132309,0.653216,1.785525,200
1775042542460050988,1775042542461609808,1775042542462389060,1.558820,0.779252,2.338072,200
1775042542460105656,1775042542462389060,1775042542463671332,2.283404,1.282272,3.565676,200
1775042542488019717,1775042542488019717,1775042542488828436,0.000000,0.808719,0.808719,200
1775042542494141506,1775042542494141506,1775042542495478590,0.000000,1.337084,1.337084,200
1775042542497038001,1775042542497038001,1775042542497793898,0.000000,0.755897,0.755897,200
1775042542503306042,1775042542503306042,1775042542504065255,0.000000,0.759213,0.759213,200
1775042542508176281,1775042542508176281,1775042542509021904,0.000000,0.845623,0.845623,200
1775042542508245187,1775042542509021904,1775042542509759484,0.776717,0.737580,1.514297,200
1775042542508292570,1775042542509759484,1775042542510171384,1.466914,0.411900,1.878814,200
1775042542515531802,1775042542515531802,1775042542516156371,0.000000,0.624569,0.624569,200
1775042542517487198,1775042542517487198,1775042542519107068,0.000000,1.619870,1.619870,200
1775042542517601122,1775042542519107068,1775042542519802908,1.505946,0.695840,2.201786,200
1775042542517723712,1775042542519802908,1775042542520600026,2.079196,0.797118,2.876314,200
1775042542520807837,1775042542520807837,1775042542521334382,0.000000,0.526545,0.526545,200
1775042542553536986,1775042542553536986,1775042542554213616,0.000000,0.676630,0.676630,200
1775042542556433933,1775042542556433933,1775042542557993379,0.000000,1.559446,1.559446,200
1775042542556504782,1775042542557993379,1775042542558668315,1.488597,0.674936,2.163533,200
1775042542562203548,1775042542562203548,1775042542563175703,0.000000,0.972155,0.972155,200
1775042542562262745,1775042542563175703,1775042542563624001,0.912958,0.448298,1.361256,200
1775042542562297152,1775042542563624001,1775042542564397464,1.326849,0.773463,2.100312,200
1775042542563890661,1775042542564397464,1775042542565781135,0.506803,1.383671,1.890474,200
1775042542576787035,1775042542576787035,1775042542580328571,0.000000,3.541536,3.541536,200
1775042542576852263,1775042542580328571,1775042542580719709,3.476308,0.391138,3.867446,200
1775042542576893323,1775042542580719709,1775042542581519582,3.826386,0.799873,4.626259,200
1775042542611336780,1775042542611336780,1775042542612070953,0.000000,0.734173,0.734173,200
1775042542617808534,1775042542617808534,1775042542618246384,0.000000,0.437850,0.437850,200
1775042542620568261,1775042542620568261,1775042542621433695,0.000000,0.865434,0.865434,200
1775042542620605765,1775042542621433695,1775042542622121368,0.827930,0.687673,1.515603,200
1775042542620720159,1775042542622121368,1775042542622764112,1.401209,0.642744,2.043953,200
1775042542625822705,1775042542625822705,1775042542632502420,0.000000,6.679715,6.679715,200
1775042542629179709,1775042542632502420,1775042542633386654,3.322711,0.884234,4.206945,200
1775042542629224748,1775042542633386654,1775042542633890845,4.161906,0.504191,4.666097,200
1775042542629250508,1775042542633890845,1775042542635356297,4.640337,1.465452,6.105789,200
1775042542642367315,1775042542642367315,1775042542643120177,0.000000,0.752862,0.752862,200
1775042542642509063,1775042542643120177,1775042542644341037,0.611114,1.220860,1.831974,200
1775042542644328675,1775042542644341037,1775042542645206021,0.012362,0.864984,0.877346,200
1775042542646234856,1775042542646234856,1775042542646996034,0.000000,0.761178,0.761178,200
1775042542649767953,1775042542649767953,1775042542650614146,0.000000,0.846193,0.846193,200
1775042542658204602,1775042542658204602,1775042542658790464,0.000000,0.585862,0.585862,200
1775042542685457829,1775042542685457829,1775042542685947232,0.000000,0.489403,0.489403,200
1775042542696800011,1775042542696800011,1775042542697667559,0.000000,0.867548,0.867548,200
1775042542699687609,1775042542699687609,1775042542700987027,0.000000,1.299418,1.299418,200
1775042542715267665,1775042542715267665,1775042542716986171,0.000000,1.718506,1.718506,200
1775042542717554193,1775042542717554193,1775042542718159213,0.000000,0.605020,0.605020,200
1775042542717597838,1775042542718159213,1775042542718878751,0.561375,0.719538,1.280913,200
1775042542726324748,1775042542726324748,1775042542728258986,0.000000,1.934238,1.934238,200
1775042542726368735,1775042542728258986,1775042542729207901,1.890251,0.948915,2.839166,200
1775042542727572396,1775042542729207901,1775042542729985678,1.635505,0.777777,2.413282,200
1775042542736868355,1775042542736868355,1775042542737371966,0.000000,0.503611,0.503611,200
1775042542740566424,1775042542740566424,1775042542741041702,0.000000,0.475278,0.475278,200
1775042542748979128,1775042542748979128,1775042542749750275,0.000000,0.771147,0.771147,200
1775042542749079665,1775042542749750275,1775042542750472446,0.670610,0.722171,1.392781,200
1775042542753090425,1775042542753090425,1775042542753824977,0.000000,0.734552,0.734552,200
1775042542769735140,1775042542769735140,1775042542770566625,0.000000,0.831485,0.831485,200
1775042542769811811,1775042542770566625,1775042542771321589,0.754814,0.754964,1.509778,200
1775042542771835704,1775042542771835704,1775042542772599447,0.000000,0.763743,0.763743,200
1775042542784796942,1775042542784796942,1775042542786302100,0.000000,1.505158,1.505158,200
1775042542801097223,1775042542801097223,1775042542801596659,0.000000,0.499436,0.499436,200
1775042542803982211,1775042542803982211,1775042542804839237,0.000000,0.857026,0.857026,200
1775042542837249618,1775042542837249618,1775042542837726376,0.000000,0.476758,0.476758,200
1775042542866811332,1775042542866811332,1775042542867608079,0.000000,0.796747,0.796747,200
1775042542869137017,1775042542869137017,1775042542871338198,0.000000,2.201181,2.201181,200
1775042542876358182,1775042542876358182,1775042542877057597,0.000000,0.699415,0.699415,200
1775042542877279059,1775042542877279059,1775042542877837427,0.000000,0.558368,0.558368,200
1775042542881821476,1775042542881821476,1775042542883274533,0.000000,1.453057,1.453057,200
1775042542906804280,1775042542906804280,1775042542907754009,0.000000,0.949729,0.949729,200
1775042542936360813,1775042542936360813,1775042542938467860,0.000000,2.107047,2.107047,200
1775042542959711159,1775042542959711159,1775042542960326838,0.000000,0.615679,0.615679,200
1775042542959780735,1775042542960326838,1775042542961090131,0.546103,0.763293,1.309396,200
1775042542959815103,1775042542961090131,1775042542961764365,1.275028,0.674234,1.949262,200
1775042542989649486,1775042542989649486,1775042542990308701,0.000000,0.659215,0.659215,200
1775042542993964235,1775042542993964235,1775042542994664982,0.000000,0.700747,0.700747,200
1775042543004796222,1775042543004796222,1775042543005806148,0.000000,1.009926,1.009926,200
1775042543004869216,1775042543005806148,1775042543006417692,0.936932,0.611544,1.548476,200
1775042543006188666,1775042543006417692,1775042543014220095,0.229026,7.802403,8.031429,200
1775042543018564746,1775042543018564746,1775042543020591806,0.000000,2.027060,2.027060,200
1775042543025838173,1775042543025838173,1775042543026549023,0.000000,0.710850,0.710850,200
1775042543037980611,1775042543037980611,1775042543047645719,0.000000,9.665108,9.665108,200
1775042543038044567,1775042543047645719,1775042543048701119,9.601152,1.055400,10.656552,200
1775042543038081760,1775042543048701119,1775042543049544899,10.619359,0.843780,11.463139,200
1775042543038111538,1775042543049544899,1775042543051074587,11.433361,1.529688,12.963049,200
1775042543042531422,1775042543051074587,1775042543051887917,8.543165,0.813330,9.356495,200
1775042543042647810,1775042543051887917,1775042543052439210,9.240107,0.551293,9.791400,200
1775042543042682528,1775042543052439210,1775042543053155603,9.756682,0.716393,10.473075,200
1775042543045284716,1775042543053155603,1775042543056853797,7.870887,3.698194,11.569081,200
1775042543060384468,1775042543060384468,1775042543061076839,0.000000,0.692371,0.692371,200
1775042543062840970,1775042543062840970,1775042543063524912,0.000000,0.683942,0.683942,200
1775042543092893056,1775042543092893056,1775042543093959615,0.000000,1.066559,1.066559,200
1775042543093021067,1775042543093959615,1775042543097124599,0.938548,3.164984,4.103532,200
1775042543094439822,1775042543097124599,1775042543098813978,2.684777,1.689379,4.374156,200
1775042543095738952,1775042543098813978,1775042543099609513,3.075026,0.795535,3.870561,200
1775042543108591115,1775042543108591115,1775042543108972795,0.000000,0.381680,0.381680,200
1775042543108680861,1775042543108972795,1775042543109623243,0.291934,0.650448,0.942382,200
1775042543117632031,1775042543117632031,1775042543118757809,0.000000,1.125778,1.125778,200
1775042543120398642,1775042543120398642,1775042543120877412,0.000000,0.478770,0.478770,200
1775042543120622711,1775042543120877412,1775042543121555425,0.254701,0.678013,0.932714,200
1775042543120885537,1775042543121555425,1775042543122634028,0.669888,1.078603,1.748491,200
1775042543121078065,1775042543122634028,1775042543123337431,1.555963,0.703403,2.259366,200
1775042543124034639,1775042543124034639,1775042543125381234,0.000000,1.346595,1.346595,200
1775042543125754034,1775042543125754034,1775042543127815114,0.000000,2.061080,2.061080,200
1775042543130298545,1775042543130298545,1775042543131078208,0.000000,0.779663,0.779663,200
1775042543132080704,1775042543132080704,1775042543132762934,0.000000,0.682230,0.682230,200
1775042543135961226,1775042543135961226,1775042543136665835,0.000000,0.704609,0.704609,200
1775042543142090658,1775042543142090658,1775042543143467624,0.000000,1.376966,1.376966,200
1775042543154221671,1775042543154221671,1775042543155542804,0.000000,1.321133,1.321133,200
1775042543154288222,1775042543155542804,1775042543160266902,1.254582,4.724098,5.978680,200
1775042543171889056,1775042543171889056,1775042543172522866,0.000000,0.633810,0.633810,200
1775042543171962200,1775042543172522866,1775042543173188365,0.560666,0.665499,1.226165,200
1775042543173642548,1775042543173642548,1775042543175553675,0.000000,1.911127,1.911127,200
1775042543225222426,1775042543225222426,1775042543225668674,0.000000,0.446248,0.446248,200
1775042543229012085,1775042543229012085,1775042543229816489,0.000000,0.804404,0.804404,200
1775042543244736782,1775042543244736782,1775042543245471798,0.000000,0.735016,0.735016,200
1775042543244818332,1775042543245471798,1775042543246042219,0.653466,0.570421,1.223887,200
1775042543257790853,1775042543257790853,1775042543258300407,0.000000,0.509554,0.509554,200
1775042543265251060,1775042543265251060,1775042543265905725,0.000000,0.654665,0.654665,200
1775042543265314634,1775042543265905725,1775042543266425767,0.591091,0.520042,1.111133,200
1775042543268061416,1775042543268061416,1775042543268800132,0.000000,0.738716,0.738716,200
1775042543278171192,1775042543278171192,1775042543279134169,0.000000,0.962977,0.962977,200
1775042543279898089,1775042543279898089,1775042543280688173,0.000000,0.790084,0.790084,200
1775042543296909735,1775042543296909735,1775042543297507780,0.000000,0.598045,0.598045,200
1775042543304499373,1775042543304499373,1775042543305136806,0.000000,0.637433,0.637433,200
1775042543308091184,1775042543308091184,1775042543313245385,0.000000,5.154201,5.154201,200
1775042543309386987,1775042543313245385,1775042543318170673,3.858398,4.925288,8.783686,200
1775042543309623722,1775042543318170673,1775042543318782797,8.546951,0.612124,9.159075,200
1775042543320719441,1775042543320719441,1775042543321368657,0.000000,0.649216,0.649216,200
1775042543324709604,1775042543324709604,1775042543325962144,0.000000,1.252540,1.252540,200
1775042543347364191,1775042543347364191,1775042543348057048,0.000000,0.692857,0.692857,200
1775042543348858026,1775042543348858026,1775042543349728338,0.000000,0.870312,0.870312,200
1775042543354028495,1775042543354028495,1775042543354811874,0.000000,0.783379,0.783379,200
1775042543354108672,1775042543354811874,1775042543355499936,0.703202,0.688062,1.391264,200
1775042543361696917,1775042543361696917,1775042543363500134,0.000000,1.803217,1.803217,200
1775042543395325475,1775042543395325475,1775042543396857948,0.000000,1.532473,1.532473,200
1775042543418266240,1775042543418266240,1775042543418903964,0.000000,0.637724,0.637724,200
1775042543442514367,1775042543442514367,1775042543442964642,0.000000,0.450275,0.450275,200
1775042543449140570,1775042543449140570,1775042543449682024,0.000000,0.541454,0.541454,200
1775042543450375434,1775042543450375434,1775042543452067621,0.000000,1.692187,1.692187,200
1775042543467288228,1775042543467288228,1775042543467923346,0.000000,0.635118,0.635118,200
1775042543470682486,1775042543470682486,1775042543471108144,0.000000,0.425658,0.425658,200
1775042543479471541,1775042543479471541,1775042543480217478,0.000000,0.745937,0.745937,200
1775042543485740107,1775042543485740107,1775042543486545832,0.000000,0.805725,0.805725,200
1775042543485813501,1775042543486545832,1775042543487168637,0.732331,0.622805,1.355136,200
1775042543485868640,1775042543487168637,1775042543487820353,1.299997,0.651716,1.951713,200
1775042543486330216,1775042543487820353,1775042543491411605,1.490137,3.591252,5.081389,200
1775042543505711470,1775042543505711470,1775042543506415393,0.000000,0.703923,0.703923,200
1775042543525614666,1775042543525614666,1775042543526418829,0.000000,0.804163,0.804163,200
1775042543533339432,1775042543533339432,1775042543534867450,0.000000,1.528018,1.528018,200
1775042543538052249,1775042543538052249,1775042543538761573,0.000000,0.709324,0.709324,200
1775042543540937387,1775042543540937387,1775042543542366427,0.000000,1.429040,1.429040,200
1775042543542759881,1775042543542759881,1775042543543275645,0.000000,0.515764,0.515764,200
1775042543543952281,1775042543543952281,1775042543544514039,0.000000,0.561758,0.561758,200
1775042543544754897,1775042543544754897,1775042543548284800,0.000000,3.529903,3.529903,200
1775042543547043669,1775042543548284800,1775042543549101909,1.241131,0.817109,2.058240,200
1775042543547212561,1775042543549101909,1775042543549611624,1.889348,0.509715,2.399063,200
1775042543547495827,1775042543549611624,1775042543550178603,2.115797,0.566979,2.682776,200
1775042543547654148,1775042543550178603,1775042543550781158,2.524455,0.602555,3.127010,200
1775042543552151199,1775042543552151199,1775042543553052742,0.000000,0.901543,0.901543,200
1775042543553139245,1775042543553139245,1775042543553813771,0.000000,0.674526,0.674526,200
1775042543568147167,1775042543568147167,1775042543569432408,0.000000,1.285241,1.285241,200
1775042543568190031,1775042543569432408,1775042543570167681,1.242377,0.735273,1.977650,200
1775042543569787627,1775042543570167681,1775042543578465457,0.380054,8.297776,8.677830,200
1775042543572046462,1775042543578465457,1775042543579328902,6.418995,0.863445,7.282440,200
1775042543573189453,1775042543579328902,1775042543580072203,6.139449,0.743301,6.882750,200
1775042543576981649,1775042543580072203,1775042543580625370,3.090554,0.553167,3.643721,200
1775042543578333012,1775042543580625370,1775042543581430415,2.292358,0.805045,3.097403,200
1775042543603346052,1775042543603346052,1775042543603860281,0.000000,0.514229,0.514229,200
1775042543604450299,1775042543604450299,1775042543609112747,0.000000,4.662448,4.662448,200
1775042543605305428,1775042543609112747,1775042543609893652,3.807319,0.780905,4.588224,200
1775042543610636802,1775042543610636802,1775042543611400494,0.000000,0.763692,0.763692,200
1775042543616276751,1775042543616276751,1775042543617273531,0.000000,0.996780,0.996780,200
1775042543618025125,1775042543618025125,1775042543618727025,0.000000,0.701900,0.701900,200
1775042543619724021,1775042543619724021,1775042543620317748,0.000000,0.593727,0.593727,200
1775042543620014630,1775042543620317748,1775042543620700530,0.303118,0.382782,0.685900,200
1775042543626074623,1775042543626074623,1775042543626522684,0.000000,0.448061,0.448061,200
1775042543626155081,1775042543626522684,1775042543627304711,0.367603,0.782027,1.149630,200
1775042543631731557,1775042543631731557,1775042543632167985,0.000000,0.436428,0.436428,200
1775042543631820882,1775042543632167985,1775042543632917323,0.347103,0.749338,1.096441,200
1775042543631868325,1775042543632917323,1775042543633539300,1.048998,0.621977,1.670975,200
1775042543631910308,1775042543633539300,1775042543634255509,1.628992,0.716209,2.345201,200
1775042543640329960,1775042543640329960,1775042543641204179,0.000000,0.874219,0.874219,200
1775042543653256549,1775042543653256549,1775042543654292995,0.000000,1.036446,1.036446,200
1775042543655700480,1775042543655700480,1775042543656378822,0.000000,0.678342,0.678342,200
1775042543660726536,1775042543660726536,1775042543661406513,0.000000,0.679977,0.679977,200
1775042543663356910,1775042543663356910,1775042543664018823,0.000000,0.661913,0.661913,200
1775042543685252429,1775042543685252429,1775042543688212089,0.000000,2.959660,2.959660,200
1775042543690949101,1775042543690949101,1775042543692022238,0.000000,1.073137,1.073137,200
1775042543691016133,1775042543692022238,1775042543692778125,1.006105,0.755887,1.761992,200
1775042543695078186,1775042543695078186,1775042543695832259,0.000000,0.754073,0.754073,200
1775042543695118966,1775042543695832259,1775042543696397891,0.713293,0.565632,1.278925,200
1775042543702254673,1775042543702254673,1775042543702708938,0.000000,0.454265,0.454265,200
1775042543714963597,1775042543714963597,1775042543715937624,0.000000,0.974027,0.974027,200
1775042543717314431,1775042543717314431,1775042543717951041,0.000000,0.636610,0.636610,200
1775042543734791883,1775042543734791883,1775042543735523291,0.000000,0.731408,0.731408,200
1775042543738713019,1775042543738713019,1775042543740011883,0.000000,1.298864,1.298864,200
1775042543746309611,1775042543746309611,1775042543747258737,0.000000,0.949126,0.949126,200
1775042543761928005,1775042543761928005,1775042543762849025,0.000000,0.921020,0.921020,200
1775042543762747694,1775042543762849025,1775042543763287166,0.101331,0.438141,0.539472,200
1775042543762793304,1775042543763287166,1775042543764179620,0.493862,0.892454,1.386316,200
1775042543769150757,1775042543769150757,1775042543769937714,0.000000,0.786957,0.786957,200
1775042543772374104,1775042543772374104,1775042543773063051,0.000000,0.688947,0.688947,200
1775042543797430168,1775042543797430168,1775042543797894858,0.000000,0.464690,0.464690,200
1775042543802046105,1775042543802046105,1775042543803114791,0.000000,1.068686,1.068686,200
1775042543833403322,1775042543833403322,1775042543833817225,0.000000,0.413903,0.413903,200
1775042543834781287,1775042543834781287,1775042543835197105,0.000000,0.415818,0.415818,200
1775042543835555887,1775042543835555887,1775042543836313235,0.000000,0.757348,0.757348,200
1775042543836960475,1775042543836960475,1775042543837679419,0.000000,0.718944,0.718944,200
1775042543861686435,1775042543861686435,1775042543862576302,0.000000,0.889867,0.889867,200
1775042543891271353,1775042543891271353,1775042543892689602,0.000000,1.418249,1.418249,200
1775042543893235617,1775042543893235617,1775042543893759357,0.000000,0.523740,0.523740,200
1775042543920786275,1775042543920786275,1775042543921477985,0.000000,0.691710,0.691710,200
1775042543922146265,1775042543922146265,1775042543923103226,0.000000,0.956961,0.956961,200
1775042543959536894,1775042543959536894,1775042543960178463,0.000000,0.641569,0.641569,200
1775042543990599438,1775042543990599438,1775042543991331598,0.000000,0.732160,0.732160,200
1775042543991991246,1775042543991991246,1775042543992512391,0.000000,0.521145,0.521145,200
1775042543993395282,1775042543993395282,1775042543993927917,0.000000,0.532635,0.532635,200
1775042543994250725,1775042543994250725,1775042543996401850,0.000000,2.151125,2.151125,200
1775042543996786840,1775042543996786840,1775042543997728265,0.000000,0.941425,0.941425,200
1775042544003092458,1775042544003092458,1775042544003567834,0.000000,0.475376,0.475376,200
1775042544011311922,1775042544011311922,1775042544011929697,0.000000,0.617775,0.617775,200
1775042544018903057,1775042544018903057,1775042544019405264,0.000000,0.502207,0.502207,200
1775042544030357090,1775042544030357090,1775042544031121944,0.000000,0.764854,0.764854,200
1775042544051320697,1775042544051320697,1775042544052068698,0.000000,0.748001,0.748001,200
1775042544051414972,1775042544052068698,1775042544052704295,0.653726,0.635597,1.289323,200
1775042544060923659,1775042544060923659,1775042544061774060,0.000000,0.850401,0.850401,200
1775042544066440570,1775042544066440570,1775042544067209112,0.000000,0.768542,0.768542,200
1775042544068220394,1775042544068220394,1775042544068823199,0.000000,0.602805,0.602805,200
1775042544071472045,1775042544071472045,1775042544071888975,0.000000,0.416930,0.416930,200
1775042544076689569,1775042544076689569,1775042544077350190,0.000000,0.660621,0.660621,200
1775042544076749136,1775042544077350190,1775042544078234239,0.601054,0.884049,1.485103,200
1775042544076785387,1775042544078234239,1775042544081225137,1.448852,2.990898,4.439750,200
1775042544076819604,1775042544081225137,1775042544082059328,4.405533,0.834191,5.239724,200
1775042544078336652,1775042544082059328,1775042544082594007,3.722676,0.534679,4.257355,200
1775042544079906584,1775042544082594007,1775042544083373687,2.687423,0.779680,3.467103,200
1775042544119876107,1775042544119876107,1775042544120438121,0.000000,0.562014,0.562014,200
1775042544125597678,1775042544125597678,1775042544126388054,0.000000,0.790376,0.790376,200
1775042544126321940,1775042544126388054,1775042544127127294,0.066114,0.739240,0.805354,200
1775042544142733529,1775042544142733529,1775042544143759048,0.000000,1.025519,1.025519,200
1775042544159569806,1775042544159569806,1775042544160107393,0.000000,0.537587,0.537587,200
1775042544161787809,1775042544161787809,1775042544162493156,0.000000,0.705347,0.705347,200
1775042544164136690,1775042544164136690,1775042544164899320,0.000000,0.762630,0.762630,200
1775042544179591116,1775042544179591116,1775042544180068665,0.000000,0.477549,0.477549,200
1775042544180886248,1775042544180886248,1775042544181837214,0.000000,0.950966,0.950966,200
1775042544183336899,1775042544183336899,1775042544184672987,0.000000,1.336088,1.336088,200
1775042544187995403,1775042544187995403,1775042544188713748,0.000000,0.718345,0.718345,200
1775042544214189119,1775042544214189119,1775042544214820150,0.000000,0.631031,0.631031,200
1775042544220319417,1775042544220319417,1775042544220949857,0.000000,0.630440,0.630440,200
1775042544237261101,1775042544237261101,1775042544243189157,0.000000,5.928056,5.928056,200
1775042544239449447,1775042544243189157,1775042544243822483,3.739710,0.633326,4.373036,200
1775042544242785035,1775042544243822483,1775042544244508793,1.037448,0.686310,1.723758,200
1775042544244346230,1775042544244508793,1775042544245163189,0.162563,0.654396,0.816959,200
1775042544246794415,1775042544246794415,1775042544247573882,0.000000,0.779467,0.779467,200
1775042544249779454,1775042544249779454,1775042544250471825,0.000000,0.692371,0.692371,200
1775042544252050592,1775042544252050592,1775042544253573607,0.000000,1.523015,1.523015,200
1775042544254317372,1775042544254317372,1775042544255061976,0.000000,0.744604,0.744604,200
1775042544255486326,1775042544255486326,1775042544256222666,0.000000,0.736340,0.736340,200
1775042544257554115,1775042544257554115,1775042544258167581,0.000000,0.613466,0.613466,200
1775042544258838567,1775042544258838567,1775042544259693953,0.000000,0.855386,0.855386,200
1775042544260299084,1775042544260299084,1775042544260974893,0.000000,0.675809,0.675809,200
1775042544268558934,1775042544268558934,1775042544276582820,0.000000,8.023886,8.023886,200
1775042544271300375,1775042544276582820,1775042544277661114,5.282445,1.078294,6.360739,200
1775042544275807171,1775042544277661114,1775042544279623397,1.853943,1.962283,3.816226,200
1775042544278136253,1775042544279623397,1775042544280026008,1.487144,0.402611,1.889755,200
1775042544279983128,1775042544280026008,1775042544280804990,0.042880,0.778982,0.821862,200
1775042544289206625,1775042544289206625,1775042544289826802,0.000000,0.620177,0.620177,200
1775042544291460249,1775042544291460249,1775042544291998920,0.000000,0.538671,0.538671,200
1775042544293451488,1775042544293451488,1775042544294234766,0.000000,0.783278,0.783278,200
1775042544297479364,1775042544297479364,1775042544298022345,0.000000,0.542981,0.542981,200
1775042544299147527,1775042544299147527,1775042544299786002,0.000000,0.638475,0.638475,200
1775042544300232897,1775042544300232897,1775042544300881813,0.000000,0.648916,0.648916,200
1775042544301412222,1775042544301412222,1775042544302524248,0.000000,1.112026,1.112026,200
1775042544302635879,1775042544302635879,1775042544303162424,0.000000,0.526545,0.526545,200
1775042544302968292,1775042544303162424,1775042544303998226,0.194132,0.835802,1.029934,200
1775042544310184242,1775042544310184242,1775042544310702821,0.000000,0.518579,0.518579,200
1775042544379478286,1775042544379478286,1775042544380195975,0.000000,0.717689,0.717689,200
1775042544410093770,1775042544410093770,1775042544410967116,0.000000,0.873346,0.873346,200
1775042544438878676,1775042544438878676,1775042544439641516,0.000000,0.762840,0.762840,200
1775042544452060887,1775042544452060887,1775042544452785341,0.000000,0.724454,0.724454,200
1775042544457416652,1775042544457416652,1775042544457976854,0.000000,0.560202,0.560202,200
1775042544457490778,1775042544457976854,1775042544458821115,0.486076,0.844261,1.330337,200
1775042544466154687,1775042544466154687,1775042544466795247,0.000000,0.640560,0.640560,200
1775042544466686622,1775042544466795247,1775042544469915898,0.108625,3.120651,3.229276,200
1775042544468071740,1775042544469915898,1775042544470535557,1.844158,0.619659,2.463817,200
1775042544469654026,1775042544470535557,1775042544472924486,0.881531,2.388929,3.270460,200
1775042544474714099,1775042544474714099,1775042544475348215,0.000000,0.634116,0.634116,200
1775042544511072948,1775042544511072948,1775042544520164184,0.000000,9.091236,9.091236,200
1775042544512190993,1775042544520164184,1775042544521510450,7.973191,1.346266,9.319457,200
1775042544514785101,1775042544521510450,1775042544522194716,6.725349,0.684266,7.409615,200
1775042544515734545,1775042544522194716,1775042544522944450,6.460171,0.749734,7.209905,200
1775042544517754471,1775042544522944450,1775042544532132828,5.189979,9.188378,14.378357,200
1775042544518805263,1775042544532132828,1775042544532919749,13.327565,0.786921,14.114486,200
1775042544523605050,1775042544532919749,1775042544534475840,9.314699,1.556091,10.870790,200
1775042544523679636,1775042544534475840,1775042544535253729,10.796204,0.777889,11.574093,200
1775042544529638829,1775042544535253729,1775042544536013004,5.614900,0.759275,6.374175,200
1775042544544459295,1775042544544459295,1775042544545054694,0.000000,0.595399,0.595399,200
1775042544545558563,1775042544545558563,1775042544546290505,0.000000,0.731942,0.731942,200
1775042544575970585,1775042544575970585,1775042544576628739,0.000000,0.658154,0.658154,200
1775042544576117243,1775042544576628739,1775042544577303438,0.511496,0.674699,1.186195,200
1775042544576259252,1775042544577303438,1775042544577841056,1.044186,0.537618,1.581804,200
1775042544579220445,1775042544579220445,1775042544579931678,0.000000,0.711233,0.711233,200
1775042544579524431,1775042544579931678,1775042544582352649,0.407247,2.420971,2.828218,200
1775042544583587581,1775042544583587581,1775042544584137152,0.000000,0.549571,0.549571,200
1775042544583639904,1775042544584137152,1775042544584582608,0.497248,0.445456,0.942704,200
1775042544587155925,1775042544587155925,1775042544587809631,0.000000,0.653706,0.653706,200
1775042544609303336,1775042544609303336,1775042544610260201,0.000000,0.956865,0.956865,200
1775042544623791970,1775042544623791970,1775042544625397677,0.000000,1.605707,1.605707,200
1775042544626572805,1775042544626572805,1775042544627397082,0.000000,0.824277,0.824277,200
1775042544651515690,1775042544651515690,1775042544652645672,0.000000,1.129982,1.129982,200
1775042544655470573,1775042544655470573,1775042544656700579,0.000000,1.230006,1.230006,200
1775042544655574817,1775042544656700579,1775042544659187158,1.125762,2.486579,3.612341,200
1775042544659212318,1775042544659212318,1775042544659908767,0.000000,0.696449,0.696449,200
1775042544687911023,1775042544687911023,1775042544688535241,0.000000,0.624218,0.624218,200
1775042544691622118,1775042544691622118,1775042544692777064,0.000000,1.154946,1.154946,200
1775042544713294825,1775042544713294825,1775042544715359201,0.000000,2.064376,2.064376,200
1775042544715795979,1775042544715795979,1775042544716304118,0.000000,0.508139,0.508139,200
1775042544717721404,1775042544717721404,1775042544718450932,0.000000,0.729528,0.729528,200
1775042544719549362,1775042544719549362,1775042544720198799,0.000000,0.649437,0.649437,200
1775042544749039320,1775042544749039320,1775042544750743221,0.000000,1.703901,1.703901,200
1775042544749610361,1775042544750743221,1775042544751332744,1.132860,0.589523,1.722383,200
1775042544752833818,1775042544752833818,1775042544753332328,0.000000,0.498510,0.498510,200
1775042544764476235,1775042544764476235,1775042544765159248,0.000000,0.683013,0.683013,200
1775042544773273785,1775042544773273785,1775042544774256525,0.000000,0.982740,0.982740,200
1775042544773347690,1775042544774256525,1775042544775045838,0.908835,0.789313,1.698148,200
1775042544811900793,1775042544811900793,1775042544812398451,0.000000,0.497658,0.497658,200
1775042544816618225,1775042544816618225,1775042544817114870,0.000000,0.496645,0.496645,200
1775042544816830199,1775042544817114870,1775042544820921779,0.284671,3.806909,4.091580,200
1775042544829876272,1775042544829876272,1775042544830657516,0.000000,0.781244,0.781244,200
1775042544830935960,1775042544830935960,1775042544831592902,0.000000,0.656942,0.656942,200
1775042544831011108,1775042544831592902,1775042544832487994,0.581794,0.895092,1.476886,200
1775042544860084207,1775042544860084207,1775042544860825956,0.000000,0.741749,0.741749,200
1775042544862551232,1775042544862551232,1775042544863372617,0.000000,0.821385,0.821385,200
1775042544866296219,1775042544866296219,1775042544869331909,0.000000,3.035690,3.035690,200
1775042544867140076,1775042544869331909,1775042544869901446,2.191833,0.569537,2.761370,200
1775042544875562944,1775042544875562944,1775042544876216236,0.000000,0.653292,0.653292,200
1775042544877297358,1775042544877297358,1775042544878472373,0.000000,1.175015,1.175015,200
1775042544878607731,1775042544878607731,1775042544879393851,0.000000,0.786120,0.786120,200
1775042544878663680,1775042544879393851,1775042544880035011,0.730171,0.641160,1.371331,200
1775042544882223198,1775042544882223198,1775042544882988593,0.000000,0.765395,0.765395,200
1775042544894640186,1775042544894640186,1775042544895543654,0.000000,0.903468,0.903468,200
1775042544896967408,1775042544896967408,1775042544897898128,0.000000,0.930720,0.930720,200
1775042544902472224,1775042544902472224,1775042544902973196,0.000000,0.500972,0.500972,200
1775042544919309201,1775042544919309201,1775042544920177014,0.000000,0.867813,0.867813,200
1775042544919390971,1775042544920177014,1775042544921217075,0.786043,1.040061,1.826104,200
1775042544920812321,1775042544921217075,1775042544922013164,0.404754,0.796089,1.200843,200
1775042544959347137,1775042544959347137,1775042544960906875,0.000000,1.559738,1.559738,200
1775042544959426202,1775042544960906875,1775042544961663260,1.480673,0.756385,2.237058,200
1775042545010702280,1775042545010702280,1775042545013045348,0.000000,2.343068,2.343068,200
1775042545014763402,1775042545014763402,1775042545015650100,0.000000,0.886698,0.886698,200
1775042545021681403,1775042545021681403,1775042545023015607,0.000000,1.334204,1.334204,200
1775042545022020080,1775042545023015607,1775042545023648182,0.995527,0.632575,1.628102,200
1775042545022082172,1775042545023648182,1775042545025113083,1.566010,1.464901,3.030911,200
1775042545055164477,1775042545055164477,1775042545055728276,0.000000,0.563799,0.563799,200
1775042545059131758,1775042545059131758,1775042545059594589,0.000000,0.462831,0.462831,200
1775042545096053313,1775042545096053313,1775042545096642561,0.000000,0.589248,0.589248,200
1775042545099860627,1775042545099860627,1775042545100310722,0.000000,0.450095,0.450095,200
1775042545101284773,1775042545101284773,1775042545102011502,0.000000,0.726729,0.726729,200
1775042545102693508,1775042545102693508,1775042545103623707,0.000000,0.930199,0.930199,200
1775042545162785834,1775042545162785834,1775042545163337099,0.000000,0.551265,0.551265,200
1775042545164016790,1775042545164016790,1775042545164672704,0.000000,0.655914,0.655914,200
1775042545164078020,1775042545164672704,1775042545165580876,0.594684,0.908172,1.502856,200
1775042545172171158,1775042545172171158,1775042545172951192,0.000000,0.780034,0.780034,200
1775042545174636338,1775042545174636338,1775042545177840531,0.000000,3.204193,3.204193,200
1775042545174713530,1775042545177840531,1775042545178626492,3.127001,0.785961,3.912962,200
1775042545176941703,1775042545178626492,1775042545179371227,1.684789,0.744735,2.429524,200
1775042545177131285,1775042545179371227,1775042545179913242,2.239942,0.542015,2.781957,200
1775042545181607352,1775042545181607352,1775042545182284855,0.000000,0.677503,0.677503,200
1775042545215026471,1775042545215026471,1775042545216073015,0.000000,1.046544,1.046544,200
1775042545223042011,1775042545223042011,1775042545223890419,0.000000,0.848408,0.848408,200
1775042545237207387,1775042545237207387,1775042545237946103,0.000000,0.738716,0.738716,200
1775042545239909561,1775042545239909561,1775042545240907147,0.000000,0.997586,0.997586,200
1775042545260393219,1775042545260393219,1775042545261107644,0.000000,0.714425,0.714425,200
1775042545260469229,1775042545261107644,1775042545263751268,0.638415,2.643624,3.282039,200
1775042545266762373,1775042545266762373,1775042545268450306,0.000000,1.687933,1.687933,200
1775042545275649732,1775042545275649732,1775042545276553278,0.000000,0.903546,0.903546,200
1775042545275758225,1775042545276553278,1775042545277244287,0.795053,0.691009,1.486062,200
1775042545305907025,1775042545305907025,1775042545306644916,0.000000,0.737891,0.737891,200
1775042545309809394,1775042545309809394,1775042545315272984,0.000000,5.463590,5.463590,200
1775042545310262564,1775042545315272984,1775042545315807806,5.010420,0.534822,5.545242,200
1775042545310692187,1775042545315807806,1775042545316186632,5.115619,0.378826,5.494445,200
1775042545327501474,1775042545327501474,1775042545327928275,0.000000,0.426801,0.426801,200
1775042545327551161,1775042545327928275,1775042545328604072,0.377114,0.675797,1.052911,200
1775042545327583805,1775042545328604072,1775042545329458032,1.020267,0.853960,1.874227,200
1775042545353931694,1775042545353931694,1775042545354613578,0.000000,0.681884,0.681884,200
1775042545355332624,1775042545355332624,1775042545356042108,0.000000,0.709484,0.709484,200
1775042545356840173,1775042545356840173,1775042545357447568,0.000000,0.607395,0.607395,200
1775042545356963806,1775042545357447568,1775042545358112093,0.483762,0.664525,1.148287,200
1775042545370683708,1775042545370683708,1775042545371329192,0.000000,0.645484,0.645484,200
1775042545400681591,1775042545400681591,1775042545401092519,0.000000,0.410928,0.410928,200
1775042545402608971,1775042545402608971,1775042545403046821,0.000000,0.437850,0.437850,200
1775042545403406197,1775042545403406197,1775042545403994878,0.000000,0.588681,0.588681,200
1775042545429897521,1775042545429897521,1775042545430573659,0.000000,0.676138,0.676138,200
1775042545432650585,1775042545432650585,1775042545433099678,0.000000,0.449093,0.449093,200
1775042545434746439,1775042545434746439,1775042545437272658,0.000000,2.526219,2.526219,200
1775042545436769450,1775042545437272658,1775042545437915822,0.503208,0.643164,1.146372,200
1775042545447099397,1775042545447099397,1775042545447743984,0.000000,0.644587,0.644587,200
1775042545447613386,1775042545447743984,1775042545449843560,0.130598,2.099576,2.230174,200
1775042545448925652,1775042545449843560,1775042545451162121,0.917908,1.318561,2.236469,200
1775042545460263584,1775042545460263584,1775042545460891630,0.000000,0.628046,0.628046,200
1775042545464153139,1775042545464153139,1775042545464988551,0.000000,0.835412,0.835412,200
1775042545464232244,1775042545464988551,1775042545468021681,0.756307,3.033130,3.789437,200
1775042545464357801,1775042545468021681,1775042545468673562,3.663880,0.651881,4.315761,200
1775042545467359064,1775042545468673562,1775042545469220748,1.314498,0.547186,1.861684,200
1775042545491644412,1775042545491644412,1775042545492130838,0.000000,0.486426,0.486426,200
1775042545493229323,1775042545493229323,1775042545493714587,0.000000,0.485264,0.485264,200
1775042545495754891,1775042545495754891,1775042545496578113,0.000000,0.823222,0.823222,200
1775042545502580013,1775042545502580013,1775042545503485724,0.000000,0.905711,0.905711,200
1775042545510977767,1775042545510977767,1775042545511907402,0.000000,0.929635,0.929635,200
1775042545526289068,1775042545526289068,1775042545526983895,0.000000,0.694827,0.694827,200
1775042545534005384,1775042545534005384,1775042545534863532,0.000000,0.858148,0.858148,200
1775042545534854946,1775042545534863532,1775042545535628016,0.008586,0.764484,0.773070,200
1775042545549570508,1775042545549570508,1775042545550550512,0.000000,0.980004,0.980004,200
1775042545552023984,1775042545552023984,1775042545552671417,0.000000,0.647433,0.647433,200
1775042545553592578,1775042545553592578,1775042545553998806,0.000000,0.406228,0.406228,200
1775042545553654039,1775042545553998806,1775042545555653149,0.344767,1.654343,1.999110,200
1775042545576930718,1775042545576930718,1775042545577957016,0.000000,1.026298,1.026298,200
1775042545579258699,1775042545579258699,1775042545591446838,0.000000,12.188139,12.188139,200
1775042545585044352,1775042545591446838,1775042545592008596,6.402486,0.561758,6.964244,200
1775042545585262370,1775042545592008596,1775042545592625122,6.746226,0.616526,7.362752,200
1775042545585335082,1775042545592625122,1775042545593509641,7.290040,0.884519,8.174559,200
1775042545586248535,1775042545593509641,1775042545595582106,7.261106,2.072465,9.333571,200
1775042545586405754,1775042545595582106,1775042545599387580,9.176352,3.805474,12.981826,200
1775042545587567354,1775042545599387580,1775042545600689702,11.820226,1.302122,13.122348,200
1775042545587690967,1775042545600689702,1775042545601274392,12.998735,0.584690,13.583425,200
1775042545587795422,1775042545601274392,1775042545602094172,13.478970,0.819780,14.298750,200
1775042545598627528,1775042545602094172,1775042545602841091,3.466644,0.746919,4.213563,200
1775042545603554860,1775042545603554860,1775042545604031337,0.000000,0.476477,0.476477,200
1775042545630970232,1775042545630970232,1775042545634513454,0.000000,3.543222,3.543222,200
1775042545632947433,1775042545634513454,1775042545635263188,1.566021,0.749734,2.315755,200
1775042545636461745,1775042545636461745,1775042545640223763,0.000000,3.762018,3.762018,200
1775042545636907430,1775042545640223763,1775042545640687094,3.316333,0.463331,3.779664,200
1775042545640277232,1775042545640687094,1775042545643207320,0.409862,2.520226,2.930088,200
1775042545640386627,1775042545643207320,1775042545643884845,2.820693,0.677525,3.498218,200
1775042545656069199,1775042545656069199,1775042545656868822,0.000000,0.799623,0.799623,200
1775042545678175307,1775042545678175307,1775042545681221865,0.000000,3.046558,3.046558,200
1775042545679848633,1775042545681221865,1775042545681943101,1.373232,0.721236,2.094468,200
1775042545684115976,1775042545684115976,1775042545684976126,0.000000,0.860150,0.860150,200
1775042545684199640,1775042545684976126,1775042545685724237,0.776486,0.748111,1.524597,200
1775042545722659166,1775042545722659166,1775042545723181493,0.000000,0.522327,0.522327,200
1775042545723127656,1775042545723181493,1775042545723821301,0.053837,0.639808,0.693645,200
1775042545737930300,1775042545737930300,1775042545738332100,0.000000,0.401800,0.401800,200
1775042545742956214,1775042545742956214,1775042545743595541,0.000000,0.639327,0.639327,200
1775042545778706410,1775042545778706410,1775042545779291070,0.000000,0.584660,0.584660,200
1775042545832854069,1775042545832854069,1775042545833598143,0.000000,0.744074,0.744074,200
1775042545834358102,1775042545834358102,1775042545835101652,0.000000,0.743550,0.743550,200
1775042545835116854,1775042545835116854,1775042545835782914,0.000000,0.666060,0.666060,200
1775042545869406982,1775042545869406982,1775042545870020152,0.000000,0.613170,0.613170,200
1775042545883963348,1775042545883963348,1775042545884612244,0.000000,0.648896,0.648896,200
1775042545887085747,1775042545887085747,1775042545887588819,0.000000,0.503072,0.503072,200
1775042545901357047,1775042545901357047,1775042545902038897,0.000000,0.681850,0.681850,200
1775042545902870608,1775042545902870608,1775042545904820603,0.000000,1.949995,1.949995,200
1775042545904244284,1775042545904820603,1775042545905640455,0.576319,0.819852,1.396171,200
1775042545905460662,1775042545905640455,1775042545906247669,0.179793,0.607214,0.787007,200
1775042545917445291,1775042545917445291,1775042545923101836,0.000000,5.656545,5.656545,200
1775042545919388385,1775042545923101836,1775042545924436819,3.713451,1.334983,5.048434,200
1775042545921251433,1775042545924436819,1775042545924873538,3.185386,0.436719,3.622105,200
1775042545923113959,1775042545924873538,1775042545925760314,1.759579,0.886776,2.646355,200
1775042545926837257,1775042545926837257,1775042545927632474,0.000000,0.795217,0.795217,200
1775042545928044016,1775042545928044016,1775042545928519932,0.000000,0.475916,0.475916,200
1775042545929723022,1775042545929723022,1775042545930433963,0.000000,0.710941,0.710941,200
1775042545929901342,1775042545930433963,1775042545931092277,0.532621,0.658314,1.190935,200
1775042545940334020,1775042545940334020,1775042545941143764,0.000000,0.809744,0.809744,200
1775042545940423426,1775042545941143764,1775042545942364748,0.720338,1.220984,1.941322,200
1775042545943501764,1775042545943501764,1775042545943926840,0.000000,0.425076,0.425076,200
1775042545945266994,1775042545945266994,1775042545946202556,0.000000,0.935562,0.935562,200
1775042545945950546,1775042545946202556,1775042545947917298,0.252010,1.714742,1.966752,200
1775042545946000434,1775042545947917298,1775042545948854818,1.916864,0.937520,2.854384,200
1775042545954256029,1775042545954256029,1775042545954998712,0.000000,0.742683,0.742683,200
1775042545959478430,1775042545959478430,1775042545960233836,0.000000,0.755406,0.755406,200
1775042545971159297,1775042545971159297,1775042545971706633,0.000000,0.547336,0.547336,200
1775042545974537701,1775042545974537701,1775042545975227567,0.000000,0.689866,0.689866,200
1775042545977948926,1775042545977948926,1775042545978586181,0.000000,0.637255,0.637255,200
1775042545989228488,1775042545989228488,1775042545991265032,0.000000,2.036544,2.036544,200
1775042545991042344,1775042545991265032,1775042545992663363,0.222688,1.398331,1.621019,200
1775042545991117571,1775042545992663363,1775042545993566689,1.545792,0.903326,2.449118,200
1775042545993000908,1775042545993566689,1775042545994421289,0.565781,0.854600,1.420381,200
1775042545993042029,1775042545994421289,1775042545995186536,1.379260,0.765247,2.144507,200
1775042545993066547,1775042545995186536,1775042545996102359,2.119989,0.915823,3.035812,200
1775042546016541841,1775042546016541841,1775042546017332345,0.000000,0.790504,0.790504,200
1775042546018862247,1775042546018862247,1775042546020221438,0.000000,1.359191,1.359191,200
1775042546021511307,1775042546021511307,1775042546022606969,0.000000,1.095662,1.095662,200
1775042546027196795,1775042546027196795,1775042546027954205,0.000000,0.757410,0.757410,200
1775042546028192950,1775042546028192950,1775042546028669223,0.000000,0.476273,0.476273,200
1775042546047347682,1775042546047347682,1775042546047982658,0.000000,0.634976,0.634976,200
1775042546081789360,1775042546081789360,1775042546084319077,0.000000,2.529717,2.529717,200
1775042546082329961,1775042546084319077,1775042546084907387,1.989116,0.588310,2.577426,200
1775042546083644331,1775042546084907387,1775042546085657403,1.263056,0.750016,2.013072,200
1775042546086192583,1775042546086192583,1775042546086944656,0.000000,0.752073,0.752073,200
1775042546087481593,1775042546087481593,1775042546088290253,0.000000,0.808660,0.808660,200
1775042546087924011,1775042546088290253,1775042546088960832,0.366242,0.670579,1.036821,200
1775042546112170195,1775042546112170195,1775042546113268287,0.000000,1.098092,1.098092,200
1775042546112612192,1775042546113268287,1775042546115491441,0.656095,2.223154,2.879249,200
1775042546145776670,1775042546145776670,1775042546146461488,0.000000,0.684818,0.684818,200
1775042546154215343,1775042546154215343,1775042546154662789,0.000000,0.447446,0.447446,200
1775042546175057629,1775042546175057629,1775042546175781039,0.000000,0.723410,0.723410,200
1775042546176059095,1775042546176059095,1775042546176830242,0.000000,0.771147,0.771147,200
1775042546224091390,1775042546224091390,1775042546228765696,0.000000,4.674306,4.674306,200
1775042546225100922,1775042546228765696,1775042546229395725,3.664774,0.630029,4.294803,200
1775042546225181450,1775042546229395725,1775042546230588279,4.214275,1.192554,5.406829,200
1775042546225378867,1775042546230588279,1775042546231016212,5.209412,0.427933,5.637345,200
1775042546265310982,1775042546265310982,1775042546266182195,0.000000,0.871213,0.871213,200
1775042546272157632,1775042546272157632,1775042546273140372,0.000000,0.982740,0.982740,200
1775042546272528871,1775042546273140372,1775042546273834123,0.611501,0.693751,1.305252,200
1775042546274650845,1775042546274650845,1775042546275108976,0.000000,0.458131,0.458131,200
1775042546275164774,1775042546275164774,1775042546275692973,0.000000,0.528199,0.528199,200
1775042546276567998,1775042546276567998,1775042546277192327,0.000000,0.624329,0.624329,200
1775042546278346079,1775042546278346079,1775042546279665818,0.000000,1.319739,1.319739,200
1775042546284257052,1775042546284257052,1775042546284997869,0.000000,0.740817,0.740817,200
1775042546297593230,1775042546297593230,1775042546298111859,0.000000,0.518629,0.518629,200
1775042546314060078,1775042546314060078,1775042546319747041,0.000000,5.686963,5.686963,200
1775042546315471580,1775042546319747041,1775042546320494463,4.275461,0.747422,5.022883,200
1775042546318627901,1775042546320494463,1775042546321491243,1.866562,0.996780,2.863342,200
1775042546319059280,1775042546321491243,1775042546322080963,2.431963,0.589720,3.021683,200
1775042546319153635,1775042546322080963,1775042546322807211,2.927328,0.726248,3.653576,200
1775042546319252279,1775042546322807211,1775042546323355780,3.554932,0.548569,4.103501,200
1775042546345400950,1775042546345400950,1775042546346667082,0.000000,1.266132,1.266132,200
1775042546349804821,1775042546349804821,1775042546350363189,0.000000,0.558368,0.558368,200
1775042546350437295,1775042546350437295,1775042546351240516,0.000000,0.803221,0.803221,200
1775042546367594961,1775042546367594961,1775042546369398628,0.000000,1.803667,1.803667,200
1775042546368330638,1775042546369398628,1775042546369885054,1.067990,0.486426,1.554416,200
1775042546368374564,1775042546369885054,1775042546370541835,1.510490,0.656781,2.167271,200
1775042546375672467,1775042546375672467,1775042546377663797,0.000000,1.991330,1.991330,200
1775042546397736356,1775042546397736356,1775042546398623952,0.000000,0.887596,0.887596,200
1775042546403386977,1775042546403386977,1775042546404313058,0.000000,0.926081,0.926081,200
1775042546405880040,1775042546405880040,1775042546406451722,0.000000,0.571682,0.571682,200
1775042546405947794,1775042546406451722,1775042546407086370,0.503928,0.634648,1.138576,200
1775042546416692608,1775042546416692608,1775042546417323159,0.000000,0.630551,0.630551,200
1775042546418719726,1775042546418719726,1775042546419493949,0.000000,0.774223,0.774223,200
1775042546418768182,1775042546419493949,1775042546420188926,0.725767,0.694977,1.420744,200
1775042546418829632,1775042546420188926,1775042546420641365,1.359294,0.452439,1.811733,200
1775042546421525113,1775042546421525113,1775042546422231072,0.000000,0.705959,0.705959,200
1775042546439625069,1775042546439625069,1775042546440256201,0.000000,0.631132,0.631132,200
1775042546443617610,1775042546443617610,1775042546444384108,0.000000,0.766498,0.766498,200
1775042546446230354,1775042546446230354,1775042546447082738,0.000000,0.852384,0.852384,200
1775042546446346493,1775042546447082738,1775042546447840177,0.736245,0.757439,1.493684,200
1775042546447525515,1775042546447840177,1775042546448423895,0.314662,0.583718,0.898380,200
1775042546451097640,1775042546451097640,1775042546451983885,0.000000,0.886245,0.886245,200
1775042546472559468,1775042546472559468,1775042546474817498,0.000000,2.258030,2.258030,200
1775042546477104457,1775042546477104457,1775042546477874137,0.000000,0.769680,0.769680,200
1775042546480126350,1775042546480126350,1775042546480857518,0.000000,0.731168,0.731168,200
1775042546481711715,1775042546481711715,1775042546482612069,0.000000,0.900354,0.900354,200
1775042546505762262,1775042546505762262,1775042546506693253,0.000000,0.930991,0.930991,200
1775042546533116779,1775042546533116779,1775042546534126545,0.000000,1.009766,1.009766,200
1775042546533249430,1775042546534126545,1775042546534803476,0.877115,0.676931,1.554046,200
1775042546545854823,1775042546545854823,1775042546551234957,0.000000,5.380134,5.380134,200
1775042546546287624,1775042546551234957,1775042546551852772,4.947333,0.617815,5.565148,200
1775042546556833906,1775042546556833906,1775042546557519945,0.000000,0.686039,0.686039,200
1775042546557174245,1775042546557519945,1775042546558284787,0.345700,0.764842,1.110542,200
1775042546563772993,1775042546563772993,1775042546564461046,0.000000,0.688053,0.688053,200
1775042546565916437,1775042546565916437,1775042546566398556,0.000000,0.482119,0.482119,200
1775042546612448145,1775042546612448145,1775042546613285673,0.000000,0.837528,0.837528,200
1775042546614188388,1775042546614188388,1775042546614891991,0.000000,0.703603,0.703603,200
1775042546618908900,1775042546618908900,1775042546619792387,0.000000,0.883487,0.883487,200
1775042546624640123,1775042546624640123,1775042546625338295,0.000000,0.698172,0.698172,200
1775042546633982746,1775042546633982746,1775042546638875067,0.000000,4.892321,4.892321,200
1775042546636566387,1775042546638875067,1775042546639507460,2.308680,0.632393,2.941073,200
1775042546663482050,1775042546663482050,1775042546663919891,0.000000,0.437841,0.437841,200
1775042546669999581,1775042546669999581,1775042546670869381,0.000000,0.869800,0.869800,200
1775042546670187991,1775042546670869381,1775042546671883405,0.681390,1.014024,1.695414,200
1775042546689869864,1775042546689869864,1775042546691251469,0.000000,1.381605,1.381605,200
1775042546693342333,1775042546693342333,1775042546694133320,0.000000,0.790987,0.790987,200
1775042546695900985,1775042546695900985,1775042546696637720,0.000000,0.736735,0.736735,200
1775042546697335430,1775042546697335430,1775042546697923027,0.000000,0.587597,0.587597,200
1775042546705563072,1775042546705563072,1775042546706177513,0.000000,0.614441,0.614441,200
1775042546705619432,1775042546706177513,1775042546706846978,0.558081,0.669465,1.227546,200
1775042546713090240,1775042546713090240,1775042546713898941,0.000000,0.808701,0.808701,200
1775042546713135760,1775042546713898941,1775042546714470265,0.763181,0.571324,1.334505,200
1775042546716028112,1775042546716028112,1775042546716688996,0.000000,0.660884,0.660884,200
1775042546717848750,1775042546717848750,1775042546719307348,0.000000,1.458598,1.458598,200
1775042546740639379,1775042546740639379,1775042546741112025,0.000000,0.472646,0.472646,200
1775042546745503178,1775042546745503178,1775042546746344486,0.000000,0.841308,0.841308,200
1775042546776073645,1775042546776073645,1775042546776750223,0.000000,0.676578,0.676578,200
1775042546783821692,1775042546783821692,1775042546786419102,0.000000,2.597410,2.597410,200
1775042546784155308,1775042546786419102,1775042546786945218,2.263794,0.526116,2.789910,200
1775042546784334485,1775042546786945218,1775042546787832485,2.610733,0.887267,3.498000,200
1775042546789708975,1775042546789708975,1775042546790407238,0.000000,0.698263,0.698263,200
1775042546789812829,1775042546790407238,1775042546791268635,0.594409,0.861397,1.455806,200
1775042546789867136,1775042546791268635,1775042546791973771,1.401499,0.705136,2.106635,200
1775042546791059501,1775042546791973771,1775042546792863863,0.914270,0.890092,1.804362,200
1775042546791813424,1775042546792863863,1775042546793641903,1.050439,0.778040,1.828479,200
1775042546795593989,1775042546795593989,1775042546796684830,0.000000,1.090841,1.090841,200
1775042546813643804,1775042546813643804,1775042546815491898,0.000000,1.848094,1.848094,200
1775042546824686664,1775042546824686664,1775042546825595218,0.000000,0.908554,0.908554,200
1775042546825564811,1775042546825595218,1775042546826313771,0.030407,0.718553,0.748960,200
1775042546825667363,1775042546826313771,1775042546826951393,0.646408,0.637622,1.284030,200
1775042546825861204,1775042546826951393,1775042546827632837,1.090189,0.681444,1.771633,200
1775042546833277077,1775042546833277077,1775042546834802096,0.000000,1.525019,1.525019,200
1775042546836584010,1775042546836584010,1775042546837245022,0.000000,0.661012,0.661012,200
1775042546841192631,1775042546841192631,1775042546841808300,0.000000,0.615669,0.615669,200
1775042546841593991,1775042546841808300,1775042546842525608,0.214309,0.717308,0.931617,200
1775042546845693045,1775042546845693045,1775042546850591604,0.000000,4.898559,4.898559,200
1775042546866817335,1775042546866817335,1775042546867426053,0.000000,0.608718,0.608718,200
1775042546866860389,1775042546867426053,1775042546868661004,0.565664,1.234951,1.800615,200
1775042546869188107,1775042546869188107,1775042546869888003,0.000000,0.699896,0.699896,200
1775042546891759931,1775042546891759931,1775042546893209756,0.000000,1.449825,1.449825,200
1775042546896788787,1775042546896788787,1775042546901454646,0.000000,4.665859,4.665859,200
1775042546897480912,1775042546901454646,1775042546902827125,3.973734,1.372479,5.346213,200
1775042546899601559,1775042546902827125,1775042546903510318,3.225566,0.683193,3.908759,200
1775042546900687845,1775042546903510318,1775042546904085520,2.822473,0.575202,3.397675,200
1775042546927727927,1775042546927727927,1775042546928444638,0.000000,0.716711,0.716711,200
1775042546929684665,1775042546929684665,1775042546930354543,0.000000,0.669878,0.669878,200
1775042546954537538,1775042546954537538,1775042546955817097,0.000000,1.279559,1.279559,200
1775042546954649308,1775042546955817097,1775042546957266922,1.167789,1.449825,2.617614,200
1775042546956813616,1775042546957266922,1775042546957770223,0.453306,0.503301,0.956607,200
1775042546956898012,1775042546957770223,1775042546958694010,0.872211,0.923787,1.795998,200
1775042546961862546,1775042546961862546,1775042546963330944,0.000000,1.468398,1.468398,200
1775042546963751801,1775042546963751801,1775042546964303555,0.000000,0.551754,0.551754,200
1775042547036932743,1775042547036932743,1775042547038517498,0.000000,1.584755,1.584755,200
1775042547054808037,1775042547054808037,1775042547055715465,0.000000,0.907428,0.907428,200
1775042547064918902,1775042547064918902,1775042547065327805,0.000000,0.408903,0.408903,200
1775042547072816343,1775042547072816343,1775042547073448038,0.000000,0.631695,0.631695,200
1775042547072869587,1775042547073448038,1775042547074359551,0.578451,0.911513,1.489964,200
1775042547078850759,1775042547078850759,1775042547079747846,0.000000,0.897087,0.897087,200
1775042547079369006,1775042547079747846,1775042547080655475,0.378840,0.907629,1.286469,200
1775042547086549278,1775042547086549278,1775042547087213384,0.000000,0.664106,0.664106,200
1775042547088147419,1775042547088147419,1775042547088854449,0.000000,0.707030,0.707030,200
1775042547099482692,1775042547099482692,1775042547100261193,0.000000,0.778501,0.778501,200
1775042547105542182,1775042547105542182,1775042547106368096,0.000000,0.825914,0.825914,200
1775042547140400275,1775042547140400275,1775042547141603050,0.000000,1.202775,1.202775,200
1775042547140501064,1775042547141603050,1775042547142420342,1.101986,0.817292,1.919278,200
1775042547142019369,1775042547142420342,1775042547142848764,0.400973,0.428422,0.829395,200
1775042547203294273,1775042547203294273,1775042547205151651,0.000000,1.857378,1.857378,200
1775042547205439582,1775042547205439582,1775042547206210877,0.000000,0.771295,0.771295,200
1775042547205535791,1775042547206210877,1775042547207493866,0.675086,1.282989,1.958075,200
1775042547205630047,1775042547207493866,1775042547208240535,1.863819,0.746669,2.610488,200
1775042547205667570,1775042547208240535,1775042547208846768,2.572965,0.606233,3.179198,200
1775042547205705896,1775042547208846768,1775042547209604458,3.140872,0.757690,3.898562,200
1775042547234076931,1775042547234076931,1775042547234836205,0.000000,0.759274,0.759274,200
1775042547235788377,1775042547235788377,1775042547236577551,0.000000,0.789174,0.789174,200
1775042547243170495,1775042547243170495,1775042547243729688,0.000000,0.559193,0.559193,200
1775042547245603933,1775042547245603933,1775042547246267126,0.000000,0.663193,0.663193,200
1775042547246109407,1775042547246267126,1775042547247730674,0.157719,1.463548,1.621267,200
1775042547247181194,1775042547247730674,1775042547248315011,0.549480,0.584337,1.133817,200
1775042547247241984,1775042547248315011,1775042547249112809,1.073027,0.797798,1.870825,200
1775042547247279117,1775042547249112809,1775042547250200364,1.833692,1.087555,2.921247,200
1775042547247300409,1775042547250200364,1775042547250980746,2.899955,0.780382,3.680337,200
1775042547267388991,1775042547267388991,1775042547268073458,0.000000,0.684467,0.684467,200
1775042547272763732,1775042547272763732,1775042547273384403,0.000000,0.620671,0.620671,200
1775042547276772475,1775042547276772475,1775042547280302378,0.000000,3.529903,3.529903,200
1775042547279169429,1775042547280302378,1775042547281067843,1.132949,0.765465,1.898414,200
1775042547279943832,1775042547281067843,1775042547283314344,1.124011,2.246501,3.370512,200
1775042547298115604,1775042547298115604,1775042547298610468,0.000000,0.494864,0.494864,200
1775042547300810644,1775042547300810644,1775042547301315016,0.000000,0.504372,0.504372,200
1775042547306719140,1775042547306719140,1775042547307487791,0.000000,0.768651,0.768651,200
1775042547321657890,1775042547321657890,1775042547322412662,0.000000,0.754772,0.754772,200
1775042547321748669,1775042547322412662,1775042547323029755,0.663993,0.617093,1.281086,200
1775042547324258805,1775042547324258805,1775042547325001867,0.000000,0.743062,0.743062,200
1775042547357474311,1775042547357474311,1775042547360091105,0.000000,2.616794,2.616794,200
1775042547358233624,1775042547360091105,1775042547360775351,1.857481,0.684246,2.541727,200
1775042547409130740,1775042547409130740,1775042547409929318,0.000000,0.798578,0.798578,200
1775042547410313004,1775042547410313004,1775042547411055684,0.000000,0.742680,0.742680,200
1775042547414726705,1775042547414726705,1775042547415903526,0.000000,1.176821,1.176821,200
1775042547416866753,1775042547416866753,1775042547419759521,0.000000,2.892768,2.892768,200
1775042547417948340,1775042547419759521,1775042547420393766,1.811181,0.634245,2.445426,200
1775042547419110456,1775042547420393766,1775042547421281631,1.283310,0.887865,2.171175,200
1775042547420226210,1775042547421281631,1775042547422257501,1.055421,0.975870,2.031291,200
1775042547435956834,1775042547435956834,1775042547436486908,0.000000,0.530074,0.530074,200
1775042547451671331,1775042547451671331,1775042547452650301,0.000000,0.978970,0.978970,200
1775042547453067427,1775042547453067427,1775042547453697747,0.000000,0.630320,0.630320,200
1775042547464662007,1775042547464662007,1775042547465427893,0.000000,0.765886,0.765886,200
1775042547464975363,1775042547465427893,1775042547466065929,0.452530,0.638036,1.090566,200
1775042547471247386,1775042547471247386,1775042547472196867,0.000000,0.949481,0.949481,200
1775042547471315901,1775042547472196867,1775042547478344554,0.880966,6.147687,7.028653,200
1775042547474861684,1775042547478344554,1775042547479211298,3.482870,0.866744,4.349614,200
1775042547487953415,1775042547487953415,1775042547488573526,0.000000,0.620111,0.620111,200
1775042547490041521,1775042547490041521,1775042547490799990,0.000000,0.758469,0.758469,200
1775042547493466798,1775042547493466798,1775042547494035519,0.000000,0.568721,0.568721,200
1775042547505845700,1775042547505845700,1775042547506323031,0.000000,0.477331,0.477331,200
1775042547505984543,1775042547506323031,1775042547506839306,0.338488,0.516275,0.854763,200
1775042547509209135,1775042547509209135,1775042547509837781,0.000000,0.628646,0.628646,200
1775042547511328202,1775042547511328202,1775042547511963322,0.000000,0.635120,0.635120,200
1775042547524063526,1775042547524063526,1775042547524973322,0.000000,0.909796,0.909796,200
1775042547527502359,1775042547527502359,1775042547529162204,0.000000,1.659845,1.659845,200
1775042547529581758,1775042547529581758,1775042547530385921,0.000000,0.804163,0.804163,200
1775042547530807228,1775042547530807228,1775042547539690034,0.000000,8.882806,8.882806,200
1775042547532261959,1775042547539690034,1775042547540539554,7.428075,0.849520,8.277595,200
1775042547536330153,1775042547540539554,1775042547540902386,4.209401,0.362832,4.572233,200
1775042547538178769,1775042547540902386,1775042547541547328,2.723617,0.644942,3.368559,200
1775042547540415999,1775042547541547328,1775042547542276061,1.131329,0.728733,1.860062,200
1775042547542978264,1775042547542978264,1775042547543744681,0.000000,0.766417,0.766417,200
1775042547543223386,1775042547543744681,1775042547544467230,0.521295,0.722549,1.243844,200
1775042547544435220,1775042547544467230,1775042547545188157,0.032010,0.720927,0.752937,200
1775042547544660603,1775042547545188157,1775042547546220116,0.527554,1.031959,1.559513,200
1775042547545949037,1775042547546220116,1775042547546943399,0.271079,0.723283,0.994362,200
1775042547546270799,1775042547546943399,1775042547547705027,0.672600,0.761628,1.434228,200
1775042547546540610,1775042547547705027,1775042547549201588,1.164417,1.496561,2.660978,200
1775042547546868044,1775042547549201588,1775042547549779365,2.333544,0.577777,2.911321,200
1775042547566143131,1775042547566143131,1775042547566610660,0.000000,0.467529,0.467529,200
1775042547568791470,1775042547568791470,1775042547569780385,0.000000,0.988915,0.988915,200
1775042547568903750,1775042547569780385,1775042547570443328,0.876635,0.662943,1.539578,200
1775042547581534274,1775042547581534274,1775042547582296092,0.000000,0.761818,0.761818,200
1775042547639188585,1775042547639188585,1775042547640008087,0.000000,0.819502,0.819502,200
1775042547641235791,1775042547641235791,1775042547641819146,0.000000,0.583355,0.583355,200
1775042547647433113,1775042547647433113,1775042547648653973,0.000000,1.220860,1.220860,200
1775042547662622300,1775042547662622300,1775042547663262008,0.000000,0.639708,0.639708,200
1775042547687762185,1775042547687762185,1775042547690286179,0.000000,2.523994,2.523994,200
1775042547689765295,1775042547690286179,1775042547691084511,0.520884,0.798332,1.319216,200
1775042547690283264,1775042547691084511,1775042547692583950,0.801247,1.499439,2.300686,200
1775042547691589362,1775042547692583950,1775042547693305913,0.994588,0.721963,1.716551,200
1775042547694349937,1775042547694349937,1775042547694871513,0.000000,0.521576,0.521576,200
1775042547695312761,1775042547695312761,1775042547696242396,0.000000,0.929635,0.929635,200
1775042547728520017,1775042547728520017,1775042547729071310,0.000000,0.551293,0.551293,200
1775042547753103023,1775042547753103023,1775042547753928025,0.000000,0.825002,0.825002,200
1775042547755048973,1775042547755048973,1775042547755660145,0.000000,0.611172,0.611172,200
1775042547767767203,1775042547767767203,1775042547768303581,0.000000,0.536378,0.536378,200
1775042547778293706,1775042547778293706,1775042547779078207,0.000000,0.784501,0.784501,200
1775042547778364284,1775042547779078207,1775042547779774917,0.713923,0.696710,1.410633,200
1775042547781576640,1775042547781576640,1775042547782467669,0.000000,0.891029,0.891029,200
1775042547795877238,1775042547795877238,1775042547797131666,0.000000,1.254428,1.254428,200
1775042547796020129,1775042547797131666,1775042547798031526,1.111537,0.899860,2.011397,200
1775042547798103126,1775042547798103126,1775042547798745383,0.000000,0.642257,0.642257,200
1775042547800054743,1775042547800054743,1775042547801042399,0.000000,0.987656,0.987656,200
1775042547808649436,1775042547808649436,1775042547809060014,0.000000,0.410578,0.410578,200
1775042547816397922,1775042547816397922,1775042547828303625,0.000000,11.905703,11.905703,200
1775042547817310257,1775042547828303625,1775042547828852255,10.993368,0.548630,11.541998,200
1775042547817539067,1775042547828852255,1775042547829548759,11.313188,0.696504,12.009692,200
1775042547844895058,1775042547844895058,1775042547845488634,0.000000,0.593576,0.593576,200
1775042547845097486,1775042547845488634,1775042547846027674,0.391148,0.539040,0.930188,200
1775042547846857788,1775042547846857788,1775042547847498969,0.000000,0.641181,0.641181,200
1775042547847043874,1775042547847498969,1775042547848938130,0.455095,1.439161,1.894256,200
1775042547857232061,1775042547857232061,1775042547858521524,0.000000,1.289463,1.289463,200
1775042547864660811,1775042547864660811,1775042547865262572,0.000000,0.601761,0.601761,200
1775042547866818725,1775042547866818725,1775042547869034845,0.000000,2.216120,2.216120,200
1775042547888216667,1775042547888216667,1775042547890844079,0.000000,2.627412,2.627412,200
1775042547897794628,1775042547897794628,1775042547898459448,0.000000,0.664820,0.664820,200
1775042547903456994,1775042547903456994,1775042547904304039,0.000000,0.847045,0.847045,200
1775042547904458487,1775042547904458487,1775042547907839512,0.000000,3.381025,3.381025,200
1775042547908841307,1775042547908841307,1775042547909573117,0.000000,0.731810,0.731810,200
1775042547909535812,1775042547909573117,1775042547911702269,0.037305,2.129152,2.166457,200
1775042547910854462,1775042547911702269,1775042547912801874,0.847807,1.099605,1.947412,200
1775042547911011933,1775042547912801874,1775042547913449960,1.789941,0.648086,2.438027,200
1775042547911122510,1775042547913449960,1775042547914439606,2.327450,0.989646,3.317096,200
1775042547911459844,1775042547914439606,1775042547915070485,2.979762,0.630879,3.610641,200
1775042547911605710,1775042547915070485,1775042547915431273,3.464775,0.360788,3.825563,200
1775042547924790188,1775042547924790188,1775042547925507509,0.000000,0.717321,0.717321,200
1775042547924889143,1775042547925507509,1775042547926155162,0.618366,0.647653,1.266019,200
1775042547926127108,1775042547926155162,1775042547926996470,0.028054,0.841308,0.869362,200
1775042547950757957,1775042547950757957,1775042547951354638,0.000000,0.596681,0.596681,200
1775042547950893824,1775042547951354638,1775042547951797139,0.460814,0.442501,0.903315,200
1775042547956611058,1775042547956611058,1775042547957861234,0.000000,1.250176,1.250176,200
1775042547958011031,1775042547958011031,1775042547958846048,0.000000,0.835017,0.835017,200
1775042547959552276,1775042547959552276,1775042547960348970,0.000000,0.796694,0.796694,200
1775042547959844201,1775042547960348970,1775042547961743085,0.504769,1.394115,1.898884,200
1775042547965941372,1775042547965941372,1775042547966649063,0.000000,0.707691,0.707691,200
1775042547969441365,1775042547969441365,1775042547969874629,0.000000,0.433264,0.433264,200
1775042547970349812,1775042547970349812,1775042547971116680,0.000000,0.766868,0.766868,200
1775042547985592630,1775042547985592630,1775042547986390396,0.000000,0.797766,0.797766,200
1775042547985720391,1775042547986390396,1775042547987384772,0.670005,0.994376,1.664381,200
1775042547993150002,1775042547993150002,1775042547993669535,0.000000,0.519533,0.519533,200
1775042547995197127,1775042547995197127,1775042547996033521,0.000000,0.836394,0.836394,200
1775042548004232593,1775042548004232593,1775042548005397225,0.000000,1.164632,1.164632,200
1775042548005290794,1775042548005397225,1775042548006148873,0.106431,0.751648,0.858079,200
1775042548006238679,1775042548006238679,1775042548006646202,0.000000,0.407523,0.407523,200
1775042548017278142,1775042548017278142,1775042548018001555,0.000000,0.723413,0.723413,200
1775042548030675808,1775042548030675808,1775042548038699479,0.000000,8.023671,8.023671,200
1775042548040000639,1775042548040000639,1775042548041105350,0.000000,1.104711,1.104711,200
1775042548041875455,1775042548041875455,1775042548042464634,0.000000,0.589179,0.589179,200
1775042548043018030,1775042548043018030,1775042548043856401,0.000000,0.838371,0.838371,200
1775042548043975423,1775042548043975423,1775042548044547087,0.000000,0.571664,0.571664,200
1775042548045181916,1775042548045181916,1775042548045803178,0.000000,0.621262,0.621262,200
1775042548052007469,1775042548052007469,1775042548052392168,0.000000,0.384699,0.384699,200
1775042548061795948,1775042548061795948,1775042548062644687,0.000000,0.848739,0.848739,200
1775042548068140666,1775042548068140666,1775042548068959501,0.000000,0.818835,0.818835,200
1775042548069585337,1775042548069585337,1775042548070082447,0.000000,0.497110,0.497110,200
1775042548070819164,1775042548070819164,1775042548071773172,0.000000,0.954008,0.954008,200
1775042548071960268,1775042548071960268,1775042548072431748,0.000000,0.471480,0.471480,200
1775042548075055808,1775042548075055808,1775042548075988983,0.000000,0.933175,0.933175,200
1775042548076410895,1775042548076410895,1775042548076880567,0.000000,0.469672,0.469672,200
1775042548106705863,1775042548106705863,1775042548110545473,0.000000,3.839610,3.839610,200
1775042548108737555,1775042548110545473,1775042548111158322,1.807918,0.612849,2.420767,200
1775042548111344302,1775042548111344302,1775042548112207054,0.000000,0.862752,0.862752,200
1775042548112051703,1775042548112207054,1775042548112697460,0.155351,0.490406,0.645757,200
1775042548114431824,1775042548114431824,1775042548115103618,0.000000,0.671794,0.671794,200
1775042548115098034,1775042548115103618,1775042548115743535,0.005584,0.639917,0.645501,200
1775042548135830150,1775042548135830150,1775042548136342698,0.000000,0.512548,0.512548,200
1775042548187351694,1775042548187351694,1775042548188102510,0.000000,0.750816,0.750816,200
1775042548188850151,1775042548188850151,1775042548189626208,0.000000,0.776057,0.776057,200
1775042548215612583,1775042548215612583,1775042548216273254,0.000000,0.660671,0.660671,200
1775042548215795363,1775042548216273254,1775042548217178490,0.477891,0.905236,1.383127,200
1775042548220509914,1775042548220509914,1775042548221296259,0.000000,0.786345,0.786345,200
1775042548224890440,1775042548224890440,1775042548225569717,0.000000,0.679277,0.679277,200
1775042548232176345,1775042548232176345,1775042548232737179,0.000000,0.560834,0.560834,200
1775042548235498598,1775042548235498598,1775042548237485086,0.000000,1.986488,1.986488,200
1775042548259555378,1775042548259555378,1775042548260249905,0.000000,0.694527,0.694527,200
1775042548259661327,1775042548260249905,1775042548260672326,0.588578,0.422421,1.010999,200
1775042548259786483,1775042548260672326,1775042548261209342,0.885843,0.537016,1.422859,200
1775042548282364837,1775042548282364837,1775042548283228413,0.000000,0.863576,0.863576,200
1775042548282538809,1775042548283228413,1775042548283764084,0.689604,0.535671,1.225275,200
1775042548308085953,1775042548308085953,1775042548308759437,0.000000,0.673484,0.673484,200
1775042548308224145,1775042548308759437,1775042548309278829,0.535292,0.519392,1.054684,200
1775042548312862418,1775042548312862418,1775042548313550863,0.000000,0.688445,0.688445,200
1775042548314728428,1775042548314728428,1775042548315737281,0.000000,1.008853,1.008853,200
1775042548317979601,1775042548317979601,1775042548319548558,0.000000,1.568957,1.568957,200
1775042548323172484,1775042548323172484,1775042548323758677,0.000000,0.586193,0.586193,200
1775042548344935133,1775042548344935133,1775042548345870562,0.000000,0.935429,0.935429,200
1775042548345029970,1775042548345870562,1775042548346399770,0.840592,0.529208,1.369800,200
1775042548346547914,1775042548346547914,1775042548347195387,0.000000,0.647473,0.647473,200
1775042548347077767,1775042548347195387,1775042548347776419,0.117620,0.581032,0.698652,200
1775042548369462679,1775042548369462679,1775042548390410130,0.000000,20.947451,20.947451,200
1775042548370838836,1775042548390410130,1775042548391172890,19.571294,0.762760,20.334054,200
1775042548385533160,1775042548391172890,1775042548392579817,5.639730,1.406927,7.046657,200
1775042548430253268,1775042548430253268,1775042548431682157,0.000000,1.428889,1.428889,200
1775042548442319668,1775042548442319668,1775042548443027622,0.000000,0.707954,0.707954,200
1775042548446083761,1775042548446083761,1775042548446685372,0.000000,0.601611,0.601611,200
1775042548456843983,1775042548456843983,1775042548457561404,0.000000,0.717421,0.717421,200
1775042548457784432,1775042548457784432,1775042548458770878,0.000000,0.986446,0.986446,200
1775042548462166029,1775042548462166029,1775042548463365785,0.000000,1.199756,1.199756,200
1775042548471542872,1775042548471542872,1775042548472237778,0.000000,0.694906,0.694906,200
1775042548474034903,1775042548474034903,1775042548474717066,0.000000,0.682163,0.682163,200
1775042548492324634,1775042548492324634,1775042548493141570,0.000000,0.816936,0.816936,200
1775042548504684742,1775042548504684742,1775042548505283129,0.000000,0.598387,0.598387,200
1775042548506203478,1775042548506203478,1775042548506847013,0.000000,0.643535,0.643535,200
1775042548507713869,1775042548507713869,1775042548509040193,0.000000,1.326324,1.326324,200
1775042548509297523,1775042548509297523,1775042548510330882,0.000000,1.033359,1.033359,200
1775042548513515539,1775042548513515539,1775042548514243858,0.000000,0.728319,0.728319,200
1775042548528761769,1775042548528761769,1775042548529845669,0.000000,1.083900,1.083900,200
1775042548529222385,1775042548529845669,1775042548530252650,0.623284,0.406981,1.030265,200
1775042548546516004,1775042548546516004,1775042548547709781,0.000000,1.193777,1.193777,200
1775042548546612083,1775042548547709781,1775042548548451910,1.097698,0.742129,1.839827,200
1775042548548005182,1775042548548451910,1775042548549258647,0.446728,0.806737,1.253465,200
1775042548551008008,1775042548551008008,1775042548551636654,0.000000,0.628646,0.628646,200
1775042548552352141,1775042548552352141,1775042548553308312,0.000000,0.956171,0.956171,200
1775042548601392117,1775042548601392117,1775042548606066423,0.000000,4.674306,4.674306,200
1775042548601510459,1775042548606066423,1775042548606748078,4.555964,0.681655,5.237619,200
1775042548608267621,1775042548608267621,1775042548609003017,0.000000,0.735396,0.735396,200
1775042548609595473,1775042548609595473,1775042548610277438,0.000000,0.681965,0.681965,200
1775042548609809905,1775042548610277438,1775042548611248415,0.467533,0.970977,1.438510,200
1775042548611499046,1775042548611499046,1775042548612184223,0.000000,0.685177,0.685177,200
1775042548643851158,1775042548643851158,1775042548645397299,0.000000,1.546141,1.546141,200
1775042548644103673,1775042548645397299,1775042548645881983,1.293626,0.484684,1.778310,200
1775042548673789327,1775042548673789327,1775042548674554041,0.000000,0.764714,0.764714,200
1775042548739537255,1775042548739537255,1775042548741598335,0.000000,2.061080,2.061080,200
1775042548753154486,1775042548753154486,1775042548753862162,0.000000,0.707676,0.707676,200
1775042548788985877,1775042548788985877,1775042548789622629,0.000000,0.636752,0.636752,200
1775042548789363620,1775042548789622629,1775042548790280055,0.259009,0.657426,0.916435,200
1775042548790476398,1775042548790476398,1775042548791370799,0.000000,0.894401,0.894401,200
1775042548792478545,1775042548792478545,1775042548798988378,0.000000,6.509833,6.509833,200
1775042548794924396,1775042548798988378,1775042548799595722,4.063982,0.607344,4.671326,200
1775042548794995495,1775042548799595722,1775042548799967744,4.600227,0.372022,4.972249,200
1775042548817671637,1775042548817671637,1775042548818317948,0.000000,0.646311,0.646311,200
1775042548883001577,1775042548883001577,1775042548883464397,0.000000,0.462820,0.462820,200
1775042548887314463,1775042548887314463,1775042548887972929,0.000000,0.658466,0.658466,200
1775042548888909219,1775042548888909219,1775042548890091414,0.000000,1.182195,1.182195,200
1775042548904702068,1775042548904702068,1775042548905378797,0.000000,0.676729,0.676729,200
1775042548905173645,1775042548905378797,1775042548906092199,0.205152,0.713402,0.918554,200
1775042548910085742,1775042548910085742,1775042548910794838,0.000000,0.709096,0.709096,200
1775042548910365482,1775042548910794838,1775042548911872636,0.429356,1.077798,1.507154,200
1775042548911999720,1775042548911999720,1775042548912696289,0.000000,0.696569,0.696569,200
1775042548926267326,1775042548926267326,1775042548927016233,0.000000,0.748907,0.748907,200
1775042548934091746,1775042548934091746,1775042548936317346,0.000000,2.225600,2.225600,200
1775042548936824570,1775042548936824570,1775042548937580767,0.000000,0.756197,0.756197,200
1775042548962033769,1775042548962033769,1775042548962703129,0.000000,0.669360,0.669360,200
1775042548963308576,1775042548963308576,1775042548964089103,0.000000,0.780527,0.780527,200
1775042548973040420,1775042548973040420,1775042548974714131,0.000000,1.673711,1.673711,200
1775042548975603214,1775042548975603214,1775042548976387689,0.000000,0.784475,0.784475,200
1775042548979891457,1775042548979891457,1775042548980466051,0.000000,0.574594,0.574594,200
1775042548990864308,1775042548990864308,1775042548991743557,0.000000,0.879249,0.879249,200
1775042548990993422,1775042548991743557,1775042548992297696,0.750135,0.554139,1.304274,200
1775042548993884216,1775042548993884216,1775042548994576838,0.000000,0.692622,0.692622,200
1775042549002663138,1775042549002663138,1775042549003472951,0.000000,0.809813,0.809813,200
1775042549010629005,1775042549010629005,1775042549011397393,0.000000,0.768388,0.768388,200
1775042549010717399,1775042549011397393,1775042549012998163,0.679994,1.600770,2.280764,200
1775042549012192981,1775042549012998163,1775042549013898184,0.805182,0.900021,1.705203,200
1775042549017297427,1775042549017297427,1775042549018431791,0.000000,1.134364,1.134364,200
1775042549023863921,1775042549023863921,1775042549024687593,0.000000,0.823672,0.823672,200
1775042549051425437,1775042549051425437,1775042549052112008,0.000000,0.686571,0.686571,200
1775042549052301680,1775042549052301680,1775042549053065561,0.000000,0.763881,0.763881,200
1775042549052619766,1775042549053065561,1775042549053830956,0.445795,0.765395,1.211190,200
1775042549053141772,1775042549053830956,1775042549061877208,0.689184,8.046252,8.735436,200
1775042549061901808,1775042549061901808,1775042549062845389,0.000000,0.943581,0.943581,200
1775042549071200737,1775042549071200737,1775042549071835707,0.000000,0.634970,0.634970,200
1775042549101559130,1775042549101559130,1775042549102141796,0.000000,0.582666,0.582666,200
1775042549130171399,1775042549130171399,1775042549130823290,0.000000,0.651891,0.651891,200
1775042549131702210,1775042549131702210,1775042549132613901,0.000000,0.911691,0.911691,200
1775042549160710548,1775042549160710548,1775042549165707932,0.000000,4.997384,4.997384,200
1775042549160798872,1775042549165707932,1775042549166236102,4.909060,0.528170,5.437230,200
1775042549163055113,1775042549166236102,1775042549167144899,3.180989,0.908797,4.089786,200
1775042549163133126,1775042549167144899,1775042549167878451,4.011773,0.733552,4.745325,200
1775042549171432043,1775042549171432043,1775042549172132595,0.000000,0.700552,0.700552,200
1775042549178374266,1775042549178374266,1775042549179798136,0.000000,1.423870,1.423870,200
1775042549190850446,1775042549190850446,1775042549193656500,0.000000,2.806054,2.806054,200
1775042549191546585,1775042549193656500,1775042549196176823,2.109915,2.520323,4.630238,200
1775042549195301119,1775042549196176823,1775042549198565752,0.875704,2.388929,3.264633,200
1775042549219871130,1775042549219871130,1775042549220711401,0.000000,0.840271,0.840271,200
1775042549226344030,1775042549226344030,1775042549227175515,0.000000,0.831485,0.831485,200
1775042549226786120,1775042549227175515,1775042549233350421,0.389395,6.174906,6.564301,200
1775042549254675333,1775042549254675333,1775042549255719797,0.000000,1.044464,1.044464,200
1775042549256059108,1775042549256059108,1775042549256892060,0.000000,0.832952,0.832952,200
1775042549287788664,1775042549287788664,1775042549288260813,0.000000,0.472149,0.472149,200
1775042549304317254,1775042549304317254,1775042549304876955,0.000000,0.559701,0.559701,200
1775042549315892347,1775042549315892347,1775042549316594369,0.000000,0.702022,0.702022,200
1775042549315982545,1775042549316594369,1775042549318837505,0.611824,2.243136,2.854960,200
1775042549318056955,1775042549318837505,1775042549319500309,0.780550,0.662804,1.443354,200
1775042549319487318,1775042549319500309,1775042549320145066,0.012991,0.644757,0.657748,200
1775042549320303400,1775042549320303400,1775042549322980561,0.000000,2.677161,2.677161,200
1775042549327233209,1775042549327233209,1775042549329681091,0.000000,2.447882,2.447882,200
1775042549346678499,1775042549346678499,1775042549350095674,0.000000,3.417175,3.417175,200
1775042549348307563,1775042549350095674,1775042549350701605,1.788111,0.605931,2.394042,200
1775042549358830871,1775042549358830871,1775042549359240472,0.000000,0.409601,0.409601,200
1775042549374234635,1775042549374234635,1775042549375011804,0.000000,0.777169,0.777169,200
1775042549378549040,1775042549378549040,1775042549379159724,0.000000,0.610684,0.610684,200
1775042549378612425,1775042549379159724,1775042549379848749,0.547299,0.689025,1.236324,200
1775042549381022785,1775042549381022785,1775042549381676845,0.000000,0.654060,0.654060,200
1775042549393779040,1775042549393779040,1775042549394981803,0.000000,1.202763,1.202763,200
1775042549397973800,1775042549397973800,1775042549398793306,0.000000,0.819506,0.819506,200
1775042549398334369,1775042549398793306,1775042549399597710,0.458937,0.804404,1.263341,200
1775042549408966919,1775042549408966919,1775042549409499476,0.000000,0.532557,0.532557,200
1775042549417184227,1775042549417184227,1775042549421304569,0.000000,4.120342,4.120342,200
1775042549417340605,1775042549421304569,1775042549421817347,3.963964,0.512778,4.476742,200
1775042549419968804,1775042549421817347,1775042549422447166,1.848543,0.629819,2.478362,200
1775042549435730393,1775042549435730393,1775042549436313552,0.000000,0.583159,0.583159,200
1775042549436002999,1775042549436313552,1775042549438346609,0.310553,2.033057,2.343610,200
1775042549452349739,1775042549452349739,1775042549453251933,0.000000,0.902194,0.902194,200
1775042549454052814,1775042549454052814,1775042549454701139,0.000000,0.648325,0.648325,200
1775042549454112612,1775042549454701139,1775042549455492600,0.588527,0.791461,1.379988,200
1775042549454282496,1775042549455492600,1775042549466403802,1.210104,10.911202,12.121306,200
1775042549456049972,1775042549466403802,1775042549467824856,10.353830,1.421054,11.774884,200
1775042549485339825,1775042549485339825,1775042549485992820,0.000000,0.652995,0.652995,200
1775042549487666885,1775042549487666885,1775042549488403133,0.000000,0.736248,0.736248,200
1775042549490885904,1775042549490885904,1775042549491445467,0.000000,0.559563,0.559563,200
1775042549497642784,1775042549497642784,1775042549498331157,0.000000,0.688373,0.688373,200
1775042549542128938,1775042549542128938,1775042549545628509,0.000000,3.499571,3.499571,200
1775042549543687934,1775042549545628509,1775042549546315409,1.940575,0.686900,2.627475,200
1775042549549491006,1775042549549491006,1775042549550332610,0.000000,0.841604,0.841604,200
1775042549561633430,1775042549561633430,1775042549562303408,0.000000,0.669978,0.669978,200
1775042549563051309,1775042549563051309,1775042549563684195,0.000000,0.632886,0.632886,200
1775042549565214693,1775042549565214693,1775042549566259157,0.000000,1.044464,1.044464,200
1775042549568337855,1775042549568337855,1775042549569289998,0.000000,0.952143,0.952143,200
1775042549568435698,1775042549569289998,1775042549569820026,0.854300,0.530028,1.384328,200
1775042549571882747,1775042549571882747,1775042549572482808,0.000000,0.600061,0.600061,200
1775042549584027643,1775042549584027643,1775042549584749812,0.000000,0.722169,0.722169,200
1775042549584440324,1775042549584749812,1775042549585529119,0.309488,0.779307,1.088795,200
1775042549585378770,1775042549585529119,1775042549586844225,0.150349,1.315106,1.465455,200
1775042549585511070,1775042549586844225,1775042549588242952,1.333155,1.398727,2.731882,200
1775042549586818667,1775042549588242952,1775042549588959934,1.424285,0.716982,2.141267,200
1775042549587403176,1775042549588959934,1775042549589619571,1.556758,0.659637,2.216395,200
1775042549590655302,1775042549590655302,1775042549591382694,0.000000,0.727392,0.727392,200
1775042549595333212,1775042549595333212,1775042549595875460,0.000000,0.542248,0.542248,200
1775042549600999286,1775042549600999286,1775042549602674865,0.000000,1.675579,1.675579,200
1775042549645519339,1775042549645519339,1775042549646029474,0.000000,0.510135,0.510135,200
1775042549649984461,1775042549649984461,1775042549651447431,0.000000,1.462970,1.462970,200
1775042549663458013,1775042549663458013,1775042549663965603,0.000000,0.507590,0.507590,200
1775042549665762275,1775042549665762275,1775042549666822070,0.000000,1.059795,1.059795,200
1775042549668087788,1775042549668087788,1775042549668740182,0.000000,0.652394,0.652394,200
1775042549680328150,1775042549680328150,1775042549681024453,0.000000,0.696303,0.696303,200
1775042549683861799,1775042549683861799,1775042549684546266,0.000000,0.684467,0.684467,200
1775042549683931436,1775042549684546266,1775042549685364710,0.614830,0.818444,1.433274,200
1775042549683969782,1775042549685364710,1775042549686114695,1.394928,0.749985,2.144913,200
1775042549684119416,1775042549686114695,1775042549688655430,1.995279,2.540735,4.536014,200
1775042549699004449,1775042549699004449,1775042549699517649,0.000000,0.513200,0.513200,200
1775042549701070111,1775042549701070111,1775042549701887770,0.000000,0.817659,0.817659,200
1775042549701663759,1775042549701887770,1775042549702397323,0.224011,0.509553,0.733564,200
1775042549704765359,1775042549704765359,1775042549705441156,0.000000,0.675797,0.675797,200
1775042549720860929,1775042549720860929,1775042549722970310,0.000000,2.109381,2.109381,200
1775042549722734574,1775042549722970310,1775042549723514661,0.235736,0.544351,0.780087,200
1775042549724157542,1775042549724157542,1775042549725362801,0.000000,1.205259,1.205259,200
1775042549725590280,1775042549725590280,1775042549726252843,0.000000,0.662563,0.662563,200
1775042549727355872,1775042549727355872,1775042549730514997,0.000000,3.159125,3.159125,200
1775042549729466347,1775042549730514997,1775042549731028867,1.048650,0.513870,1.562520,200
1775042549729664346,1775042549731028867,1775042549731548909,1.364521,0.520042,1.884563,200
1775042549734767844,1775042549734767844,1775042549735678861,0.000000,0.911017,0.911017,200
1775042549737937094,1775042549737937094,1775042549738517215,0.000000,0.580121,0.580121,200
1775042549780040794,1775042549780040794,1775042549780496651,0.000000,0.455857,0.455857,200
1775042549813126260,1775042549813126260,1775042549813843371,0.000000,0.717111,0.717111,200
1775042549817451336,1775042549817451336,1775042549818272137,0.000000,0.820801,0.820801,200
1775042549817508639,1775042549818272137,1775042549819087761,0.763498,0.815624,1.579122,200
1775042549817546734,1775042549819087761,1775042549819865942,1.541027,0.778181,2.319208,200
1775042549818971115,1775042549819865942,1775042549821646565,0.894827,1.780623,2.675450,200
1775042549824920900,1775042549824920900,1775042549825731868,0.000000,0.810968,0.810968,200
1775042549849246275,1775042549849246275,1775042549850214925,0.000000,0.968650,0.968650,200
1775042549852222362,1775042549852222362,1775042549853133327,0.000000,0.910965,0.910965,200
1775042549856484350,1775042549856484350,1775042549857241802,0.000000,0.757452,0.757452,200
1775042549871434045,1775042549871434045,1775042549873626034,0.000000,2.191989,2.191989,200
1775042549876147465,1775042549876147465,1775042549876888724,0.000000,0.741259,0.741259,200
1775042549878313304,1775042549878313304,1775042549879035405,0.000000,0.722101,0.722101,200
1775042549889220311,1775042549889220311,1775042549889837064,0.000000,0.616753,0.616753,200
1775042549892218577,1775042549892218577,1775042549893008412,0.000000,0.789835,0.789835,200
1775042549909511526,1775042549909511526,1775042549910100283,0.000000,0.588757,0.588757,200
1775042549911099258,1775042549911099258,1775042549911928526,0.000000,0.829268,0.829268,200
1775042549916115306,1775042549916115306,1775042549916768429,0.000000,0.653123,0.653123,200
1775042549944223104,1775042549944223104,1775042549944891286,0.000000,0.668182,0.668182,200
1775042549957623788,1775042549957623788,1775042549958761972,0.000000,1.138184,1.138184,200
1775042549963384333,1775042549963384333,1775042549964237133,0.000000,0.852800,0.852800,200
1775042549987650339,1775042549987650339,1775042549989010013,0.000000,1.359674,1.359674,200
1775042549992979966,1775042549992979966,1775042549993784609,0.000000,0.804643,0.804643,200
1775042549993091916,1775042549993784609,1775042549994335883,0.692693,0.551274,1.243967,200
1775042549993200109,1775042549994335883,1775042549995312377,1.135774,0.976494,2.112268,200
1775042549994065240,1775042549995312377,1775042549995861888,1.247137,0.549511,1.796648,200
1775042550019083336,1775042550019083336,1775042550019731784,0.000000,0.648448,0.648448,200
1775042550020032719,1775042550020032719,1775042550021992403,0.000000,1.959684,1.959684,200
1775042550020121504,1775042550021992403,1775042550022686586,1.870899,0.694183,2.565082,200
1775042550020338330,1775042550022686586,1775042550024870202,2.348256,2.183616,4.531872,200
1775042550024424266,1775042550024870202,1775042550025695996,0.445936,0.825794,1.271730,200
1775042550053421062,1775042550053421062,1775042550054153223,0.000000,0.732161,0.732161,200
1775042550059591958,1775042550059591958,1775042550060202312,0.000000,0.610354,0.610354,200
1775042550072970590,1775042550072970590,1775042550074753239,0.000000,1.782649,1.782649,200
1775042550087321505,1775042550087321505,1775042550087976794,0.000000,0.655289,0.655289,200
1775042550087419257,1775042550087976794,1775042550088717130,0.557537,0.740336,1.297873,200
1775042550089498656,1775042550089498656,1775042550090431881,0.000000,0.933225,0.933225,200
1775042550091440495,1775042550091440495,1775042550092121965,0.000000,0.681470,0.681470,200
1775042550094982642,1775042550094982642,1775042550095706756,0.000000,0.724114,0.724114,200
1775042550095050194,1775042550095706756,1775042550096482472,0.656562,0.775716,1.432278,200
1775042550102120499,1775042550102120499,1775042550102617176,0.000000,0.496677,0.496677,200
1775042550102311655,1775042550102617176,1775042550103317888,0.305521,0.700712,1.006233,200
1775042550102617357,1775042550103317888,1775042550104183956,0.700531,0.866068,1.566599,200
1775042550102945903,1775042550104183956,1775042550104888212,1.238053,0.704256,1.942309,200
1775042550105348207,1775042550105348207,1775042550106309091,0.000000,0.960884,0.960884,200
1775042550113716575,1775042550113716575,1775042550116792146,0.000000,3.075571,3.075571,200
1775042550113834617,1775042550116792146,1775042550117663359,2.957529,0.871213,3.828742,200
1775042550139012218,1775042550139012218,1775042550141199774,0.000000,2.187556,2.187556,200
1775042550145230992,1775042550145230992,1775042550145856893,0.000000,0.625901,0.625901,200
1775042550145299256,1775042550145856893,1775042550146636796,0.557637,0.779903,1.337540,200
1775042550145339756,1775042550146636796,1775042550147412278,1.297040,0.775482,2.072522,200
1775042550145374985,1775042550147412278,1775042550147994113,2.037293,0.581835,2.619128,200
1775042550146778756,1775042550147994113,1775042550149573807,1.215357,1.579694,2.795051,200
1775042550171081066,1775042550171081066,1775042550172548508,0.000000,1.467442,1.467442,200
1775042550171989833,1775042550172548508,1775042550173116845,0.558675,0.568337,1.127012,200
1775042550179263687,1775042550179263687,1775042550179914227,0.000000,0.650540,0.650540,200
1775042550180952058,1775042550180952058,1775042550181681363,0.000000,0.729305,0.729305,200
1775042550181133264,1775042550181681363,1775042550182424913,0.548099,0.743550,1.291649,200
1775042550181270444,1775042550182424913,1775042550183158826,1.154469,0.733913,1.888382,200
1775042550236794961,1775042550236794961,1775042550237346005,0.000000,0.551044,0.551044,200
1775042550236881000,1775042550237346005,1775042550238110188,0.465005,0.764183,1.229188,200
1775042550239114975,1775042550239114975,1775042550239796465,0.000000,0.681490,0.681490,200
1775042550242079125,1775042550242079125,1775042550250699037,0.000000,8.619912,8.619912,200
1775042550242151106,1775042550250699037,1775042550251580862,8.547931,0.881825,9.429756,200
1775042550311191504,1775042550311191504,1775042550313125742,0.000000,1.934238,1.934238,200
1775042550311342070,1775042550313125742,1775042550315027602,1.783672,1.901860,3.685532,200
1775042550315981345,1775042550315981345,1775042550316928558,0.000000,0.947213,0.947213,200
1775042550321680040,1775042550321680040,1775042550322263198,0.000000,0.583158,0.583158,200
1775042550324669499,1775042550324669499,1775042550325402881,0.000000,0.733382,0.733382,200
1775042550343520906,1775042550343520906,1775042550344179150,0.000000,0.658244,0.658244,200
1775042550346109736,1775042550346109736,1775042550346816534,0.000000,0.706798,0.706798,200
1775042550353369290,1775042550353369290,1775042550353839595,0.000000,0.470305,0.470305,200
1775042550354943806,1775042550354943806,1775042550355680216,0.000000,0.736410,0.736410,200
1775042550362119222,1775042550362119222,1775042550362912216,0.000000,0.792994,0.792994,200
1775042550376777709,1775042550376777709,1775042550377307320,0.000000,0.529611,0.529611,200
1775042550405932626,1775042550405932626,1775042550406748831,0.000000,0.816205,0.816205,200
1775042550417241897,1775042550417241897,1775042550417746529,0.000000,0.504632,0.504632,200
1775042550451406366,1775042550451406366,1775042550452089704,0.000000,0.683338,0.683338,200
1775042550452630361,1775042550452630361,1775042550454189096,0.000000,1.558735,1.558735,200
1775042550456937264,1775042550456937264,1775042550457923710,0.000000,0.986446,0.986446,200
1775042550481921366,1775042550481921366,1775042550482602019,0.000000,0.680653,0.680653,200
1775042550482034879,1775042550482602019,1775042550483310754,0.567140,0.708735,1.275875,200
1775042550482073836,1775042550483310754,1775042550483937206,1.236918,0.626452,1.863370,200
1775042550484539653,1775042550484539653,1775042550485239857,0.000000,0.700204,0.700204,200
1775042550488191370,1775042550488191370,1775042550488772973,0.000000,0.581603,0.581603,200
1775042550512696197,1775042550512696197,1775042550513878392,0.000000,1.182195,1.182195,200
1775042550516440845,1775042550516440845,1775042550517210684,0.000000,0.769839,0.769839,200
1775042550522070807,1775042550522070807,1775042550523185851,0.000000,1.115044,1.115044,200
1775042550529084941,1775042550529084941,1775042550529815459,0.000000,0.730518,0.730518,200
1775042550537522170,1775042550537522170,1775042550538058065,0.000000,0.535895,0.535895,200
1775042550537606456,1775042550538058065,1775042550538565293,0.451609,0.507228,0.958837,200
1775042550563412507,1775042550563412507,1775042550563903172,0.000000,0.490665,0.490665,200
1775042550565441878,1775042550565441878,1775042550566108719,0.000000,0.666841,0.666841,200
1775042550568891827,1775042550568891827,1775042550569754195,0.000000,0.862368,0.862368,200
1775042550590641947,1775042550590641947,1775042550591335881,0.000000,0.693934,0.693934,200
1775042550590757415,1775042550591335881,1775042550591800285,0.578466,0.464404,1.042870,200
1775042550599214120,1775042550599214120,1775042550599854750,0.000000,0.640630,0.640630,200
1775042550601643985,1775042550601643985,1775042550602270297,0.000000,0.626312,0.626312,200
1775042550610329279,1775042550610329279,1775042550610968185,0.000000,0.638906,0.638906,200
1775042550610463383,1775042550610968185,1775042550611723160,0.504802,0.754975,1.259777,200
1775042550612781151,1775042550612781151,1775042550613596456,0.000000,0.815305,0.815305,200
1775042550612852892,1775042550613596456,1775042550614319578,0.743564,0.723122,1.466686,200
1775042550613065590,1775042550614319578,1775042550614738942,1.253988,0.419364,1.673352,200
1775042550617948443,1775042550617948443,1775042550618406574,0.000000,0.458131,0.458131,200
1775042550618018811,1775042550618406574,1775042550619031170,0.387763,0.624596,1.012359,200
1775042550620238495,1775042550620238495,1775042550621377270,0.000000,1.138775,1.138775,200
1775042550635915257,1775042550635915257,1775042550636729469,0.000000,0.814212,0.814212,200
1775042550686680003,1775042550686680003,1775042550687344176,0.000000,0.664173,0.664173,200
1775042550689373600,1775042550689373600,1775042550693421971,0.000000,4.048371,4.048371,200
1775042550708052952,1775042550708052952,1775042550708658724,0.000000,0.605772,0.605772,200
1775042550721260045,1775042550721260045,1775042550722126113,0.000000,0.866068,0.866068,200
1775042550723280108,1775042550723280108,1775042550723974563,0.000000,0.694455,0.694455,200
1775042550725457229,1775042550725457229,1775042550726196616,0.000000,0.739387,0.739387,200
1775042550725766277,1775042550726196616,1775042550727040536,0.430339,0.843920,1.274259,200
1775042550726174811,1775042550727040536,1775042550727653072,0.865725,0.612536,1.478261,200
1775042550726368562,1775042550727653072,1775042550728114629,1.284510,0.461557,1.746067,200
1775042550729499321,1775042550729499321,1775042550730358734,0.000000,0.859413,0.859413,200
1775042550739494826,1775042550739494826,1775042550742800802,0.000000,3.305976,3.305976,200
1775042550788896696,1775042550788896696,1775042550789641162,0.000000,0.744466,0.744466,200
1775042550795375167,1775042550795375167,1775042550796125061,0.000000,0.749894,0.749894,200
1775042550796734989,1775042550796734989,1775042550797545745,0.000000,0.810756,0.810756,200
1775042550797514251,1775042550797545745,1775042550798041980,0.031494,0.496235,0.527729,200
1775042550802011905,1775042550802011905,1775042550802853422,0.000000,0.841517,0.841517,200
1775042550811174328,1775042550811174328,1775042550811956405,0.000000,0.782077,0.782077,200
1775042550853141751,1775042550853141751,1775042550853763624,0.000000,0.621873,0.621873,200
1775042550855936196,1775042550855936196,1775042550857448663,0.000000,1.512467,1.512467,200
1775042550856026524,1775042550857448663,1775042550858193879,1.422139,0.745216,2.167355,200
1775042550858472133,1775042550858472133,1775042550859195435,0.000000,0.723302,0.723302,200
1775042550858531510,1775042550859195435,1775042550859924188,0.663925,0.728753,1.392678,200
1775042550858571669,1775042550859924188,1775042550860433742,1.352519,0.509554,1.862073,200
1775042550864347930,1775042550864347930,1775042550864765511,0.000000,0.417581,0.417581,200
1775042550881977547,1775042550881977547,1775042550883212498,0.000000,1.234951,1.234951,200
1775042550887030899,1775042550887030899,1775042550887655364,0.000000,0.624465,0.624465,200
1775042550891743267,1775042550891743267,1775042550892404101,0.000000,0.660834,0.660834,200
1775042550928646157,1775042550928646157,1775042550929951367,0.000000,1.305210,1.305210,200
1775042550928769179,1775042550929951367,1775042550930674780,1.182188,0.723413,1.905601,200
1775042550963831027,1775042550963831027,1775042550964421436,0.000000,0.590409,0.590409,200
1775042550994123421,1775042550994123421,1775042550994713281,0.000000,0.589860,0.589860,200
1775042550994226724,1775042550994713281,1775042550999977149,0.486557,5.263868,5.750425,200
1775042551002099317,1775042551002099317,1775042551002783604,0.000000,0.684287,0.684287,200
1775042551005031032,1775042551005031032,1775042551005730569,0.000000,0.699537,0.699537,200
1775042551026678182,1775042551026678182,1775042551028948156,0.000000,2.269974,2.269974,200
1775042551027976164,1775042551028948156,1775042551029716053,0.971992,0.767897,1.739889,200
1775042551029644085,1775042551029716053,1775042551030471028,0.071968,0.754975,0.826943,200
1775042551066571465,1775042551066571465,1775042551067433833,0.000000,0.862368,0.862368,200
1775042551066647555,1775042551067433833,1775042551068028002,0.786278,0.594169,1.380447,200
1775042551082240623,1775042551082240623,1775042551083114451,0.000000,0.873828,0.873828,200
1775042551097512796,1775042551097512796,1775042551098826414,0.000000,1.313618,1.313618,200
1775042551097855239,1775042551098826414,1775042551099315678,0.971175,0.489264,1.460439,200
1775042551100354925,1775042551100354925,1775042551100965366,0.000000,0.610441,0.610441,200
1775042551101885559,1775042551101885559,1775042551102823419,0.000000,0.937860,0.937860,200
1775042551105277300,1775042551105277300,1775042551106075570,0.000000,0.798270,0.798270,200
1775042551105369471,1775042551106075570,1775042551106908192,0.706099,0.832622,1.538721,200
1775042551105416173,1775042551106908192,1775042551107579401,1.492019,0.671209,2.163228,200
1775042551111799337,1775042551111799337,1775042551112481368,0.000000,0.682031,0.682031,200
1775042551112309049,1775042551112481368,1775042551114113989,0.172319,1.632621,1.804940,200
1775042551114324007,1775042551114324007,1775042551115166935,0.000000,0.842928,0.842928,200
1775042551116360983,1775042551116360983,1775042551117314217,0.000000,0.953234,0.953234,200
1775042551116425640,1775042551117314217,1775042551118070128,0.888577,0.755911,1.644488,200
1775042551142337950,1775042551142337950,1775042551142892080,0.000000,0.554130,0.554130,200
1775042551147252629,1775042551147252629,1775042551148141007,0.000000,0.888378,0.888378,200
1775042551166179828,1775042551166179828,1775042551169119011,0.000000,2.939183,2.939183,200
1775042551172398300,1775042551172398300,1775042551173103710,0.000000,0.705410,0.705410,200
1775042551189800214,1775042551189800214,1775042551190511624,0.000000,0.711410,0.711410,200
1775042551189905942,1775042551190511624,1775042551191103196,0.605682,0.591572,1.197254,200
1775042551189959939,1775042551191103196,1775042551191801146,1.143257,0.697950,1.841207,200
1775042551203464628,1775042551203464628,1775042551214375830,0.000000,10.911202,10.911202,200
1775042551218986439,1775042551218986439,1775042551222292415,0.000000,3.305976,3.305976,200
1775042551221502257,1775042551222292415,1775042551223030035,0.790158,0.737620,1.527778,200
1775042551245565933,1775042551245565933,1775042551248074662,0.000000,2.508729,2.508729,200
1775042551247484656,1775042551248074662,1775042551248890907,0.590006,0.816245,1.406251,200
1775042551247542230,1775042551248890907,1775042551249725321,1.348677,0.834414,2.183091,200
1775042551248807057,1775042551249725321,1775042551250344128,0.918264,0.618807,1.537071,200
1775042551248882706,1775042551250344128,1775042551251002010,1.461422,0.657882,2.119304,200
1775042551267243223,1775042551267243223,1775042551267929553,0.000000,0.686330,0.686330,200
1775042551268466980,1775042551268466980,1775042551281882378,0.000000,13.415398,13.415398,200
1775042551269719553,1775042551281882378,1775042551282495227,12.162825,0.612849,12.775674,200
1775042551282985953,1775042551282985953,1775042551283578450,0.000000,0.592497,0.592497,200
1775042551315606385,1775042551315606385,1775042551316343914,0.000000,0.737529,0.737529,200
1775042551323828885,1775042551323828885,1775042551324389377,0.000000,0.560492,0.560492,200
1775042551325926891,1775042551325926891,1775042551327156649,0.000000,1.229758,1.229758,200
1775042551333539883,1775042551333539883,1775042551334182336,0.000000,0.642453,0.642453,200
1775042551333757942,1775042551334182336,1775042551335131251,0.424394,0.948915,1.373309,200
1775042551334043895,1775042551335131251,1775042551335651915,1.087356,0.520664,1.608020,200
1775042551337145755,1775042551337145755,1775042551337958975,0.000000,0.813220,0.813220,200
1775042551346861895,1775042551346861895,1775042551348718970,0.000000,1.857075,1.857075,200
1775042551349491669,1775042551349491669,1775042551350171075,0.000000,0.679406,0.679406,200
1775042551349599802,1775042551350171075,1775042551351210744,0.571273,1.039669,1.610942,200
1775042551349644630,1775042551351210744,1775042551352273947,1.566114,1.063203,2.629317,200
1775042551353281101,1775042551353281101,1775042551353967480,0.000000,0.686379,0.686379,200
1775042551355174335,1775042551355174335,1775042551355903493,0.000000,0.729158,0.729158,200
1775042551411632748,1775042551411632748,1775042551413203815,0.000000,1.571067,1.571067,200
1775042551411688998,1775042551413203815,1775042551413848396,1.514817,0.644581,2.159398,200
1775042551447570174,1775042551447570174,1775042551448350729,0.000000,0.780555,0.780555,200
1775042551447656664,1775042551448350729,1775042551449027931,0.694065,0.677202,1.371267,200
1775042551448068394,1775042551449027931,1775042551449789614,0.959537,0.761683,1.721220,200
1775042551456007566,1775042551456007566,1775042551456664545,0.000000,0.656979,0.656979,200
1775042551462503812,1775042551462503812,1775042551463094854,0.000000,0.591042,0.591042,200
1775042551484723106,1775042551484723106,1775042551485420657,0.000000,0.697551,0.697551,200
1775042551486046378,1775042551486046378,1775042551486799494,0.000000,0.753116,0.753116,200
1775042551493613062,1775042551493613062,1775042551511269693,0.000000,17.656631,17.656631,200
1775042551513845208,1775042551513845208,1775042551514943016,0.000000,1.097808,1.097808,200
1775042551527242862,1775042551527242862,1775042551528031834,0.000000,0.788972,0.788972,200
1775042551545459586,1775042551545459586,1775042551546086152,0.000000,0.626566,0.626566,200
1775042551554457542,1775042551554457542,1775042551555162709,0.000000,0.705167,0.705167,200
1775042551563971572,1775042551563971572,1775042551564783400,0.000000,0.811828,0.811828,200
1775042551571623911,1775042551571623911,1775042551572671524,0.000000,1.047613,1.047613,200
1775042551584074116,1775042551584074116,1775042551584899600,0.000000,0.825484,0.825484,200
1775042551584886964,1775042551584899600,1775042551585356564,0.012636,0.456964,0.469600,200
1775042551592876473,1775042551592876473,1775042551593659125,0.000000,0.782652,0.782652,200
1775042551595495013,1775042551595495013,1775042551596213606,0.000000,0.718593,0.718593,200
1775042551595599398,1775042551596213606,1775042551597140142,0.614208,0.926536,1.540744,200
1775042551597623681,1775042551597623681,1775042551598343125,0.000000,0.719444,0.719444,200
1775042551604490539,1775042551604490539,1775042551605277524,0.000000,0.786985,0.786985,200
1775042551608456826,1775042551608456826,1775042551609142003,0.000000,0.685177,0.685177,200
1775042551608534559,1775042551609142003,1775042551612965554,0.607444,3.823551,4.430995,200
1775042551626179132,1775042551626179132,1775042551626947783,0.000000,0.768651,0.768651,200
1775042551628841614,1775042551628841614,1775042551629684560,0.000000,0.842946,0.842946,200
1775042551632691840,1775042551632691840,1775042551633263033,0.000000,0.571193,0.571193,200
1775042551633892301,1775042551633892301,1775042551634784104,0.000000,0.891803,0.891803,200
1775042551688110162,1775042551688110162,1775042551689072494,0.000000,0.962332,0.962332,200
1775042551689378661,1775042551689378661,1775042551689800649,0.000000,0.421988,0.421988,200
1775042551691282982,1775042551691282982,1775042551693660131,0.000000,2.377149,2.377149,200
1775042551695899034,1775042551695899034,1775042551697023124,0.000000,1.124090,1.124090,200
1775042551696236375,1775042551697023124,1775042551698308365,0.786749,1.285241,2.071990,200
1775042551715891132,1775042551715891132,1775042551716828357,0.000000,0.937225,0.937225,200
1775042551716021979,1775042551716828357,1775042551719423872,0.806378,2.595515,3.401893,200
1775042551718339222,1775042551719423872,1775042551720099020,1.084650,0.675148,1.759798,200
1775042551722759028,1775042551722759028,1775042551723407604,0.000000,0.648576,0.648576,200
1775042551722826420,1775042551723407604,1775042551724033505,0.581184,0.625901,1.207085,200
1775042551724409430,1775042551724409430,1775042551724845814,0.000000,0.436384,0.436384,200
1775042551725071693,1775042551725071693,1775042551725733965,0.000000,0.662272,0.662272,200
1775042551727300800,1775042551727300800,1775042551728674390,0.000000,1.373590,1.373590,200
1775042551727414954,1775042551728674390,1775042551729267113,1.259436,0.592723,1.852159,200
1775042551727483369,1775042551729267113,1775042551730413491,1.783744,1.146378,2.930122,200
1775042551753640107,1775042551753640107,1775042551754278072,0.000000,0.637965,0.637965,200
1775042551753796384,1775042551754278072,1775042551754964379,0.481688,0.686307,1.167995,200
1775042551753847735,1775042551754964379,1775042551755591763,1.116644,0.627384,1.744028,200
1775042551755138053,1775042551755591763,1775042551756398890,0.453710,0.807127,1.260837,200
1775042551759674929,1775042551759674929,1775042551761754718,0.000000,2.079789,2.079789,200
1775042551759782601,1775042551761754718,1775042551763290418,1.972117,1.535700,3.507817,200
1775042551760977541,1775042551763290418,1775042551764208234,2.312877,0.917816,3.230693,200
1775042551796591770,1775042551796591770,1775042551797457573,0.000000,0.865803,0.865803,200
1775042551797628268,1775042551797628268,1775042551798440443,0.000000,0.812175,0.812175,200
1775042551800663317,1775042551800663317,1775042551801581964,0.000000,0.918647,0.918647,200
1775042551810168161,1775042551810168161,1775042551811061037,0.000000,0.892876,0.892876,200
1775042551812173532,1775042551812173532,1775042551812910571,0.000000,0.737039,0.737039,200
1775042551813789270,1775042551813789270,1775042551814559264,0.000000,0.769994,0.769994,200
1775042551813952832,1775042551814559264,1775042551815270140,0.606432,0.710876,1.317308,200
1775042551815527286,1775042551815527286,1775042551815986450,0.000000,0.459164,0.459164,200
1775042551821248732,1775042551821248732,1775042551821970933,0.000000,0.722201,0.722201,200
1775042551821346414,1775042551821970933,1775042551822779684,0.624519,0.808751,1.433270,200
1775042551824972254,1775042551824972254,1775042551825555412,0.000000,0.583158,0.583158,200
1775042551827106421,1775042551827106421,1775042551827748799,0.000000,0.642378,0.642378,200
1775042551829022496,1775042551829022496,1775042551829597407,0.000000,0.574911,0.574911,200
1775042551852758676,1775042551852758676,1775042551853700831,0.000000,0.942155,0.942155,200
1775042551855706895,1775042551855706895,1775042551856442932,0.000000,0.736037,0.736037,200
1775042551855769377,1775042551856442932,1775042551857264428,0.673555,0.821496,1.495051,200
1775042551856320832,1775042551857264428,1775042551858022849,0.943596,0.758421,1.702017,200
1775042551869388395,1775042551869388395,1775042551870097299,0.000000,0.708904,0.708904,200
1775042551882051064,1775042551882051064,1775042551883751034,0.000000,1.699970,1.699970,200
1775042551905872877,1775042551905872877,1775042551906788101,0.000000,0.915224,0.915224,200
1775042551930230264,1775042551930230264,1775042551930913202,0.000000,0.682938,0.682938,200
1775042551930322345,1775042551930913202,1775042551932332173,0.590857,1.418971,2.009828,200
1775042551935749608,1775042551935749608,1775042551936587125,0.000000,0.837517,0.837517,200
1775042551936899208,1775042551936899208,1775042551938374313,0.000000,1.475105,1.475105,200
1775042551942566745,1775042551942566745,1775042551943292994,0.000000,0.726249,0.726249,200
1775042551942719084,1775042551943292994,1775042551943874839,0.573910,0.581845,1.155755,200
1775042551957619298,1775042551957619298,1775042551958331416,0.000000,0.712118,0.712118,200
1775042551972447680,1775042551972447680,1775042551973142075,0.000000,0.694395,0.694395,200
1775042551978906943,1775042551978906943,1775042551980065276,0.000000,1.158333,1.158333,200
1775042551987488555,1775042551987488555,1775042551988145646,0.000000,0.657091,0.657091,200
1775042552006909816,1775042552006909816,1775042552007539303,0.000000,0.629487,0.629487,200
1775042552007802130,1775042552007802130,1775042552008360168,0.000000,0.558038,0.558038,200
1775042552011125215,1775042552011125215,1775042552011672483,0.000000,0.547268,0.547268,200
1775042552014081549,1775042552014081549,1775042552015401961,0.000000,1.320412,1.320412,200
1775042552025107477,1775042552025107477,1775042552025730963,0.000000,0.623486,0.623486,200
1775042552045152215,1775042552045152215,1775042552045854634,0.000000,0.702419,0.702419,200
1775042552047932834,1775042552047932834,1775042552049471487,0.000000,1.538653,1.538653,200
1775042552048976276,1775042552049471487,1775042552050071787,0.495211,0.600300,1.095511,200
1775042552053474240,1775042552053474240,1775042552055810275,0.000000,2.336035,2.336035,200
1775042552053526302,1775042552055810275,1775042552057229444,2.283973,1.419169,3.703142,200
1775042552060658342,1775042552060658342,1775042552061420983,0.000000,0.762641,0.762641,200
1775042552065134192,1775042552065134192,1775042552070228163,0.000000,5.093971,5.093971,200
1775042552069040685,1775042552070228163,1775042552070978979,1.187478,0.750816,1.938294,200
1775042552083680928,1775042552083680928,1775042552085723783,0.000000,2.042855,2.042855,200
1775042552088627005,1775042552088627005,1775042552089267785,0.000000,0.640780,0.640780,200
1775042552099401742,1775042552099401742,1775042552100316072,0.000000,0.914330,0.914330,200
1775042552101100102,1775042552101100102,1775042552101961377,0.000000,0.861275,0.861275,200
1775042552105604701,1775042552105604701,1775042552106283679,0.000000,0.678978,0.678978,200
1775042552107582104,1775042552107582104,1775042552108220579,0.000000,0.638475,0.638475,200
1775042552109097310,1775042552109097310,1775042552109547587,0.000000,0.450277,0.450277,200
1775042552110285196,1775042552110285196,1775042552110924693,0.000000,0.639497,0.639497,200
1775042552118820452,1775042552118820452,1775042552119489057,0.000000,0.668605,0.668605,200
1775042552120406641,1775042552120406641,1775042552121151500,0.000000,0.744859,0.744859,200
1775042552121615168,1775042552121615168,1775042552122521996,0.000000,0.906828,0.906828,200
1775042552123054117,1775042552123054117,1775042552124572529,0.000000,1.518412,1.518412,200
1775042552123317004,1775042552124572529,1775042552125214541,1.255525,0.642012,1.897537,200
1775042552124579808,1775042552125214541,1775042552125744264,0.634733,0.529723,1.164456,200
1775042552128300857,1775042552128300857,1775042552128727976,0.000000,0.427119,0.427119,200
1775042552138715257,1775042552138715257,1775042552139431534,0.000000,0.716277,0.716277,200
1775042552138796487,1775042552139431534,1775042552139992368,0.635047,0.560834,1.195881,200
1775042552139311891,1775042552139992368,1775042552141502327,0.680477,1.509959,2.190436,200
1775042552146135474,1775042552146135474,1775042552146734645,0.000000,0.599171,0.599171,200
1775042552152100436,1775042552152100436,1775042552152586754,0.000000,0.486318,0.486318,200
1775042552153763998,1775042552153763998,1775042552154676623,0.000000,0.912625,0.912625,200
1775042552155822346,1775042552155822346,1775042552156980679,0.000000,1.158333,1.158333,200
1775042552157064809,1775042552157064809,1775042552158454016,0.000000,1.389207,1.389207,200
1775042552159798826,1775042552159798826,1775042552163796252,0.000000,3.997426,3.997426,200
1775042552167039095,1775042552167039095,1775042552168034136,0.000000,0.995041,0.995041,200
1775042552167824570,1775042552168034136,1775042552168683495,0.209566,0.649359,0.858925,200
1775042552171340644,1775042552171340644,1775042552174112106,0.000000,2.771462,2.771462,200
1775042552196266213,1775042552196266213,1775042552197012020,0.000000,0.745807,0.745807,200
1775042552257929672,1775042552257929672,1775042552258822167,0.000000,0.892495,0.892495,200
1775042552263592605,1775042552263592605,1775042552266289465,0.000000,2.696860,2.696860,200
1775042552286240158,1775042552286240158,1775042552286668551,0.000000,0.428393,0.428393,200
1775042552289976276,1775042552289976276,1775042552290781849,0.000000,0.805573,0.805573,200
1775042552301706341,1775042552301706341,1775042552302170233,0.000000,0.463892,0.463892,200
1775042552303181442,1775042552303181442,1775042552303743595,0.000000,0.562153,0.562153,200
1775042552303264996,1775042552303743595,1775042552304427704,0.478599,0.684109,1.162708,200
1775042552305582153,1775042552305582153,1775042552316836510,0.000000,11.254357,11.254357,200
1775042552332523631,1775042552332523631,1775042552333341990,0.000000,0.818359,0.818359,200
1775042552332660951,1775042552333341990,1775042552334079130,0.681039,0.737140,1.418179,200
1775042552334570643,1775042552334570643,1775042552338270751,0.000000,3.700108,3.700108,200
1775042552365432260,1775042552365432260,1775042552368296123,0.000000,2.863863,2.863863,200
1775042552377782618,1775042552377782618,1775042552378458888,0.000000,0.676270,0.676270,200
1775042552400219901,1775042552400219901,1775042552400877624,0.000000,0.657723,0.657723,200
1775042552408484208,1775042552408484208,1775042552409223634,0.000000,0.739426,0.739426,200
1775042552409793974,1775042552409793974,1775042552410733622,0.000000,0.939648,0.939648,200
1775042552420799765,1775042552420799765,1775042552421346367,0.000000,0.546602,0.546602,200
1775042552422854157,1775042552422854157,1775042552423526528,0.000000,0.672371,0.672371,200
1775042552423283984,1775042552423526528,1775042552424143391,0.242544,0.616863,0.859407,200
1775042552424873559,1775042552424873559,1775042552425409113,0.000000,0.535554,0.535554,200
1775042552425065777,1775042552425409113,1775042552426586478,0.343336,1.177365,1.520701,200
1775042552428482863,1775042552428482863,1775042552429330340,0.000000,0.847477,0.847477,200
1775042552460218586,1775042552460218586,1775042552463541742,0.000000,3.323156,3.323156,200
1775042552460485541,1775042552463541742,1775042552464854261,3.056201,1.312519,4.368720,200
1775042552462189847,1775042552464854261,1775042552465571795,2.664414,0.717534,3.381948,200
1775042552464989079,1775042552465571795,1775042552466363435,0.582716,0.791640,1.374356,200
1775042552468136802,1775042552468136802,1775042552469100980,0.000000,0.964178,0.964178,200
1775042552471600585,1775042552471600585,1775042552472461871,0.000000,0.861286,0.861286,200
1775042552472055409,1775042552472461871,1775042552473124965,0.406462,0.663094,1.069556,200
1775042552508326907,1775042552508326907,1775042552509019312,0.000000,0.692405,0.692405,200
1775042552511045475,1775042552511045475,1775042552511529366,0.000000,0.483891,0.483891,200
1775042552511098109,1775042552511529366,1775042552512650950,0.431257,1.121584,1.552841,200
1775042552511547596,1775042552512650950,1775042552513148465,1.103354,0.497515,1.600869,200
1775042552518746521,1775042552518746521,1775042552520347291,0.000000,1.600770,1.600770,200
1775042552518804234,1775042552520347291,1775042552520886811,1.543057,0.539520,2.082577,200
1775042552521103296,1775042552521103296,1775042552521801529,0.000000,0.698233,0.698233,200
1775042552525007975,1775042552525007975,1775042552525420797,0.000000,0.412822,0.412822,200
1775042552530132144,1775042552530132144,1775042552531613487,0.000000,1.481343,1.481343,200
1775042552534322967,1775042552534322967,1775042552534809516,0.000000,0.486549,0.486549,200
1775042552566079499,1775042552566079499,1775042552569120341,0.000000,3.040842,3.040842,200
1775042552566168604,1775042552569120341,1775042552569579726,2.951737,0.459385,3.411122,200
1775042552576066708,1775042552576066708,1775042552576892502,0.000000,0.825794,0.825794,200
1775042552596624217,1775042552596624217,1775042552597479319,0.000000,0.855102,0.855102,200
1775042552596760986,1775042552597479319,1775042552598076551,0.718333,0.597232,1.315565,200
1775042552596922855,1775042552598076551,1775042552599028015,1.153696,0.951464,2.105160,200
1775042552630684614,1775042552630684614,1775042552631981825,0.000000,1.297211,1.297211,200
1775042552637698789,1775042552637698789,1775042552639088296,0.000000,1.389507,1.389507,200
1775042552641535131,1775042552641535131,1775042552642195880,0.000000,0.660749,0.660749,200
1775042552645206970,1775042552645206970,1775042552645731276,0.000000,0.524306,0.524306,200
1775042552645269904,1775042552645731276,1775042552646429044,0.461372,0.697768,1.159140,200
1775042552645312798,1775042552646429044,1775042552650312706,1.116246,3.883662,4.999908,200
1775042552649316197,1775042552650312706,1775042552651106329,0.996509,0.793623,1.790132,200
1775042552678276195,1775042552678276195,1775042552678944680,0.000000,0.668485,0.668485,200
1775042552685803709,1775042552685803709,1775042552686576778,0.000000,0.773069,0.773069,200
1775042552694252209,1775042552694252209,1775042552694887577,0.000000,0.635368,0.635368,200
1775042552696918423,1775042552696918423,1775042552697379028,0.000000,0.460605,0.460605,200
1775042552697013309,1775042552697379028,1775042552698725151,0.365719,1.346123,1.711842,200
1775042552698206596,1775042552698725151,1775042552700104468,0.518555,1.379317,1.897872,200
1775042552721865118,1775042552721865118,1775042552722424799,0.000000,0.559681,0.559681,200
1775042552723394266,1775042552723394266,1775042552724121765,0.000000,0.727499,0.727499,200
1775042552751802604,1775042552751802604,1775042552752689550,0.000000,0.886946,0.886946,200
1775042552759482057,1775042552759482057,1775042552761310660,0.000000,1.828603,1.828603,200
1775042552759630429,1775042552761310660,1775042552761794551,1.680231,0.483891,2.164122,200
1775042552771280691,1775042552771280691,1775042552771978385,0.000000,0.697694,0.697694,200
1775042552789261825,1775042552789261825,1775042552790095850,0.000000,0.834025,0.834025,200
1775042552789668725,1775042552790095850,1775042552790535697,0.427125,0.439847,0.866972,200
1775042552789739725,1775042552790535697,1775042552791476938,0.795972,0.941241,1.737213,200
1775042552795595331,1775042552795595331,1775042552796536794,0.000000,0.941463,0.941463,200
1775042552810584691,1775042552810584691,1775042552811147097,0.000000,0.562406,0.562406,200
1775042552813981708,1775042552813981708,1775042552814705224,0.000000,0.723516,0.723516,200
1775042552829979891,1775042552829979891,1775042552830692262,0.000000,0.712371,0.712371,200
1775042552852065065,1775042552852065065,1775042552853098974,0.000000,1.033909,1.033909,200
1775042552867059596,1775042552867059596,1775042552867914292,0.000000,0.854696,0.854696,200
1775042552912050958,1775042552912050958,1775042552912806256,0.000000,0.755298,0.755298,200
1775042552918352779,1775042552918352779,1775042552919031775,0.000000,0.678996,0.678996,200
1775042552919583762,1775042552919583762,1775042552920234300,0.000000,0.650538,0.650538,200
1775042552919664190,1775042552920234300,1775042552922743029,0.570110,2.508729,3.078839,200
1775042552921396726,1775042552922743029,1775042552923361829,1.346303,0.618800,1.965103,200
1775042552923280659,1775042552923361829,1775042552924116263,0.081170,0.754434,0.835604,200
1775042552932918653,1775042552932918653,1775042552933645766,0.000000,0.727113,0.727113,200
1775042552934985678,1775042552934985678,1775042552935673420,0.000000,0.687742,0.687742,200
1775042552936045062,1775042552936045062,1775042552936716613,0.000000,0.671551,0.671551,200
1775042552941844537,1775042552941844537,1775042552942322468,0.000000,0.477931,0.477931,200
1775042552956899599,1775042552956899599,1775042552957653872,0.000000,0.754273,0.754273,200
1775042552962426890,1775042552962426890,1775042552964572482,0.000000,2.145592,2.145592,200
1775042553011574083,1775042553011574083,1775042553012629688,0.000000,1.055605,1.055605,200
1775042553012757901,1775042553012757901,1775042553013287913,0.000000,0.530012,0.530012,200
1775042553017094379,1775042553017094379,1775042553019861610,0.000000,2.767231,2.767231,200
1775042553020996583,1775042553020996583,1775042553021749445,0.000000,0.752862,0.752862,200
1775042553031078471,1775042553031078471,1775042553032590938,0.000000,1.512467,1.512467,200
1775042553033910368,1775042553033910368,1775042553034586998,0.000000,0.676630,0.676630,200
1775042553040690252,1775042553040690252,1775042553041324463,0.000000,0.634211,0.634211,200
1775042553053571142,1775042553053571142,1775042553054085316,0.000000,0.514174,0.514174,200
1775042553053634015,1775042553054085316,1775042553054944711,0.451301,0.859395,1.310696,200
1775042553058806629,1775042553058806629,1775042553059459370,0.000000,0.652741,0.652741,200
1775042553065700527,1775042553065700527,1775042553066487787,0.000000,0.787260,0.787260,200
1775042553069005838,1775042553069005838,1775042553076527588,0.000000,7.521750,7.521750,200
1775042553071436027,1775042553076527588,1775042553077754864,5.091561,1.227276,6.318837,200
1775042553072987458,1775042553077754864,1775042553078616762,4.767406,0.861898,5.629304,200
1775042553074360077,1775042553078616762,1775042553079505720,4.256685,0.888958,5.145643,200
1775042553076129908,1775042553079505720,1775042553081149578,3.375812,1.643858,5.019670,200
1775042553076557529,1775042553081149578,1775042553081566162,4.592049,0.416584,5.008633,200
1775042553085805790,1775042553085805790,1775042553086988856,0.000000,1.183066,1.183066,200
1775042553093332247,1775042553093332247,1775042553094628135,0.000000,1.295888,1.295888,200
1775042553107861483,1775042553107861483,1775042553108386227,0.000000,0.524744,0.524744,200
1775042553109199013,1775042553109199013,1775042553110096287,0.000000,0.897274,0.897274,200
1775042553111344923,1775042553111344923,1775042553112001123,0.000000,0.656200,0.656200,200
1775042553112927436,1775042553112927436,1775042553113539972,0.000000,0.612536,0.612536,200
1775042553115343239,1775042553115343239,1775042553116237677,0.000000,0.894438,0.894438,200
1775042553116687522,1775042553116687522,1775042553117339443,0.000000,0.651921,0.651921,200
1775042553117909135,1775042553117909135,1775042553118622236,0.000000,0.713101,0.713101,200
1775042553119709807,1775042553119709807,1775042553123095231,0.000000,3.385424,3.385424,200
1775042553120747989,1775042553123095231,1775042553123597325,2.347242,0.502094,2.849336,200
1775042553121884264,1775042553123597325,1775042553124210332,1.713061,0.613007,2.326068,200
1775042553123171875,1775042553124210332,1775042553127282485,1.038457,3.072153,4.110610,200
1775042553124373568,1775042553127282485,1775042553128030619,2.908917,0.748134,3.657051,200
1775042553124613971,1775042553128030619,1775042553128856614,3.416648,0.825995,4.242643,200
1775042553128288327,1775042553128856614,1775042553129785605,0.568287,0.928991,1.497278,200
1775042553130537461,1775042553130537461,1775042553130957708,0.000000,0.420247,0.420247,200
1775042553132790422,1775042553132790422,1775042553133519996,0.000000,0.729574,0.729574,200
1775042553137295581,1775042553137295581,1775042553138315383,0.000000,1.019802,1.019802,200
1775042553143816571,1775042553143816571,1775042553146706513,0.000000,2.889942,2.889942,200
1775042553193218080,1775042553193218080,1775042553194677748,0.000000,1.459668,1.459668,200
1775042553236459496,1775042553236459496,1775042553237019677,0.000000,0.560181,0.560181,200
1775042553242457696,1775042553242457696,1775042553243327156,0.000000,0.869460,0.869460,200
1775042553242551651,1775042553243327156,1775042553243742372,0.775505,0.415216,1.190721,200
1775042553242776493,1775042553243742372,1775042553244283938,0.965879,0.541566,1.507445,200
1775042553267361399,1775042553267361399,1775042553268775448,0.000000,1.414049,1.414049,200
1775042553267845962,1775042553268775448,1775042553269340170,0.929486,0.564722,1.494208,200
1775042553275401852,1775042553275401852,1775042553275919190,0.000000,0.517338,0.517338,200
1775042553281943167,1775042553281943167,1775042553282858653,0.000000,0.915486,0.915486,200
1775042553298896206,1775042553298896206,1775042553299488744,0.000000,0.592538,0.592538,200
1775042553327597722,1775042553327597722,1775042553328629772,0.000000,1.032050,1.032050,200
1775042553327670976,1775042553328629772,1775042553330155011,0.958796,1.525239,2.484035,200
1775042553330012315,1775042553330155011,1775042553330928312,0.142696,0.773301,0.915997,200
1775042553348295296,1775042553348295296,1775042553348957178,0.000000,0.661882,0.661882,200
1775042553352045080,1775042553352045080,1775042553352737934,0.000000,0.692854,0.692854,200
1775042553352107483,1775042553352737934,1775042553354043521,0.630451,1.305587,1.936038,200
1775042553352149816,1775042553354043521,1775042553354733241,1.893705,0.689720,2.583425,200
1775042553353168199,1775042553354733241,1775042553364974927,1.565042,10.241686,11.806728,200
1775042553355576446,1775042553364974927,1775042553365658120,9.398481,0.683193,10.081674,200
1775042553373369453,1775042553373369453,1775042553373920918,0.000000,0.551465,0.551465,200
1775042553377390750,1775042553377390750,1775042553378121637,0.000000,0.730887,0.730887,200
1775042553404622785,1775042553404622785,1775042553405748563,0.000000,1.125778,1.125778,200
1775042553440646666,1775042553440646666,1775042553441128063,0.000000,0.481397,0.481397,200
1775042553446510378,1775042553446510378,1775042553447529620,0.000000,1.019242,1.019242,200
1775042553446948971,1775042553447529620,1775042553448294104,0.580649,0.764484,1.345133,200
1775042553476143971,1775042553476143971,1775042553477489313,0.000000,1.345342,1.345342,200
1775042553477463973,1775042553477489313,1775042553478177126,0.025340,0.687813,0.713153,200
1775042553480157851,1775042553480157851,1775042553481200400,0.000000,1.042549,1.042549,200
1775042553516402340,1775042553516402340,1775042553517142676,0.000000,0.740336,0.740336,200
1775042553526081607,1775042553526081607,1775042553528447549,0.000000,2.365942,2.365942,200
1775042553548102643,1775042553548102643,1775042553556199558,0.000000,8.096915,8.096915,200
1775042553555682474,1775042553556199558,1775042553556633802,0.517084,0.434244,0.951328,200
1775042553580843973,1775042553580843973,1775042553581452250,0.000000,0.608277,0.608277,200
1775042553581280562,1775042553581452250,1775042553582388341,0.171688,0.936091,1.107779,200
1775042553639423367,1775042553639423367,1775042553640438243,0.000000,1.014876,1.014876,200
1775042553640724668,1775042553640724668,1775042553641370711,0.000000,0.646043,0.646043,200
1775042553645818907,1775042553645818907,1775042553646615119,0.000000,0.796212,0.796212,200
1775042553650298014,1775042553650298014,1775042553650923608,0.000000,0.625594,0.625594,200
1775042553673289513,1775042553673289513,1775042553673696494,0.000000,0.406981,0.406981,200
1775042553673355794,1775042553673696494,1775042553677918707,0.340700,4.222213,4.562913,200
1775042553676177032,1775042553677918707,1775042553678656287,1.741675,0.737580,2.479255,200
1775042553680089887,1775042553680089887,1775042553681013674,0.000000,0.923787,0.923787,200
1775042553692789088,1775042553692789088,1775042553693424548,0.000000,0.635460,0.635460,200
1775042553708965311,1775042553708965311,1775042553709521694,0.000000,0.556383,0.556383,200
1775042553709021471,1775042553709521694,1775042553710430707,0.500223,0.909013,1.409236,200
1775042553709136628,1775042553710430707,1775042553710839280,1.294079,0.408573,1.702652,200
1775042553710221692,1775042553710839280,1775042553711926735,0.617588,1.087455,1.705043,200
1775042553718505814,1775042553718505814,1775042553719339684,0.000000,0.833870,0.833870,200
1775042553720983646,1775042553720983646,1775042553721506134,0.000000,0.522488,0.522488,200
1775042553727702273,1775042553727702273,1775042553728498900,0.000000,0.796627,0.796627,200
1775042553735020896,1775042553735020896,1775042553735449318,0.000000,0.428422,0.428422,200
1775042553735081906,1775042553735449318,1775042553736213712,0.367412,0.764394,1.131806,200
1775042553736392604,1775042553736392604,1775042553736898870,0.000000,0.506266,0.506266,200
1775042553736457822,1775042553736898870,1775042553737410486,0.441048,0.511616,0.952664,200
1775042553737846473,1775042553737846473,1775042553738582470,0.000000,0.735997,0.735997,200
1775042553745722150,1775042553745722150,1775042553746436366,0.000000,0.714216,0.714216,200
1775042553755696083,1775042553755696083,1775042553756327346,0.000000,0.631263,0.631263,200
1775042553756747391,1775042553756747391,1775042553757605017,0.000000,0.857626,0.857626,200
1775042553802908484,1775042553802908484,1775042553803398910,0.000000,0.490426,0.490426,200
1775042553802988532,1775042553803398910,1775042553803893242,0.410378,0.494332,0.904710,200
1775042553805335427,1775042553805335427,1775042553805783752,0.000000,0.448325,0.448325,200
1775042553836474809,1775042553836474809,1775042553837096252,0.000000,0.621443,0.621443,200
1775042553846800967,1775042553846800967,1775042553847500643,0.000000,0.699676,0.699676,200
1775042553848256806,1775042553848256806,1775042553848906312,0.000000,0.649506,0.649506,200
1775042553849281882,1775042553849281882,1775042553849948783,0.000000,0.666901,0.666901,200
1775042553851250654,1775042553851250654,1775042553851875360,0.000000,0.624706,0.624706,200
1775042553851329459,1775042553851875360,1775042553852533998,0.545901,0.658638,1.204539,200
1775042553854257096,1775042553854257096,1775042553855140233,0.000000,0.883137,0.883137,200
1775042553854346122,1775042553855140233,1775042553855899376,0.794111,0.759143,1.553254,200
1775042553866268258,1775042553866268258,1775042553866985792,0.000000,0.717534,0.717534,200
1775042553868901897,1775042553868901897,1775042553869620239,0.000000,0.718342,0.718342,200
1775042553870167316,1775042553870167316,1775042553870992918,0.000000,0.825602,0.825602,200
1775042553871714619,1775042553871714619,1775042553872545753,0.000000,0.831134,0.831134,200
1775042553873120634,1775042553873120634,1775042553875384956,0.000000,2.264322,2.264322,200
1775042553873297381,1775042553875384956,1775042553876195840,2.087575,0.810884,2.898459,200
1775042553876414616,1775042553876414616,1775042553886264531,0.000000,9.849915,9.849915,200
1775042553890580483,1775042553890580483,1775042553891249568,0.000000,0.669085,0.669085,200
1775042553890661843,1775042553891249568,1775042553892070369,0.587725,0.820801,1.408526,200
1775042553930479071,1775042553930479071,1775042553930927954,0.000000,0.448883,0.448883,200
1775042553933604864,1775042553933604864,1775042553934522591,0.000000,0.917727,0.917727,200
1775042553952879905,1775042553952879905,1775042553953464879,0.000000,0.584974,0.584974,200
1775042553953454375,1775042553953464879,1775042553955409953,0.010504,1.945074,1.955578,200
1775042553953541456,1775042553955409953,1775042553956091386,1.868497,0.681433,2.549930,200
1775042553964740079,1775042553964740079,1775042553965457180,0.000000,0.717101,0.717101,200
1775042553964897278,1775042553965457180,1775042553965932997,0.559902,0.475817,1.035719,200
1775042553973361470,1775042553973361470,1775042553974078181,0.000000,0.716711,0.716711,200
1775042553978039270,1775042553978039270,1775042553978737102,0.000000,0.697832,0.697832,200
1775042553978107664,1775042553978737102,1775042553979714661,0.629438,0.977559,1.606997,200
1775042553979141231,1775042553979714661,1775042553980154436,0.573430,0.439775,1.013205,200
1775042553988561086,1775042553988561086,1775042553989279018,0.000000,0.717932,0.717932,200
1775042553989584539,1775042553989584539,1775042553990708629,0.000000,1.124090,1.124090,200
1775042553989637202,1775042553990708629,1775042553996636685,1.071427,5.928056,6.999483,200
1775042553989673955,1775042553996636685,1775042553997411950,6.962730,0.775265,7.737995,200
1775042553991444196,1775042553997411950,1775042553998398870,5.967754,0.986920,6.954674,200
1775042554000144036,1775042554000144036,1775042554000812521,0.000000,0.668485,0.668485,200
1775042554003112520,1775042554003112520,1775042554003982881,0.000000,0.870361,0.870361,200
1775042554004763618,1775042554004763618,1775042554005530301,0.000000,0.766683,0.766683,200
1775042554017054157,1775042554017054157,1775042554017885121,0.000000,0.830964,0.830964,200
1775042554018441407,1775042554018441407,1775042554018994355,0.000000,0.552948,0.552948,200
1775042554025479829,1775042554025479829,1775042554026415018,0.000000,0.935189,0.935189,200
1775042554028146908,1775042554028146908,1775042554028865253,0.000000,0.718345,0.718345,200
1775042554045380599,1775042554045380599,1775042554045915441,0.000000,0.534842,0.534842,200
1775042554045447190,1775042554045915441,1775042554046688619,0.468251,0.773178,1.241429,200
1775042554051343587,1775042554051343587,1775042554051932268,0.000000,0.588681,0.588681,200
1775042554053316857,1775042554053316857,1775042554053810535,0.000000,0.493678,0.493678,200
1775042554070523614,1775042554070523614,1775042554071081942,0.000000,0.558328,0.558328,200
1775042554075896759,1775042554075896759,1775042554076589381,0.000000,0.692622,0.692622,200
1775042554110036700,1775042554110036700,1775042554111348760,0.000000,1.312060,1.312060,200
1775042554115814206,1775042554115814206,1775042554116478379,0.000000,0.664173,0.664173,200
1775042554116844118,1775042554116844118,1775042554117581738,0.000000,0.737620,0.737620,200
1775042554118667618,1775042554118667618,1775042554119440759,0.000000,0.773141,0.773141,200
1775042554134225644,1775042554134225644,1775042554134971494,0.000000,0.745850,0.745850,200
1775042554134314479,1775042554134971494,1775042554135572919,0.657015,0.601425,1.258440,200
1775042554139079401,1775042554139079401,1775042554139768246,0.000000,0.688845,0.688845,200
1775042554148545907,1775042554148545907,1775042554150574656,0.000000,2.028749,2.028749,200
1775042554149088254,1775042554150574656,1775042554152096247,1.486402,1.521591,3.007993,200
1775042554158499069,1775042554158499069,1775042554159253835,0.000000,0.754766,0.754766,200
1775042554170130512,1775042554170130512,1775042554171038398,0.000000,0.907886,0.907886,200
1775042554170222654,1775042554171038398,1775042554171687853,0.815744,0.649455,1.465199,200
1775042554170753662,1775042554171687853,1775042554172683502,0.934191,0.995649,1.929840,200
1775042554175931896,1775042554175931896,1775042554176527588,0.000000,0.595692,0.595692,200
1775042554178004623,1775042554178004623,1775042554179719365,0.000000,1.714742,1.714742,200
1775042554178792162,1775042554179719365,1775042554180374013,0.927203,0.654648,1.581851,200
1775042554180583495,1775042554180583495,1775042554181357458,0.000000,0.773963,0.773963,200
1775042554184000274,1775042554184000274,1775042554184711172,0.000000,0.710898,0.710898,200
1775042554193323439,1775042554193323439,1775042554193798524,0.000000,0.475085,0.475085,200
1775042554194769663,1775042554194769663,1775042554195651699,0.000000,0.882036,0.882036,200
1775042554196484305,1775042554196484305,1775042554197042343,0.000000,0.558038,0.558038,200
1775042554196696322,1775042554197042343,1775042554197763474,0.346021,0.721131,1.067152,200
1775042554198031949,1775042554198031949,1775042554198736914,0.000000,0.704965,0.704965,200
1775042554198092418,1775042554198736914,1775042554200437463,0.644496,1.700549,2.345045,200
1775042554206063574,1775042554206063574,1775042554206809893,0.000000,0.746319,0.746319,200
1775042554233282870,1775042554233282870,1775042554233955952,0.000000,0.673082,0.673082,200
1775042554240420828,1775042554240420828,1775042554241100302,0.000000,0.679474,0.679474,200
1775042554242811459,1775042554242811459,1775042554243798056,0.000000,0.986597,0.986597,200
1775042554244658121,1775042554244658121,1775042554245414729,0.000000,0.756608,0.756608,200
1775042554251430510,1775042554251430510,1775042554269087141,0.000000,17.656631,17.656631,200
1775042554252158983,1775042554269087141,1775042554269869162,16.928158,0.782021,17.710179,200
1775042554253770226,1775042554269869162,1775042554270294678,16.098936,0.425516,16.524452,200
1775042554261911191,1775042554270294678,1775042554271581967,8.383487,1.287289,9.670776,200
1775042554268527647,1775042554271581967,1775042554272300992,3.054320,0.719025,3.773345,200
1775042554270185508,1775042554272300992,1775042554273152897,2.115484,0.851905,2.967389,200
1775042554275082508,1775042554275082508,1775042554275761283,0.000000,0.678775,0.678775,200
1775042554277695277,1775042554277695277,1775042554278423559,0.000000,0.728282,0.728282,200
1775042554280564389,1775042554280564389,1775042554281254076,0.000000,0.689687,0.689687,200
1775042554281381807,1775042554281381807,1775042554283019749,0.000000,1.637942,1.637942,200
1775042554281640005,1775042554283019749,1775042554283631313,1.379744,0.611564,1.991308,200
1775042554283863067,1775042554283863067,1775042554284848020,0.000000,0.984953,0.984953,200
1775042554293339670,1775042554293339670,1775042554294173264,0.000000,0.833594,0.833594,200
1775042554299596615,1775042554299596615,1775042554300662741,0.000000,1.066126,1.066126,200
1775042554299770818,1775042554300662741,1775042554301351816,0.891923,0.689075,1.580998,200
1775042554303222355,1775042554303222355,1775042554307814412,0.000000,4.592057,4.592057,200
1775042554309988948,1775042554309988948,1775042554310624867,0.000000,0.635919,0.635919,200
1775042554325181253,1775042554325181253,1775042554326163438,0.000000,0.982185,0.982185,200
1775042554350721160,1775042554350721160,1775042554351272653,0.000000,0.551493,0.551493,200
1775042554350832379,1775042554351272653,1775042554352026274,0.440274,0.753621,1.193895,200
1775042554352033476,1775042554352033476,1775042554353382096,0.000000,1.348620,1.348620,200
1775042554354030822,1775042554354030822,1775042554354622134,0.000000,0.591312,0.591312,200
1775042554354076542,1775042554354622134,1775042554355273644,0.545592,0.651510,1.197102,200
1775042554358700185,1775042554358700185,1775042554359199894,0.000000,0.499709,0.499709,200
1775042554366995902,1775042554366995902,1775042554371534315,0.000000,4.538413,4.538413,200
1775042554367167079,1775042554371534315,1775042554372287046,4.367236,0.752731,5.119967,200
1775042554383197594,1775042554383197594,1775042554383879224,0.000000,0.681630,0.681630,200
1775042554392892593,1775042554392892593,1775042554393735653,0.000000,0.843060,0.843060,200
1775042554409073648,1775042554409073648,1775042554410110094,0.000000,1.036446,1.036446,200
1775042554419977371,1775042554419977371,1775042554420728893,0.000000,0.751522,0.751522,200
1775042554442981821,1775042554442981821,1775042554443911213,0.000000,0.929392,0.929392,200
1775042554452233362,1775042554452233362,1775042554455227168,0.000000,2.993806,2.993806,200
1775042554452289242,1775042554455227168,1775042554455878027,2.937926,0.650859,3.588785,200
1775042554452338620,1775042554455878027,1775042554456434801,3.539407,0.556774,4.096181,200
1775042554455968203,1775042554456434801,1775042554457829383,0.466598,1.394582,1.861180,200
1775042554469151239,1775042554469151239,1775042554469903569,0.000000,0.752330,0.752330,200
1775042554472936438,1775042554472936438,1775042554473344742,0.000000,0.408304,0.408304,200
1775042554473222081,1775042554473344742,1775042554474090217,0.122661,0.745475,0.868136,200
1775042554501983807,1775042554501983807,1775042554502606683,0.000000,0.622876,0.622876,200
1775042554502157149,1775042554502606683,1775042554503349123,0.449534,0.742440,1.191974,200
1775042554509805625,1775042554509805625,1775042554514224277,0.000000,4.418652,4.418652,200
1775042554524842170,1775042554524842170,1775042554525514912,0.000000,0.672742,0.672742,200
1775042554528389151,1775042554528389151,1775042554529023680,0.000000,0.634529,0.634529,200
1775042554578956464,1775042554578956464,1775042554581717791,0.000000,2.761327,2.761327,200
1775042554579852471,1775042554581717791,1775042554582181273,1.865320,0.463482,2.328802,200
1775042554593533544,1775042554593533544,1775042554594135155,0.000000,0.601611,0.601611,200
1775042554598664209,1775042554598664209,1775042554599325627,0.000000,0.661418,0.661418,200
1775042554600841854,1775042554600841854,1775042554601536171,0.000000,0.694317,0.694317,200
1775042554601997521,1775042554601997521,1775042554603029480,0.000000,1.031959,1.031959,200
1775042554628293829,1775042554628293829,1775042554628736349,0.000000,0.442520,0.442520,200
1775042554629479886,1775042554629479886,1775042554630350620,0.000000,0.870734,0.870734,200
1775042554640725436,1775042554640725436,1775042554641336016,0.000000,0.610580,0.610580,200
1775042554643057978,1775042554643057978,1775042554643782432,0.000000,0.724454,0.724454,200
1775042554643186241,1775042554643782432,1775042554644824018,0.596191,1.041586,1.637777,200
1775042554688410888,1775042554688410888,1775042554689028734,0.000000,0.617846,0.617846,200
1775042554690177208,1775042554690177208,1775042554691046638,0.000000,0.869430,0.869430,200
1775042554694487995,1775042554694487995,1775042554695125437,0.000000,0.637442,0.637442,200
1775042554719533248,1775042554719533248,1775042554720054020,0.000000,0.520772,0.520772,200
1775042554728021136,1775042554728021136,1775042554728536459,0.000000,0.515323,0.515323,200
1775042554729453333,1775042554729453333,1775042554730688575,0.000000,1.235242,1.235242,200
1775042554731044609,1775042554731044609,1775042554731723984,0.000000,0.679375,0.679375,200
1775042554735501552,1775042554735501552,1775042554736024730,0.000000,0.523178,0.523178,200
1775042554741826950,1775042554741826950,1775042554742855096,0.000000,1.028146,1.028146,200
1775042554751154115,1775042554751154115,1775042554751657564,0.000000,0.503449,0.503449,200
1775042554760325448,1775042554760325448,1775042554760768820,0.000000,0.443372,0.443372,200
1775042554760399414,1775042554760768820,1775042554762056498,0.369406,1.287678,1.657084,200
1775042554760529290,1775042554762056498,1775042554762694453,1.527208,0.637955,2.165163,200
1775042554761643389,1775042554762694453,1775042554763267227,1.051064,0.572774,1.623838,200
1775042554766756024,1775042554766756024,1775042554768558483,0.000000,1.802459,1.802459,200
1775042554768277231,1775042554768558483,1775042554769258860,0.281252,0.700377,0.981629,200
1775042554782117329,1775042554782117329,1775042554783092917,0.000000,0.975588,0.975588,200
1775042554783172980,1775042554783172980,1775042554783544082,0.000000,0.371102,0.371102,200
1775042554798346389,1775042554798346389,1775042554799092687,0.000000,0.746298,0.746298,200
1775042554801268952,1775042554801268952,1775042554801928256,0.000000,0.659304,0.659304,200
1775042554801348349,1775042554801928256,1775042554802592362,0.579907,0.664106,1.244013,200
1775042554818820288,1775042554818820288,1775042554819545802,0.000000,0.725514,0.725514,200
1775042554820530388,1775042554820530388,1775042554821451279,0.000000,0.920891,0.920891,200
1775042554823496623,1775042554823496623,1775042554824553331,0.000000,1.056708,1.056708,200
1775042554829923627,1775042554829923627,1775042554830605235,0.000000,0.681608,0.681608,200
1775042554842951365,1775042554842951365,1775042554843602836,0.000000,0.651471,0.651471,200
1775042554855419505,1775042554855419505,1775042554856122366,0.000000,0.702861,0.702861,200
1775042554866547321,1775042554866547321,1775042554868452918,0.000000,1.905597,1.905597,200
1775042554885924038,1775042554885924038,1775042554886331545,0.000000,0.407507,0.407507,200
1775042554887363050,1775042554887363050,1775042554888131020,0.000000,0.767970,0.767970,200
1775042554887460231,1775042554888131020,1775042554888781862,0.670789,0.650842,1.321631,200
1775042554887510290,1775042554888781862,1775042554889680932,1.271572,0.899070,2.170642,200
1775042554939997719,1775042554939997719,1775042554940571365,0.000000,0.573646,0.573646,200
1775042554944504369,1775042554944504369,1775042554945285382,0.000000,0.781013,0.781013,200
1775042554946653595,1775042554946653595,1775042554949886694,0.000000,3.233099,3.233099,200
1775042554947355588,1775042554949886694,1775042554951138095,2.531106,1.251401,3.782507,200
1775042554949789915,1775042554951138095,1775042554952331276,1.348180,1.193181,2.541361,200
1775042554959322311,1775042554959322311,1775042554960208404,0.000000,0.886093,0.886093,200
1775042554968969531,1775042554968969531,1775042554969808150,0.000000,0.838619,0.838619,200
1775042554979444963,1775042554979444963,1775042554980509596,0.000000,1.064633,1.064633,200
1775042554979504741,1775042554980509596,1775042554981155086,1.004855,0.645490,1.650345,200
1775042554979538548,1775042554981155086,1775042554981966592,1.616538,0.811506,2.428044,200
1775042554980405246,1775042554981966592,1775042554983036867,1.561346,1.070275,2.631621,200
1775042554985646875,1775042554985646875,1775042554986393413,0.000000,0.746538,0.746538,200
1775042554986587278,1775042554986587278,1775042554987504183,0.000000,0.916905,0.916905,200
1775042554989349408,1775042554989349408,1775042554990578918,0.000000,1.229510,1.229510,200
1775042555035762918,1775042555035762918,1775042555036159589,0.000000,0.396671,0.396671,200
1775042555036057587,1775042555036159589,1775042555037207726,0.102002,1.048137,1.150139,200
1775042555037464571,1775042555037464571,1775042555038361845,0.000000,0.897274,0.897274,200
1775042555046224162,1775042555046224162,1775042555046634549,0.000000,0.410387,0.410387,200
1775042555051620977,1775042555051620977,1775042555052416441,0.000000,0.795464,0.795464,200
1775042555052417138,1775042555052417138,1775042555053075110,0.000000,0.657972,0.657972,200
1775042555053789272,1775042555053789272,1775042555054612563,0.000000,0.823291,0.823291,200
1775042555057128582,1775042555057128582,1775042555058668671,0.000000,1.540089,1.540089,200
1775042555057187217,1775042555058668671,1775042555059453146,1.481454,0.784475,2.265929,200
1775042555076976910,1775042555076976910,1775042555079193030,0.000000,2.216120,2.216120,200
1775042555085287005,1775042555085287005,1775042555085966479,0.000000,0.679474,0.679474,200
1775042555086560585,1775042555086560585,1775042555087365564,0.000000,0.804979,0.804979,200
1775042555101555633,1775042555101555633,1775042555103475385,0.000000,1.919752,1.919752,200
1775042555102278357,1775042555103475385,1775042555105437631,1.197028,1.962246,3.159274,200
1775042555144694651,1775042555144694651,1775042555145327537,0.000000,0.632886,0.632886,200
1775042555146298612,1775042555146298612,1775042555147958457,0.000000,1.659845,1.659845,200
1775042555146350724,1775042555147958457,1775042555148712444,1.607733,0.753987,2.361720,200
1775042555146374952,1775042555148712444,1775042555149175754,2.337492,0.463310,2.800802,200
1775042555146729451,1775042555149175754,1775042555150024432,2.446303,0.848678,3.294981,200
1775042555149801102,1775042555150024432,1775042555151791477,0.223330,1.767045,1.990375,200
1775042555152299906,1775042555152299906,1775042555152892104,0.000000,0.592198,0.592198,200
1775042555155534024,1775042555155534024,1775042555156486724,0.000000,0.952700,0.952700,200
1775042555161563784,1775042555161563784,1775042555162760477,0.000000,1.196693,1.196693,200
1775042555161614815,1775042555162760477,1775042555163235633,1.145662,0.475156,1.620818,200
1775042555182474128,1775042555182474128,1775042555183272999,0.000000,0.798871,0.798871,200
1775042555185901661,1775042555185901661,1775042555186546187,0.000000,0.644526,0.644526,200
1775042555193520362,1775042555193520362,1775042555194104180,0.000000,0.583818,0.583818,200
1775042555224926663,1775042555224926663,1775042555226258791,0.000000,1.332128,1.332128,200
1775042555255915588,1775042555255915588,1775042555256443506,0.000000,0.527918,0.527918,200
1775042555255993652,1775042555256443506,1775042555261987327,0.449854,5.543821,5.993675,200
1775042555257217724,1775042555261987327,1775042555262696982,4.769603,0.709655,5.479258,200
1775042555257476624,1775042555262696982,1775042555263113942,5.220358,0.416960,5.637318,200
1775042555263847528,1775042555263847528,1775042555264618675,0.000000,0.771147,0.771147,200
1775042555267631531,1775042555267631531,1775042555268576640,0.000000,0.945109,0.945109,200
1775042555295402048,1775042555295402048,1775042555296479075,0.000000,1.077027,1.077027,200
1775042555296773651,1775042555296773651,1775042555297444019,0.000000,0.670368,0.670368,200
1775042555297110785,1775042555297444019,1775042555297870338,0.333234,0.426319,0.759553,200
1775042555308465029,1775042555308465029,1775042555309974988,0.000000,1.509959,1.509959,200
1775042555308557221,1775042555309974988,1775042555310606028,1.417767,0.631040,2.048807,200
1775042555318899005,1775042555318899005,1775042555319763265,0.000000,0.864260,0.864260,200
1775042555321712249,1775042555321712249,1775042555322173789,0.000000,0.461540,0.461540,200
1775042555321803529,1775042555322173789,1775042555322900833,0.370260,0.727044,1.097304,200
1775042555325361079,1775042555325361079,1775042555325987782,0.000000,0.626703,0.626703,200
1775042555337535964,1775042555337535964,1775042555338511452,0.000000,0.975488,0.975488,200
1775042555376109305,1775042555376109305,1775042555377044867,0.000000,0.935562,0.935562,200
1775042555376469855,1775042555377044867,1775042555377487368,0.575012,0.442501,1.017513,200
1775042555378213962,1775042555378213962,1775042555378970721,0.000000,0.756759,0.756759,200
1775042555387611730,1775042555387611730,1775042555394680863,0.000000,7.069133,7.069133,200
1775042555388781786,1775042555394680863,1775042555395333876,5.899077,0.653013,6.552090,200
1775042555401807884,1775042555401807884,1775042555403002570,0.000000,1.194686,1.194686,200
1775042555404420482,1775042555404420482,1775042555405185636,0.000000,0.765154,0.765154,200
1775042555439922831,1775042555439922831,1775042555440580678,0.000000,0.657847,0.657847,200
1775042555446937684,1775042555446937684,1775042555447725162,0.000000,0.787478,0.787478,200
1775042555449932383,1775042555449932383,1775042555450849607,0.000000,0.917224,0.917224,200
1775042555453231336,1775042555453231336,1775042555453666984,0.000000,0.435648,0.435648,200
1775042555461538101,1775042555461538101,1775042555462123520,0.000000,0.585419,0.585419,200
1775042555462598550,1775042555462598550,1775042555463356180,0.000000,0.757630,0.757630,200
1775042555463543011,1775042555463543011,1775042555464435703,0.000000,0.892692,0.892692,200
1775042555474850287,1775042555474850287,1775042555475614419,0.000000,0.764132,0.764132,200
1775042555501333503,1775042555501333503,1775042555502193828,0.000000,0.860325,0.860325,200
1775042555501396847,1775042555502193828,1775042555503034961,0.796981,0.841133,1.638114,200
1775042555513057495,1775042555513057495,1775042555514256033,0.000000,1.198538,1.198538,200
1775042555518217433,1775042555518217433,1775042555518673269,0.000000,0.455836,0.455836,200
1775042555524356241,1775042555524356241,1775042555532159149,0.000000,7.802908,7.802908,200
1775042555528282624,1775042555532159149,1775042555534272784,3.876525,2.113635,5.990160,200
1775042555531195555,1775042555534272784,1775042555536612776,3.077229,2.339992,5.417221,200
1775042555535752825,1775042555536612776,1775042555537260150,0.859951,0.647374,1.507325,200
1775042555540906190,1775042555540906190,1775042555541462287,0.000000,0.556097,0.556097,200
1775042555543538718,1775042555543538718,1775042555545898874,0.000000,2.360156,2.360156,200
1775042555546608198,1775042555546608198,1775042555547349720,0.000000,0.741522,0.741522,200
1775042555546736521,1775042555547349720,1775042555548429700,0.613199,1.079980,1.693179,200
1775042555547644299,1775042555548429700,1775042555549205737,0.785401,0.776037,1.561438,200
1775042555549387154,1775042555549387154,1775042555550027714,0.000000,0.640560,0.640560,200
1775042555549428155,1775042555550027714,1775042555550851852,0.599559,0.824138,1.423697,200
1775042555565997636,1775042555565997636,1775042555566836527,0.000000,0.838891,0.838891,200
1775042555584934169,1775042555584934169,1775042555585474221,0.000000,0.540052,0.540052,200
1775042555587243239,1775042555587243239,1775042555590133181,0.000000,2.889942,2.889942,200
1775042555587311624,1775042555590133181,1775042555590923385,2.821557,0.790204,3.611761,200
1775042555589918200,1775042555590923385,1775042555591716153,1.005185,0.792768,1.797953,200
1775042555590136400,1775042555591716153,1775042555592520316,1.579753,0.804163,2.383916,200
1775042555592952549,1775042555592952549,1775042555594213103,0.000000,1.260554,1.260554,200
1775042555606926372,1775042555606926372,1775042555607853058,0.000000,0.926686,0.926686,200
1775042555613247127,1775042555613247127,1775042555613728734,0.000000,0.481607,0.481607,200
1775042555643801310,1775042555643801310,1775042555644504132,0.000000,0.702822,0.702822,200
1775042555647592381,1775042555647592381,1775042555648497583,0.000000,0.905202,0.905202,200
1775042555648451865,1775042555648497583,1775042555649485519,0.045718,0.987936,1.033654,200
1775042555676284640,1775042555676284640,1775042555677220220,0.000000,0.935580,0.935580,200
1775042555744723251,1775042555744723251,1775042555746227414,0.000000,1.504163,1.504163,200
1775042555801951898,1775042555801951898,1775042555802713396,0.000000,0.761498,0.761498,200
1775042555802936077,1775042555802936077,1775042555803652354,0.000000,0.716277,0.716277,200
1775042555803900768,1775042555803900768,1775042555804697529,0.000000,0.796761,0.796761,200
1775042555814618448,1775042555814618448,1775042555815880137,0.000000,1.261689,1.261689,200
1775042555816219392,1775042555816219392,1775042555816998354,0.000000,0.778962,0.778962,200
1775042555825631148,1775042555825631148,1775042555826218683,0.000000,0.587535,0.587535,200
1775042555850028584,1775042555850028584,1775042555853510920,0.000000,3.482336,3.482336,200
1775042555850123441,1775042555853510920,1775042555853932019,3.387479,0.421099,3.808578,200
1775042555911120522,1775042555911120522,1775042555912679499,0.000000,1.558977,1.558977,200
1775042555913777879,1775042555913777879,1775042555914648530,0.000000,0.870651,0.870651,200
1775042555915814973,1775042555915814973,1775042555917312558,0.000000,1.497585,1.497585,200
1775042555915874671,1775042555917312558,1775042555918035860,1.437887,0.723302,2.161189,200
1775042555915921403,1775042555918035860,1775042555918820545,2.114457,0.784685,2.899142,200
1775042555917961352,1775042555918820545,1775042555919641800,0.859193,0.821255,1.680448,200
1775042555929591787,1775042555929591787,1775042555930282674,0.000000,0.690887,0.690887,200
1775042555929638008,1775042555930282674,1775042555931183526,0.644666,0.900852,1.545518,200
1775042555934076859,1775042555934076859,1775042555934705483,0.000000,0.628624,0.628624,200
1775042555941903557,1775042555941903557,1775042555942530578,0.000000,0.627021,0.627021,200
1775042555943358674,1775042555943358674,1775042555943766197,0.000000,0.407523,0.407523,200
1775042555944567557,1775042555944567557,1775042555945288134,0.000000,0.720577,0.720577,200
1775042555944629749,1775042555945288134,1775042555945748409,0.658385,0.460275,1.118660,200
1775042555947568240,1775042555947568240,1775042555948275571,0.000000,0.707331,0.707331,200
1775042555968912659,1775042555968912659,1775042555969597636,0.000000,0.684977,0.684977,200
1775042555971009612,1775042555971009612,1775042555971543111,0.000000,0.533499,0.533499,200
1775042556003714097,1775042556003714097,1775042556005783183,0.000000,2.069086,2.069086,200
1775042556006137126,1775042556006137126,1775042556017847624,0.000000,11.710498,11.710498,200
1775042556032061388,1775042556032061388,1775042556032757346,0.000000,0.695958,0.695958,200
1775042556034633185,1775042556034633185,1775042556035362930,0.000000,0.729745,0.729745,200
1775042556046993522,1775042556046993522,1775042556047665193,0.000000,0.671671,0.671671,200
1775042556049868260,1775042556049868260,1775042556050538499,0.000000,0.670239,0.670239,200
1775042556079534979,1775042556079534979,1775042556083640109,0.000000,4.105130,4.105130,200
1775042556081101105,1775042556083640109,1775042556084076296,2.539004,0.436187,2.975191,200
1775042556114007654,1775042556114007654,1775042556114485079,0.000000,0.477425,0.477425,200
1775042556114126799,1775042556114485079,1775042556115177027,0.358280,0.691948,1.050228,200
1775042556114185354,1775042556115177027,1775042556115740685,0.991673,0.563658,1.555331,200
1775042556114226545,1775042556115740685,1775042556116393426,1.514140,0.652741,2.166881,200
1775042556119418406,1775042556119418406,1775042556120059428,0.000000,0.641022,0.641022,200
1775042556175948495,1775042556175948495,1775042556177123510,0.000000,1.175015,1.175015,200
1775042556177148626,1775042556177148626,1775042556177989674,0.000000,0.841048,0.841048,200
1775042556178244880,1775042556178244880,1775042556178763550,0.000000,0.518670,0.518670,200
1775042556178586093,1775042556178763550,1775042556179472995,0.177457,0.709445,0.886902,200
1775042556181971703,1775042556181971703,1775042556182730534,0.000000,0.758831,0.758831,200
1775042556184600213,1775042556184600213,1775042556185170816,0.000000,0.570603,0.570603,200
1775042556184663528,1775042556185170816,1775042556185629438,0.507288,0.458622,0.965910,200
1775042556205265436,1775042556205265436,1775042556209262862,0.000000,3.997426,3.997426,200
1775042556209466931,1775042556209466931,1775042556210255662,0.000000,0.788731,0.788731,200
1775042556256079436,1775042556256079436,1775042556256782860,0.000000,0.703424,0.703424,200
1775042556258815547,1775042556258815547,1775042556259519972,0.000000,0.704425,0.704425,200
1775042556259515115,1775042556259519972,1775042556260212377,0.004857,0.692405,0.697262,200
1775042556283911009,1775042556283911009,1775042556284579914,0.000000,0.668905,0.668905,200
1775042556323878753,1775042556323878753,1775042556324969556,0.000000,1.090803,1.090803,200
1775042556323941647,1775042556324969556,1775042556325865819,1.027909,0.896263,1.924172,200
1775042556324001194,1775042556325865819,1775042556326626279,1.864625,0.760460,2.625085,200
1775042556350000551,1775042556350000551,1775042556356584190,0.000000,6.583639,6.583639,200
1775042556352331143,1775042556356584190,1775042556357236041,4.253047,0.651851,4.904898,200
1775042556356683886,1775042556357236041,1775042556362864230,0.552155,5.628189,6.180344,200
1775042556358654409,1775042556362864230,1775042556369038999,4.209821,6.174769,10.384590,200
1775042556380554195,1775042556380554195,1775042556381118242,0.000000,0.564047,0.564047,200
1775042556380685524,1775042556381118242,1775042556381990650,0.432718,0.872408,1.305126,200
1775042556382227583,1775042556382227583,1775042556383529031,0.000000,1.301448,1.301448,200
1775042556386244839,1775042556386244839,1775042556386931126,0.000000,0.686287,0.686287,200
1775042556396234733,1775042556396234733,1775042556397507892,0.000000,1.273159,1.273159,200
1775042556412154137,1775042556412154137,1775042556412922077,0.000000,0.767940,0.767940,200
1775042556412452405,1775042556412922077,1775042556414674180,0.469672,1.752103,2.221775,200
1775042556412532212,1775042556414674180,1775042556415354820,2.141968,0.680640,2.822608,200
1775042556413593103,1775042556415354820,1775042556416040448,1.761717,0.685628,2.447345,200
1775042556414125822,1775042556416040448,1775042556416688366,1.914626,0.647918,2.562544,200
1775042556429752170,1775042556429752170,1775042556430151818,0.000000,0.399648,0.399648,200
1775042556443173477,1775042556443173477,1775042556444012096,0.000000,0.838619,0.838619,200
1775042556443255268,1775042556444012096,1775042556444654353,0.756828,0.642257,1.399085,200
1775042556444805734,1775042556444805734,1775042556445641086,0.000000,0.835352,0.835352,200
1775042556444937513,1775042556445641086,1775042556447997474,0.703573,2.356388,3.059961,200
1775042556461381461,1775042556461381461,1775042556461819832,0.000000,0.438371,0.438371,200
1775042556461526637,1775042556461819832,1775042556462274742,0.293195,0.454910,0.748105,200
1775042556461579491,1775042556462274742,1775042556462801629,0.695251,0.526887,1.222138,200
1775042556463118043,1775042556463118043,1775042556464178397,0.000000,1.060354,1.060354,200
1775042556485753747,1775042556485753747,1775042556486584355,0.000000,0.830608,0.830608,200
1775042556493854721,1775042556493854721,1775042556494919778,0.000000,1.065057,1.065057,200
1775042556494049775,1775042556494919778,1775042556495772555,0.870003,0.852777,1.722780,200
1775042556495286778,1775042556495772555,1775042556497453765,0.485777,1.681210,2.166987,200
1775042556496691046,1775042556497453765,1775042556498167328,0.762719,0.713563,1.476282,200
1775042556501220080,1775042556501220080,1775042556502618213,0.000000,1.398133,1.398133,200
1775042556511913515,1775042556511913515,1775042556512606325,0.000000,0.692810,0.692810,200
1775042556517085027,1775042556517085027,1775042556518252538,0.000000,1.167511,1.167511,200
1775042556517177820,1775042556518252538,1775042556518938166,1.074718,0.685628,1.760346,200
1775042556519271947,1775042556519271947,1775042556520117125,0.000000,0.845178,0.845178,200
1775042556523207712,1775042556523207712,1775042556523834733,0.000000,0.627021,0.627021,200
1775042556524589104,1775042556524589104,1775042556525262559,0.000000,0.673455,0.673455,200
1775042556540208380,1775042556540208380,1775042556540650650,0.000000,0.442270,0.442270,200
1775042556542985492,1775042556542985492,1775042556544484674,0.000000,1.499182,1.499182,200
1775042556548821261,1775042556548821261,1775042556549539764,0.000000,0.718503,0.718503,200
1775042556559994572,1775042556559994572,1775042556564304427,0.000000,4.309855,4.309855,200
1775042556561043228,1775042556564304427,1775042556564876542,3.261199,0.572115,3.833314,200
1775042556561517453,1775042556564876542,1775042556565665804,3.359089,0.789262,4.148351,200
1775042556572149348,1775042556572149348,1775042556572545477,0.000000,0.396129,0.396129,200
1775042556572204467,1775042556572545477,1775042556576223878,0.341010,3.678401,4.019411,200
1775042556575705135,1775042556576223878,1775042556576725170,0.518743,0.501292,1.020035,200
1775042556586730535,1775042556586730535,1775042556587435355,0.000000,0.704820,0.704820,200
1775042556591448091,1775042556591448091,1775042556592095116,0.000000,0.647025,0.647025,200
1775042556618938889,1775042556618938889,1775042556619994289,0.000000,1.055400,1.055400,200
1775042556621983890,1775042556621983890,1775042556622637906,0.000000,0.654016,0.654016,200
1775042556623181032,1775042556623181032,1775042556623877181,0.000000,0.696149,0.696149,200
1775042556645253858,1775042556645253858,1775042556646543044,0.000000,1.289186,1.289186,200
1775042556672493530,1775042556672493530,1775042556672997942,0.000000,0.504412,0.504412,200
1775042556672605270,1775042556672997942,1775042556673731014,0.392672,0.733072,1.125744,200
1775042556678844725,1775042556678844725,1775042556679579890,0.000000,0.735165,0.735165,200
1775042556678914523,1775042556679579890,1775042556680039841,0.665367,0.459951,1.125318,200
1775042556680629182,1775042556680629182,1775042556681274691,0.000000,0.645509,0.645509,200
1775042556683789613,1775042556683789613,1775042556684927868,0.000000,1.138255,1.138255,200
1775042556723585172,1775042556723585172,1775042556724548149,0.000000,0.962977,0.962977,200
1775042556725610733,1775042556725610733,1775042556726173919,0.000000,0.563186,0.563186,200
1775042556731128607,1775042556731128607,1775042556731936464,0.000000,0.807857,0.807857,200
1775042556733946871,1775042556733946871,1775042556734619413,0.000000,0.672542,0.672542,200
1775042556738675118,1775042556738675118,1775042556739144267,0.000000,0.469149,0.469149,200
1775042556739118188,1775042556739144267,1775042556739620543,0.026079,0.476276,0.502355,200
1775042556746251534,1775042556746251534,1775042556747578933,0.000000,1.327399,1.327399,200
1775042556766624983,1775042556766624983,1775042556767316846,0.000000,0.691863,0.691863,200
1775042556769934911,1775042556769934911,1775042556770970782,0.000000,1.035871,1.035871,200
1775042556779976753,1775042556779976753,1775042556785495403,0.000000,5.518650,5.518650,200
1775042556814296682,1775042556814296682,1775042556816805411,0.000000,2.508729,2.508729,200
1775042556819174431,1775042556819174431,1775042556819719082,0.000000,0.544651,0.544651,200
1775042556877365167,1775042556877365167,1775042556878215598,0.000000,0.850431,0.850431,200
1775042556878226087,1775042556878226087,1775042556879402380,0.000000,1.176293,1.176293,200
1775042556893593857,1775042556893593857,1775042556894415112,0.000000,0.821255,0.821255,200
1775042556959491603,1775042556959491603,1775042556959953100,0.000000,0.461497,0.461497,200
1775042556972113726,1775042556972113726,1775042556972620112,0.000000,0.506386,0.506386,200
1775042556981682140,1775042556981682140,1775042556982417516,0.000000,0.735376,0.735376,200
1775042556982958386,1775042556982958386,1775042556984249591,0.000000,1.291205,1.291205,200
1775042556994699092,1775042556994699092,1775042556996673066,0.000000,1.973974,1.973974,200
1775042557013243651,1775042557013243651,1775042557013649387,0.000000,0.405736,0.405736,200
1775042557034652380,1775042557034652380,1775042557035344051,0.000000,0.691671,0.691671,200
1775042557036249578,1775042557036249578,1775042557037791621,0.000000,1.542043,1.542043,200
1775042557036378592,1775042557037791621,1775042557038841181,1.413029,1.049560,2.462589,200
1775042557036446997,1775042557038841181,1775042557039338238,2.394184,0.497057,2.891241,200
1775042557039894095,1775042557039894095,1775042557040662928,0.000000,0.768833,0.768833,200
1775042557039988822,1775042557040662928,1775042557043540353,0.674106,2.877425,3.551531,200
1775042557046323849,1775042557046323849,1775042557046975320,0.000000,0.651471,0.651471,200
1775042557046891268,1775042557046975320,1775042557047602371,0.084052,0.627051,0.711103,200
1775042557051690842,1775042557051690842,1775042557052423111,0.000000,0.732269,0.732269,200
1775042557052106360,1775042557052423111,1775042557053125231,0.316751,0.702120,1.018871,200
1775042557077001407,1775042557077001407,1775042557077706372,0.000000,0.704965,0.704965,200
1775042557077836172,1775042557077836172,1775042557079306718,0.000000,1.470546,1.470546,200
1775042557079199989,1775042557079306718,1775042557080100238,0.106729,0.793520,0.900249,200
1775042557081131735,1775042557081131735,1775042557081647499,0.000000,0.515764,0.515764,200
1775042557096994828,1775042557096994828,1775042557097587026,0.000000,0.592198,0.592198,200
1775042557106947230,1775042557106947230,1775042557107601027,0.000000,0.653797,0.653797,200
1775042557110892614,1775042557110892614,1775042557111766063,0.000000,0.873449,0.873449,200
1775042557110972281,1775042557111766063,1775042557112368558,0.793782,0.602495,1.396277,200
1775042557111435984,1775042557112368558,1775042557113027946,0.932574,0.659388,1.591962,200
1775042557119649087,1775042557119649087,1775042557120197717,0.000000,0.548630,0.548630,200
1775042557127820237,1775042557127820237,1775042557128464984,0.000000,0.644747,0.644747,200
1775042557133207838,1775042557133207838,1775042557134282109,0.000000,1.074271,1.074271,200
1775042557135979088,1775042557135979088,1775042557136718328,0.000000,0.739240,0.739240,200
1775042557137321433,1775042557137321433,1775042557138079544,0.000000,0.758111,0.758111,200
1775042557139448595,1775042557139448595,1775042557140122079,0.000000,0.673484,0.673484,200
1775042557142767030,1775042557142767030,1775042557143510354,0.000000,0.743324,0.743324,200
1775042557143785357,1775042557143785357,1775042557144373471,0.000000,0.588114,0.588114,200
1775042557143861637,1775042557144373471,1775042557145239056,0.511834,0.865585,1.377419,200
1775042557147131142,1775042557147131142,1775042557147722416,0.000000,0.591274,0.591274,200
1775042557160193023,1775042557160193023,1775042557160769514,0.000000,0.576491,0.576491,200
1775042557172714616,1775042557172714616,1775042557173501784,0.000000,0.787168,0.787168,200
1775042557174016121,1775042557174016121,1775042557174492598,0.000000,0.476477,0.476477,200
1775042557174080187,1775042557174492598,1775042557175203106,0.412411,0.710508,1.122919,200
1775042557175414747,1775042557175414747,1775042557176067241,0.000000,0.652494,0.652494,200
1775042557191791609,1775042557191791609,1775042557192290303,0.000000,0.498694,0.498694,200
1775042557192092392,1775042557192290303,1775042557193057171,0.197911,0.766868,0.964779,200
1775042557196183413,1775042557196183413,1775042557197131531,0.000000,0.948118,0.948118,200
1775042557197519406,1775042557197519406,1775042557198489112,0.000000,0.969706,0.969706,200
1775042557216909745,1775042557216909745,1775042557217942496,0.000000,1.032751,1.032751,200
1775042557224843028,1775042557224843028,1775042557225777887,0.000000,0.934859,0.934859,200
1775042557232162086,1775042557232162086,1775042557233133493,0.000000,0.971407,0.971407,200
1775042557234182597,1775042557234182597,1775042557245463077,0.000000,11.280480,11.280480,200
1775042557235404325,1775042557245463077,1775042557246215407,10.058752,0.752330,10.811082,200
1775042557235507418,1775042557246215407,1775042557247081605,10.707989,0.866198,11.574187,200
1775042557241722706,1775042557247081605,1775042557247745169,5.358899,0.663564,6.022463,200
1775042557242547886,1775042557247745169,1775042557248423031,5.197283,0.677862,5.875145,200
1775042557242811595,1775042557248423031,1775042557249133539,5.611436,0.710508,6.321944,200
1775042557243017862,1775042557249133539,1775042557249839588,6.115677,0.706049,6.821726,200
1775042557244146526,1775042557249839588,1775042557250605595,5.693062,0.766007,6.459069,200
1775042557245945652,1775042557250605595,1775042557251276444,4.659943,0.670849,5.330792,200
1775042557246568428,1775042557251276444,1775042557252002873,4.708016,0.726429,5.434445,200
1775042557248720790,1775042557252002873,1775042557257384687,3.282083,5.381814,8.663897,200
1775042557248913038,1775042557257384687,1775042557257891686,8.471649,0.506999,8.978648,200
1775042557267668182,1775042557267668182,1775042557269870082,0.000000,2.201900,2.201900,200
1775042557273325113,1775042557273325113,1775042557273939151,0.000000,0.614038,0.614038,200
1775042557293210137,1775042557293210137,1775042557297360619,0.000000,4.150482,4.150482,200
1775042557293436814,1775042557297360619,1775042557297955583,3.923805,0.594964,4.518769,200
1775042557313317661,1775042557313317661,1775042557318963850,0.000000,5.646189,5.646189,200
1775042557313409853,1775042557318963850,1775042557319328588,5.553997,0.364738,5.918735,200
1775042557317598597,1775042557319328588,1775042557321550687,1.729991,2.222099,3.952090,200
1775042557333751485,1775042557333751485,1775042557334363098,0.000000,0.611613,0.611613,200
1775042557333898925,1775042557334363098,1775042557335262742,0.464173,0.899644,1.363817,200
1775042557334013010,1775042557335262742,1775042557335696976,1.249732,0.434234,1.683966,200
1775042557335445282,1775042557335696976,1775042557338529311,0.251694,2.832335,3.084029,200
1775042557336662631,1775042557338529311,1775042557339887752,1.866680,1.358441,3.225121,200
1775042557341644405,1775042557341644405,1775042557342171281,0.000000,0.526876,0.526876,200
1775042557341888275,1775042557342171281,1775042557342784130,0.283006,0.612849,0.895855,200
1775042557344972924,1775042557344972924,1775042557345966348,0.000000,0.993424,0.993424,200
1775042557356901960,1775042557356901960,1775042557358255790,0.000000,1.353830,1.353830,200
1775042557358250968,1775042557358255790,1775042557359094681,0.004822,0.838891,0.843713,200
1775042557358299584,1775042557359094681,1775042557359895346,0.795097,0.800665,1.595762,200
1775042557370654580,1775042557370654580,1775042557371420971,0.000000,0.766391,0.766391,200
1775042557370837450,1775042557371420971,1775042557372022732,0.583521,0.601761,1.185282,200
1775042557382245099,1775042557382245099,1775042557383604953,0.000000,1.359854,1.359854,200
1775042557385528179,1775042557385528179,1775042557386254427,0.000000,0.726248,0.726248,200
1775042557400786159,1775042557400786159,1775042557401352516,0.000000,0.566357,0.566357,200
1775042557402320041,1775042557402320041,1775042557403015739,0.000000,0.695698,0.695698,200
1775042557409157062,1775042557409157062,1775042557409930240,0.000000,0.773178,0.773178,200
1775042557421241203,1775042557421241203,1775042557422000807,0.000000,0.759604,0.759604,200
1775042557435677720,1775042557435677720,1775042557436466652,0.000000,0.788932,0.788932,200
1775042557438860282,1775042557438860282,1775042557439568337,0.000000,0.708055,0.708055,200
1775042557442813472,1775042557442813472,1775042557443660769,0.000000,0.847297,0.847297,200
1775042557453799349,1775042557453799349,1775042557454432454,0.000000,0.633105,0.633105,200
1775042557454245979,1775042557454432454,1775042557455056242,0.186475,0.623788,0.810263,200
1775042557455075364,1775042557455075364,1775042557455640968,0.000000,0.565604,0.565604,200
1775042557456168799,1775042557456168799,1775042557456802174,0.000000,0.633375,0.633375,200
1775042557456275719,1775042557456802174,1775042557458242960,0.526455,1.440786,1.967241,200
1775042557457541884,1775042557458242960,1775042557459861062,0.701076,1.618102,2.319178,200
1775042557458888728,1775042557459861062,1775042557460457709,0.972334,0.596647,1.568981,200
1775042557460059956,1775042557460457709,1775042557461417206,0.397753,0.959497,1.357250,200
1775042557461092671,1775042557461417206,1775042557462139500,0.324535,0.722294,1.046829,200
1775042557462047543,1775042557462139500,1775042557463657594,0.091957,1.518094,1.610051,200
1775042557470027833,1775042557470027833,1775042557470526527,0.000000,0.498694,0.498694,200
1775042557478559916,1775042557478559916,1775042557479257986,0.000000,0.698070,0.698070,200
1775042557480396811,1775042557480396811,1775042557481134340,0.000000,0.737529,0.737529,200
1775042557502145078,1775042557502145078,1775042557503615624,0.000000,1.470546,1.470546,200
1775042557531104332,1775042557531104332,1775042557532370755,0.000000,1.266423,1.266423,200
1775042557560943393,1775042557560943393,1775042557561667236,0.000000,0.723843,0.723843,200
1775042557561314774,1775042557561667236,1775042557562507468,0.352462,0.840232,1.192694,200
1775042557576709622,1775042557576709622,1775042557578350087,0.000000,1.640465,1.640465,200
1775042557598904929,1775042557598904929,1775042557599701405,0.000000,0.796476,0.796476,200
1775042557620939186,1775042557620939186,1775042557625094668,0.000000,4.155482,4.155482,200
1775042557625326121,1775042557625326121,1775042557625910939,0.000000,0.584818,0.584818,200
1775042557636962754,1775042557636962754,1775042557638391423,0.000000,1.428669,1.428669,200
1775042557638205041,1775042557638391423,1775042557639034601,0.186382,0.643178,0.829560,200
1775042557638265991,1775042557639034601,1775042557639695981,0.768610,0.661380,1.429990,200
1775042557638311621,1775042557639695981,1775042557640374392,1.384360,0.678411,2.062771,200
1775042557642046919,1775042557642046919,1775042557642792135,0.000000,0.745216,0.745216,200
1775042557642156425,1775042557642792135,1775042557643707359,0.635710,0.915224,1.550934,200
1775042557647918352,1775042557647918352,1775042557648749578,0.000000,0.831226,0.831226,200
1775042557652489860,1775042557652489860,1775042557654261554,0.000000,1.771694,1.771694,200
1775042557660996208,1775042557660996208,1775042557661698108,0.000000,0.701900,0.701900,200
1775042557661145222,1775042557661698108,1775042557662738496,0.552886,1.040388,1.593274,200
1775042557661989476,1775042557662738496,1775042557663431759,0.749020,0.693263,1.442283,200
1775042557663227645,1775042557663431759,1775042557667302876,0.204114,3.871117,4.075231,200
1775042557664124703,1775042557667302876,1775042557667785922,3.178173,0.483046,3.661219,200
1775042557665273516,1775042557667785922,1775042557668553819,2.512406,0.767897,3.280303,200
1775042557668169723,1775042557668553819,1775042557672046924,0.384096,3.493105,3.877201,200
1775042557669957838,1775042557672046924,1775042557675496543,2.089086,3.449619,5.538705,200
1775042557672333238,1775042557675496543,1775042557676242138,3.163305,0.745595,3.908900,200
1775042557672379920,1775042557676242138,1775042557676897106,3.862218,0.654968,4.517186,200
1775042557674943526,1775042557676897106,1775042557677511333,1.953580,0.614227,2.567807,200
1775042557706172550,1775042557706172550,1775042557707046641,0.000000,0.874091,0.874091,200
1775042557707726853,1775042557707726853,1775042557708592975,0.000000,0.866122,0.866122,200
1775042557713243844,1775042557713243844,1775042557713947587,0.000000,0.703743,0.703743,200
1775042557715928566,1775042557715928566,1775042557717304142,0.000000,1.375576,1.375576,200
1775042557718297988,1775042557718297988,1775042557719152108,0.000000,0.854120,0.854120,200
1775042557725408837,1775042557725408837,1775042557726879086,0.000000,1.470249,1.470249,200
1775042557729758308,1775042557729758308,1775042557730452734,0.000000,0.694426,0.694426,200
1775042557731639525,1775042557731639525,1775042557732402669,0.000000,0.763144,0.763144,200
1775042557731690626,1775042557732402669,1775042557732895430,0.712043,0.492761,1.204804,200
1775042557744046465,1775042557744046465,1775042557744742294,0.000000,0.695829,0.695829,200
1775042557744139348,1775042557744742294,1775042557746932219,0.602946,2.189925,2.792871,200
1775042557761645485,1775042557761645485,1775042557762323839,0.000000,0.678354,0.678354,200
1775042557776080881,1775042557776080881,1775042557779843407,0.000000,3.762526,3.762526,200
1775042557825947841,1775042557825947841,1775042557826375032,0.000000,0.427191,0.427191,200
1775042557828944390,1775042557828944390,1775042557829642172,0.000000,0.697782,0.697782,200
1775042557829041521,1775042557829642172,1775042557830283594,0.600651,0.641422,1.242073,200
1775042557832761267,1775042557832761267,1775042557833467796,0.000000,0.706529,0.706529,200
1775042557871829876,1775042557871829876,1775042557872591193,0.000000,0.761317,0.761317,200
1775042557871935124,1775042557872591193,1775042557873342842,0.656069,0.751649,1.407718,200
1775042557884307372,1775042557884307372,1775042557885698408,0.000000,1.391036,1.391036,200
1775042557886593605,1775042557886593605,1775042557887330335,0.000000,0.736730,0.736730,200
1775042557893908470,1775042557893908470,1775042557894645999,0.000000,0.737529,0.737529,200
1775042557905256532,1775042557905256532,1775042557907415242,0.000000,2.158710,2.158710,200
1775042557909548639,1775042557909548639,1775042557910201313,0.000000,0.652674,0.652674,200
1775042557910336976,1775042557910336976,1775042557911323787,0.000000,0.986811,0.986811,200
1775042557912780441,1775042557912780441,1775042557913252688,0.000000,0.472247,0.472247,200
1775042557913722057,1775042557913722057,1775042557914245777,0.000000,0.523720,0.523720,200
1775042557944420205,1775042557944420205,1775042557945099641,0.000000,0.679436,0.679436,200
1775042557950075614,1775042557950075614,1775042557950881790,0.000000,0.806176,0.806176,200
1775042557961287001,1775042557961287001,1775042557962000205,0.000000,0.713204,0.713204,200
1775042557961376998,1775042557962000205,1775042557962592911,0.623207,0.592706,1.215913,200
1775042557962017084,1775042557962592911,1775042557963187268,0.575827,0.594357,1.170184,200
1775042557963179312,1775042557963187268,1775042557964044826,0.007956,0.857558,0.865514,200
1775042557969166470,1775042557969166470,1775042557969883830,0.000000,0.717360,0.717360,200
1775042557996611304,1775042557996611304,1775042557997770779,0.000000,1.159475,1.159475,200
1775042558000601808,1775042558000601808,1775042558003296047,0.000000,2.694239,2.694239,200
1775042558003583964,1775042558003583964,1775042558004373277,0.000000,0.789313,0.789313,200
1775042558004710594,1775042558004710594,1775042558006499331,0.000000,1.788737,1.788737,200
1775042558042286428,1775042558042286428,1775042558043201652,0.000000,0.915224,0.915224,200
1775042558045158107,1775042558045158107,1775042558045882051,0.000000,0.723944,0.723944,200
1775042558055358553,1775042558055358553,1775042558056083158,0.000000,0.724605,0.724605,200
1775042558065862691,1775042558065862691,1775042558066912251,0.000000,1.049560,1.049560,200
1775042558074663384,1775042558074663384,1775042558076204936,0.000000,1.541552,1.541552,200
1775042558076566900,1775042558076566900,1775042558077150377,0.000000,0.583477,0.583477,200
1775042558076843064,1775042558077150377,1775042558078223646,0.307313,1.073269,1.380582,200
1775042558083011946,1775042558083011946,1775042558084084708,0.000000,1.072762,1.072762,200
1775042558085026766,1775042558085026766,1775042558085976281,0.000000,0.949515,0.949515,200
1775042558092509010,1775042558092509010,1775042558094383080,0.000000,1.874070,1.874070,200
1775042558094811147,1775042558094811147,1775042558095549499,0.000000,0.738352,0.738352,200
1775042558095737191,1775042558095737191,1775042558096601456,0.000000,0.864265,0.864265,200
1775042558096807240,1775042558096807240,1775042558097379363,0.000000,0.572123,0.572123,200
1775042558097896146,1775042558097896146,1775042558098478691,0.000000,0.582545,0.582545,200
1775042558099471944,1775042558099471944,1775042558100213008,0.000000,0.741064,0.741064,200
1775042558101427688,1775042558101427688,1775042558102379452,0.000000,0.951764,0.951764,200
1775042558101669073,1775042558102379452,1775042558102966787,0.710379,0.587335,1.297714,200
1775042558133396339,1775042558133396339,1775042558134265370,0.000000,0.869031,0.869031,200
1775042558166038806,1775042558166038806,1775042558166623115,0.000000,0.584309,0.584309,200
1775042558228620581,1775042558228620581,1775042558231339246,0.000000,2.718665,2.718665,200
1775042558232910294,1775042558232910294,1775042558233678399,0.000000,0.768105,0.768105,200
1775042558255650950,1775042558255650950,1775042558256410989,0.000000,0.760039,0.760039,200
1775042558311893677,1775042558311893677,1775042558313249282,0.000000,1.355605,1.355605,200
1775042558311969697,1775042558313249282,1775042558319944578,1.279585,6.695296,7.974881,200
1775042558313088931,1775042558319944578,1775042558320555780,6.855647,0.611202,7.466849,200
1775042558334892985,1775042558334892985,1775042558335431312,0.000000,0.538327,0.538327,200
1775042558336091477,1775042558336091477,1775042558336815515,0.000000,0.724038,0.724038,200
1775042558337482518,1775042558337482518,1775042558338177563,0.000000,0.695045,0.695045,200
1775042558344639743,1775042558344639743,1775042558345105058,0.000000,0.465315,0.465315,200
1775042558344734029,1775042558345105058,1775042558345599982,0.371029,0.494924,0.865953,200
1775042558367055757,1775042558367055757,1775042558367606690,0.000000,0.550933,0.550933,200
1775042558368187257,1775042558368187257,1775042558368937703,0.000000,0.750446,0.750446,200
1775042558372642245,1775042558372642245,1775042558374303401,0.000000,1.661156,1.661156,200
1775042558400165931,1775042558400165931,1775042558400927098,0.000000,0.761167,0.761167,200
1775042558401731987,1775042558401731987,1775042558402537334,0.000000,0.805347,0.805347,200
1775042558406546781,1775042558406546781,1775042558407560348,0.000000,1.013567,1.013567,200
1775042558408294124,1775042558408294124,1775042558409017640,0.000000,0.723516,0.723516,200
1775042558408595749,1775042558409017640,1775042558409835282,0.421891,0.817642,1.239533,200
1775042558414213753,1775042558414213753,1775042558415353707,0.000000,1.139954,1.139954,200
1775042558421444862,1775042558421444862,1775042558422158355,0.000000,0.713493,0.713493,200
1775042558434235152,1775042558434235152,1775042558434955971,0.000000,0.720819,0.720819,200
1775042558447938519,1775042558447938519,1775042558448416749,0.000000,0.478230,0.478230,200
1775042558468417530,1775042558468417530,1775042558469062578,0.000000,0.645048,0.645048,200
1775042558468454322,1775042558469062578,1775042558469958488,0.608256,0.895910,1.504166,200
1775042558470196229,1775042558470196229,1775042558470876905,0.000000,0.680676,0.680676,200
1775042558471563223,1775042558471563223,1775042558472267057,0.000000,0.703834,0.703834,200
1775042558471613642,1775042558472267057,1775042558472979231,0.653415,0.712174,1.365589,200
1775042558471643721,1775042558472979231,1775042558480140633,1.335510,7.161402,8.496912,200
1775042558471672578,1775042558480140633,1775042558480830740,8.468055,0.690107,9.158162,200
1775042558472982860,1775042558480830740,1775042558481973467,7.847880,1.142727,8.990607,200
1775042558473029903,1775042558481973467,1775042558482563287,8.943564,0.589820,9.533384,200
1775042558474259326,1775042558482563287,1775042558483382495,8.303961,0.819208,9.123169,200
1775042558476292883,1775042558483382495,1775042558484694653,7.089612,1.312158,8.401770,200
1775042558485847701,1775042558485847701,1775042558487496142,0.000000,1.648441,1.648441,200
1775042558493962000,1775042558493962000,1775042558494711734,0.000000,0.749734,0.749734,200
1775042558495031768,1775042558495031768,1775042558496324439,0.000000,1.292671,1.292671,200
1775042558496783269,1775042558496783269,1775042558497457755,0.000000,0.674486,0.674486,200
1775042558497667051,1775042558497667051,1775042558498519329,0.000000,0.852278,0.852278,200
1775042558501014958,1775042558501014958,1775042558501874704,0.000000,0.859746,0.859746,200
1775042558506107553,1775042558506107553,1775042558506943694,0.000000,0.836141,0.836141,200
1775042558514826100,1775042558514826100,1775042558516672004,0.000000,1.845904,1.845904,200
1775042558516361836,1775042558516672004,1775042558517781821,0.310168,1.109817,1.419985,200
1775042558526039830,1775042558526039830,1775042558527448731,0.000000,1.408901,1.408901,200
1775042558535378720,1775042558535378720,1775042558536035699,0.000000,0.656979,0.656979,200
1775042558536315186,1775042558536315186,1775042558537043849,0.000000,0.728663,0.728663,200
1775042558536369092,1775042558537043849,1775042558537608391,0.674757,0.564542,1.239299,200
1775042558537316830,1775042558537608391,1775042558541141529,0.291561,3.533138,3.824699,200
1775042558542189964,1775042558542189964,1775042558543364548,0.000000,1.174584,1.174584,200
1775042558542328788,1775042558543364548,1775042558544028842,1.035760,0.664294,1.700054,200
1775042558551550408,1775042558551550408,1775042558552320442,0.000000,0.770034,0.770034,200
1775042558554864679,1775042558554864679,1775042558555733006,0.000000,0.868327,0.868327,200
1775042558556301971,1775042558556301971,1775042558557284547,0.000000,0.982576,0.982576,200
1775042558566147945,1775042558566147945,1775042558567462986,0.000000,1.315041,1.315041,200
1775042558578970662,1775042558578970662,1775042558579741788,0.000000,0.771126,0.771126,200
1775042558587649545,1775042558587649545,1775042558588256539,0.000000,0.606994,0.606994,200
1775042558592859919,1775042558592859919,1775042558593358149,0.000000,0.498230,0.498230,200
1775042558593052559,1775042558593358149,1775042558594043297,0.305590,0.685148,0.990738,200
1775042558616668417,1775042558616668417,1775042558617510633,0.000000,0.842216,0.842216,200
1775042558617274752,1775042558617510633,1775042558623400465,0.235881,5.889832,6.125713,200
1775042558620058467,1775042558623400465,1775042558624004432,3.341998,0.603967,3.945965,200
1775042558621505879,1775042558624004432,1775042558624542311,2.498553,0.537879,3.036432,200
1775042558621672698,1775042558624542311,1775042558625009170,2.869613,0.466859,3.336472,200
1775042558644321716,1775042558644321716,1775042558645124867,0.000000,0.803151,0.803151,200
1775042558649362061,1775042558649362061,1775042558650880473,0.000000,1.518412,1.518412,200
1775042558649476386,1775042558650880473,1775042558651532354,1.404087,0.651881,2.055968,200
1775042558652083490,1775042558652083490,1775042558657237691,0.000000,5.154201,5.154201,200
1775042558655618446,1775042558657237691,1775042558657836279,1.619245,0.598588,2.217833,200
1775042558675668468,1775042558675668468,1775042558676434937,0.000000,0.766469,0.766469,200
1775042558707717428,1775042558707717428,1775042558709202437,0.000000,1.485009,1.485009,200
1775042558711181625,1775042558711181625,1775042558711716697,0.000000,0.535072,0.535072,200
1775042558721623265,1775042558721623265,1775042558722344766,0.000000,0.721501,0.721501,200
1775042558789862082,1775042558789862082,1775042558791456917,0.000000,1.594835,1.594835,200
1775042558793239718,1775042558793239718,1775042558793846258,0.000000,0.606540,0.606540,200
1775042558795398828,1775042558795398828,1775042558796116188,0.000000,0.717360,0.717360,200
1775042558813436101,1775042558813436101,1775042558814356600,0.000000,0.920499,0.920499,200
1775042558815268372,1775042558815268372,1775042558821172303,0.000000,5.903931,5.903931,200
1775042558818557287,1775042558821172303,1775042558821850026,2.615016,0.677723,3.292739,200
1775042558820952894,1775042558821850026,1775042558823851432,0.897132,2.001406,2.898538,200
1775042558824806541,1775042558824806541,1775042558825554091,0.000000,0.747550,0.747550,200
1775042558824908973,1775042558825554091,1775042558827150570,0.645118,1.596479,2.241597,200
1775042558836662269,1775042558836662269,1775042558837633038,0.000000,0.970769,0.970769,200
1775042558856547404,1775042558856547404,1775042558858285152,0.000000,1.737748,1.737748,200
1775042558856619666,1775042558858285152,1775042558859063723,1.665486,0.778571,2.444057,200
1775042558908853319,1775042558908853319,1775042558914041954,0.000000,5.188635,5.188635,200
1775042558909804359,1775042558914041954,1775042558914816363,4.237595,0.774409,5.012004,200
1775042558940180429,1775042558940180429,1775042558940529295,0.000000,0.348866,0.348866,200
1775042558940908223,1775042558940908223,1775042558941467641,0.000000,0.559418,0.559418,200
1775042558942818052,1775042558942818052,1775042558943476551,0.000000,0.658499,0.658499,200
1775042558945932942,1775042558945932942,1775042558946665269,0.000000,0.732327,0.732327,200
1775042558962705403,1775042558962705403,1775042558963399190,0.000000,0.693787,0.693787,200
1775042558964295815,1775042558964295815,1775042558964987405,0.000000,0.691590,0.691590,200
1775042558970046581,1775042558970046581,1775042558970832173,0.000000,0.785592,0.785592,200
1775042558973102433,1775042558973102433,1775042558973558668,0.000000,0.456235,0.456235,200
1775042558973622728,1775042558973622728,1775042558974914373,0.000000,1.291645,1.291645,200
1775042558989286121,1775042558989286121,1775042558990105054,0.000000,0.818933,0.818933,200
1775042558997940497,1775042558997940497,1775042558999226476,0.000000,1.285979,1.285979,200
1775042559005497176,1775042559005497176,1775042559006206272,0.000000,0.709096,0.709096,200
1775042559005573756,1775042559006206272,1775042559007136742,0.632516,0.930470,1.562986,200
1775042559006879139,1775042559007136742,1775042559008186987,0.257603,1.050245,1.307848,200
1775042559006930199,1775042559008186987,1775042559009028962,1.256788,0.841975,2.098763,200
1775042559007708022,1775042559009028962,1775042559010582097,1.320940,1.553135,2.874075,200
1775042559011450276,1775042559011450276,1775042559012123731,0.000000,0.673455,0.673455,200
1775042559011523040,1775042559012123731,1775042559012972630,0.600691,0.848899,1.449590,200
1775042559011569421,1775042559012972630,1775042559014015237,1.403209,1.042607,2.445816,200
1775042559014883790,1775042559014883790,1775042559015527275,0.000000,0.643485,0.643485,200
1775042559018138519,1775042559018138519,1775042559018792575,0.000000,0.654056,0.654056,200
1775042559026564732,1775042559026564732,1775042559027286862,0.000000,0.722130,0.722130,200
1775042559032336455,1775042559032336455,1775042559033045629,0.000000,0.709174,0.709174,200
1775042559048197981,1775042559048197981,1775042559048926644,0.000000,0.728663,0.728663,200
1775042559048264132,1775042559048926644,1775042559049652622,0.662512,0.725978,1.388490,200
1775042559048637738,1775042559049652622,1775042559050276527,1.014884,0.623905,1.638789,200
1775042559054601860,1775042559054601860,1775042559055147964,0.000000,0.546104,0.546104,200
1775042559055132034,1775042559055147964,1775042559055935224,0.015930,0.787260,0.803190,200
1775042559066884663,1775042559066884663,1775042559067339249,0.000000,0.454586,0.454586,200
1775042559066999800,1775042559067339249,1775042559067985770,0.339449,0.646521,0.985970,200
1775042559067087964,1775042559067985770,1775042559068986168,0.897806,1.000398,1.898204,200
1775042559067343708,1775042559068986168,1775042559069724821,1.642460,0.738653,2.381113,200
1775042559088376404,1775042559088376404,1775042559089210253,0.000000,0.833849,0.833849,200
1775042559093346658,1775042559093346658,1775042559094068729,0.000000,0.722071,0.722071,200
1775042559100789264,1775042559100789264,1775042559101298082,0.000000,0.508818,0.508818,200
1775042559100990270,1775042559101298082,1775042559101748359,0.307812,0.450277,0.758089,200
1775042559105127543,1775042559105127543,1775042559105835943,0.000000,0.708400,0.708400,200
1775042559105167481,1775042559105835943,1775042559107252092,0.668462,1.416149,2.084611,200
1775042559116048861,1775042559116048861,1775042559116710743,0.000000,0.661882,0.661882,200
1775042559116396867,1775042559116710743,1775042559117101901,0.313876,0.391158,0.705034,200
1775042559128422945,1775042559128422945,1775042559129084205,0.000000,0.661260,0.661260,200
1775042559128479777,1775042559129084205,1775042559129837245,0.604428,0.753040,1.357468,200
1775042559128515628,1775042559129837245,1775042559130385814,1.321617,0.548569,1.870186,200
1775042559128542621,1775042559130385814,1775042559130847599,1.843193,0.461785,2.304978,200
1775042559138220941,1775042559138220941,1775042559139102977,0.000000,0.882036,0.882036,200
1775042559138312902,1775042559139102977,1775042559139474999,0.790075,0.372022,1.162097,200
1775042559151150873,1775042559151150873,1775042559151605138,0.000000,0.454265,0.454265,200
1775042559154560582,1775042559154560582,1775042559155208187,0.000000,0.647605,0.647605,200
1775042559166091002,1775042559166091002,1775042559166897288,0.000000,0.806286,0.806286,200
1775042559167829628,1775042559167829628,1775042559168494042,0.000000,0.664414,0.664414,200
1775042559168919095,1775042559168919095,1775042559169370485,0.000000,0.451390,0.451390,200
1775042559170299114,1775042559170299114,1775042559171522419,0.000000,1.223305,1.223305,200
1775042559183051604,1775042559183051604,1775042559183680670,0.000000,0.629066,0.629066,200
1775042559208713641,1775042559208713641,1775042559209520777,0.000000,0.807136,0.807136,200
1775042559220061763,1775042559220061763,1775042559222450692,0.000000,2.388929,2.388929,200
1775042559237257891,1775042559237257891,1775042559238015330,0.000000,0.757439,0.757439,200
1775042559238791583,1775042559238791583,1775042559239550858,0.000000,0.759275,0.759275,200
1775042559253564925,1775042559253564925,1775042559254461188,0.000000,0.896263,0.896263,200
1775042559254168304,1775042559254461188,1775042559255271832,0.292884,0.810644,1.103528,200
1775042559256965606,1775042559256965606,1775042559258163623,0.000000,1.198017,1.198017,200
1775042559257195850,1775042559258163623,1775042559259545504,0.967773,1.381881,2.349654,200
1775042559273668840,1775042559273668840,1775042559276772103,0.000000,3.103263,3.103263,200
1775042559273816611,1775042559276772103,1775042559278230701,2.955492,1.458598,4.414090,200
1775042559274067846,1775042559278230701,1775042559279333268,4.162855,1.102567,5.265422,200
1775042559279396444,1775042559279396444,1775042559279820470,0.000000,0.424026,0.424026,200
1775042559282196771,1775042559282196771,1775042559283599840,0.000000,1.403069,1.403069,200
1775042559293147911,1775042559293147911,1775042559293945269,0.000000,0.797358,0.797358,200
1775042559343228246,1775042559343228246,1775042559343962452,0.000000,0.734206,0.734206,200
1775042559374637322,1775042559374637322,1775042559375393209,0.000000,0.755887,0.755887,200
1775042559378338064,1775042559378338064,1775042559379250779,0.000000,0.912715,0.912715,200
1775042559381486428,1775042559381486428,1775042559382213541,0.000000,0.727113,0.727113,200
1775042559434737708,1775042559434737708,1775042559435642944,0.000000,0.905236,0.905236,200
1775042559445896626,1775042559445896626,1775042559446690558,0.000000,0.793932,0.793932,200
1775042559449401263,1775042559449401263,1775042559450136035,0.000000,0.734772,0.734772,200
1775042559462588439,1775042559462588439,1775042559463266675,0.000000,0.678236,0.678236,200
1775042559462672304,1775042559463266675,1775042559463885085,0.594371,0.618410,1.212781,200
1775042559464526447,1775042559464526447,1775042559474898356,0.000000,10.371909,10.371909,200
1775042559476919468,1775042559476919468,1775042559477574986,0.000000,0.655518,0.655518,200
1775042559480684618,1775042559480684618,1775042559481391545,0.000000,0.706927,0.706927,200
1775042559485771892,1775042559485771892,1775042559486669667,0.000000,0.897775,0.897775,200
1775042559485834045,1775042559486669667,1775042559487474289,0.835622,0.804622,1.640244,200
1775042559495140533,1775042559495140533,1775042559495945512,0.000000,0.804979,0.804979,200
1775042559511328735,1775042559511328735,1775042559512040265,0.000000,0.711530,0.711530,200
1775042559521076162,1775042559521076162,1775042559521563230,0.000000,0.487068,0.487068,200
1775042559521269563,1775042559521563230,1775042559522191153,0.293667,0.627923,0.921590,200
1775042559529962996,1775042559529962996,1775042559530703532,0.000000,0.740536,0.740536,200
1775042559541539604,1775042559541539604,1775042559542466670,0.000000,0.927066,0.927066,200
1775042559541617899,1775042559542466670,1775042559543164081,0.848771,0.697411,1.546182,200
1775042559542569554,1775042559543164081,1775042559544592750,0.594527,1.428669,2.023196,200
1775042559576778135,1775042559576778135,1775042559577350162,0.000000,0.572027,0.572027,200
1775042559576870227,1775042559577350162,1775042559578504071,0.479935,1.153909,1.633844,200
1775042559576919263,1775042559578504071,1775042559579257397,1.584808,0.753326,2.338134,200
1775042559578877282,1775042559579257397,1775042559579850973,0.380115,0.593576,0.973691,200
1775042559583890904,1775042559583890904,1775042559584788960,0.000000,0.898056,0.898056,200
1775042559587299099,1775042559587299099,1775042559588091726,0.000000,0.792627,0.792627,200
1775042559587344188,1775042559588091726,1775042559588555057,0.747538,0.463331,1.210869,200
1775042559587373806,1775042559588555057,1775042559589374999,1.181251,0.819942,2.001193,200
1775042559592932440,1775042559592932440,1775042559593836600,0.000000,0.904160,0.904160,200
1775042559596854546,1775042559596854546,1775042559597559745,0.000000,0.705199,0.705199,200
1775042559598283191,1775042559598283191,1775042559598917709,0.000000,0.634518,0.634518,200
1775042559599855730,1775042559599855730,1775042559604077943,0.000000,4.222213,4.222213,200
1775042559599996437,1775042559604077943,1775042559604747399,4.081506,0.669456,4.750962,200
1775042559615574447,1775042559615574447,1775042559619056783,0.000000,3.482336,3.482336,200
1775042559616894098,1775042559619056783,1775042559620430808,2.162685,1.374025,3.536710,200
1775042559622316603,1775042559622316603,1775042559623033011,0.000000,0.716408,0.716408,200
1775042559626228419,1775042559626228419,1775042559626921864,0.000000,0.693445,0.693445,200
1775042559634578115,1775042559634578115,1775042559635251413,0.000000,0.673298,0.673298,200
1775042559634667000,1775042559635251413,1775042559635948964,0.584413,0.697551,1.281964,200
1775042559639691601,1775042559639691601,1775042559640433460,0.000000,0.741859,0.741859,200
1775042559658278156,1775042559658278156,1775042559658819822,0.000000,0.541666,0.541666,200
1775042559662353176,1775042559662353176,1775042559663267506,0.000000,0.914330,0.914330,200
1775042559671925043,1775042559671925043,1775042559673240084,0.000000,1.315041,1.315041,200
1775042559672087373,1775042559673240084,1775042559674006983,1.152711,0.766899,1.919610,200
1775042559673326826,1775042559674006983,1775042559674721708,0.680157,0.714725,1.394882,200
1775042559673381724,1775042559674721708,1775042559675355083,1.339984,0.633375,1.973359,200
1775042559679640147,1775042559679640147,1775042559680473996,0.000000,0.833849,0.833849,200
1775042559679841503,1775042559680473996,1775042559681106580,0.632493,0.632584,1.265077,200
1775042559681083651,1775042559681106580,1775042559681717253,0.022929,0.610673,0.633602,200
1775042559681257784,1775042559681717253,1775042559683996366,0.459469,2.279113,2.738582,200
1775042559682315293,1775042559683996366,1775042559684826771,1.681073,0.830405,2.511478,200
1775042559689845821,1775042559689845821,1775042559690666622,0.000000,0.820801,0.820801,200
1775042559693817605,1775042559693817605,1775042559694296339,0.000000,0.478734,0.478734,200
1775042559693885860,1775042559694296339,1775042559696996550,0.410479,2.700211,3.110690,200
1775042559694172154,1775042559696996550,1775042559697742316,2.824396,0.745766,3.570162,200
1775042559694888135,1775042559697742316,1775042559698453003,2.854181,0.710687,3.564868,200
1775042559721991255,1775042559721991255,1775042559722772782,0.000000,0.781527,0.781527,200
1775042559722079468,1775042559722772782,1775042559723804514,0.693314,1.031732,1.725046,200
1775042559725745212,1775042559725745212,1775042559726301125,0.000000,0.555913,0.555913,200
1775042559780794585,1775042559780794585,1775042559783306772,0.000000,2.512187,2.512187,200
1775042559784228391,1775042559784228391,1775042559784857007,0.000000,0.628616,0.628616,200
1775042559786265916,1775042559786265916,1775042559786904182,0.000000,0.638266,0.638266,200
1775042559850320228,1775042559850320228,1775042559850831434,0.000000,0.511206,0.511206,200
1775042559861974066,1775042559861974066,1775042559862551963,0.000000,0.577897,0.577897,200
1775042559862043993,1775042559862551963,1775042559865203433,0.507970,2.651470,3.159440,200
1775042559863317839,1775042559865203433,1775042559866299581,1.885594,1.096148,2.981742,200
1775042559901344798,1775042559901344798,1775042559901914335,0.000000,0.569537,0.569537,200
1775042559921040394,1775042559921040394,1775042559922271190,0.000000,1.230796,1.230796,200
1775042559923719113,1775042559923719113,1775042559924413178,0.000000,0.694065,0.694065,200
1775042559927670859,1775042559927670859,1775042559929064966,0.000000,1.394107,1.394107,200
1775042559953156854,1775042559953156854,1775042559954439843,0.000000,1.282989,1.282989,200
1775042559963629000,1775042559963629000,1775042559964745240,0.000000,1.116240,1.116240,200
1775042559977764841,1775042559977764841,1775042559978417191,0.000000,0.652350,0.652350,200
1775042559978520610,1775042559978520610,1775042559979227173,0.000000,0.706563,0.706563,200
1775042559983789096,1775042559983789096,1775042559984611011,0.000000,0.821915,0.821915,200
1775042559987120662,1775042559987120662,1775042559988024208,0.000000,0.903546,0.903546,200
1775042559987171142,1775042559988024208,1775042559988828520,0.853066,0.804312,1.657378,200
1775042559989715424,1775042559989715424,1775042559990321657,0.000000,0.606233,0.606233,200
1775042559993169898,1775042559993169898,1775042559994004981,0.000000,0.835083,0.835083,200
1775042559993922611,1775042559994004981,1775042559994534392,0.082370,0.529411,0.611781,200
1775042560026973492,1775042560026973492,1775042560029176341,0.000000,2.202849,2.202849,200
1775042560056034387,1775042560056034387,1775042560056766294,0.000000,0.731907,0.731907,200
1775042560056103584,1775042560056766294,1775042560057556468,0.662710,0.790174,1.452884,200
1775042560059297638,1775042560059297638,1775042560060062704,0.000000,0.765066,0.765066,200
1775042560059367576,1775042560060062704,1775042560060667724,0.695128,0.605020,1.300148,200
1775042560059647547,1775042560060667724,1775042560061425887,1.020177,0.758163,1.778340,200
1775042560104043371,1775042560104043371,1775042560104797253,0.000000,0.753882,0.753882,200
1775042560104104992,1775042560104797253,1775042560106493138,0.692261,1.695885,2.388146,200
1775042560104140172,1775042560106493138,1775042560115002762,2.352966,8.509624,10.862590,200
1775042560104205130,1775042560115002762,1775042560115988230,10.797632,0.985468,11.783100,200
1775042560104240349,1775042560115988230,1775042560117133011,11.747881,1.144781,12.892662,200
1775042560116066744,1775042560117133011,1775042560117846964,1.066267,0.713953,1.780220,200
1775042560126780566,1775042560126780566,1775042560127575942,0.000000,0.795376,0.795376,200
1775042560161388790,1775042560161388790,1775042560161985474,0.000000,0.596684,0.596684,200
1775042560162885499,1775042560162885499,1775042560164736760,0.000000,1.851261,1.851261,200
1775042560164393261,1775042560164736760,1775042560165507886,0.343499,0.771126,1.114625,200
1775042560171958551,1775042560171958551,1775042560173027439,0.000000,1.068888,1.068888,200
1775042560181318265,1775042560181318265,1775042560182757548,0.000000,1.439283,1.439283,200
1775042560181866686,1775042560182757548,1775042560183473764,0.890862,0.716216,1.607078,200
1775042560221391967,1775042560221391967,1775042560221962519,0.000000,0.570552,0.570552,200
1775042560221438138,1775042560221962519,1775042560222810807,0.524381,0.848288,1.372669,200
1775042560227204080,1775042560227204080,1775042560227788297,0.000000,0.584217,0.584217,200
1775042560227347282,1775042560227788297,1775042560228442876,0.441015,0.654579,1.095594,200
1775042560230074697,1775042560230074697,1775042560230936011,0.000000,0.861314,0.861314,200
1775042560232239583,1775042560232239583,1775042560232982965,0.000000,0.743382,0.743382,200
1775042560233415660,1775042560233415660,1775042560234125628,0.000000,0.709968,0.709968,200
1775042560233466300,1775042560234125628,1775042560234618999,0.659328,0.493371,1.152699,200
1775042560247718367,1775042560247718367,1775042560248269489,0.000000,0.551122,0.551122,200
1775042560248724029,1775042560248724029,1775042560249400168,0.000000,0.676139,0.676139,200
1775042560248788667,1775042560249400168,1775042560249941410,0.611501,0.541242,1.152743,200
1775042560249123587,1775042560249941410,1775042560250732210,0.817823,0.790800,1.608623,200
1775042560256331200,1775042560256331200,1775042560257049587,0.000000,0.718387,0.718387,200
1775042560271470631,1775042560271470631,1775042560271946059,0.000000,0.475428,0.475428,200
1775042560271551750,1775042560271946059,1775042560272504086,0.394309,0.558027,0.952336,200
1775042560273810000,1775042560273810000,1775042560274528232,0.000000,0.718232,0.718232,200
1775042560276540152,1775042560276540152,1775042560277158562,0.000000,0.618410,0.618410,200
1775042560277268889,1775042560277268889,1775042560279140437,0.000000,1.871548,1.871548,200
1775042560278304309,1775042560279140437,1775042560279914659,0.836128,0.774222,1.610350,200
1775042560289093095,1775042560289093095,1775042560289896495,0.000000,0.803400,0.803400,200
1775042560289777203,1775042560289896495,1775042560290473299,0.119292,0.576804,0.696096,200
1775042560301251177,1775042560301251177,1775042560302529446,0.000000,1.278269,1.278269,200
1775042560302146531,1775042560302529446,1775042560303234220,0.382915,0.704774,1.087689,200
1775042560376315800,1775042560376315800,1775042560376943413,0.000000,0.627613,0.627613,200
1775042560376438752,1775042560376943413,1775042560377518514,0.504661,0.575101,1.079762,200
1775042560379131262,1775042560379131262,1775042560379745631,0.000000,0.614369,0.614369,200
1775042560411444292,1775042560411444292,1775042560412147994,0.000000,0.703702,0.703702,200
1775042560412860743,1775042560412860743,1775042560413618977,0.000000,0.758234,0.758234,200
1775042560412974207,1775042560413618977,1775042560414294211,0.644770,0.675234,1.320004,200
1775042560413292835,1775042560414294211,1775042560414789625,1.001376,0.495414,1.496790,200
1775042560415894882,1775042560415894882,1775042560416969545,0.000000,1.074663,1.074663,200
1775042560415977244,1775042560416969545,1775042560417945464,0.992301,0.975919,1.968220,200
1775042560419444689,1775042560419444689,1775042560421240258,0.000000,1.795569,1.795569,200
1775042560433487543,1775042560433487543,1775042560434150587,0.000000,0.663044,0.663044,200
1775042560452203503,1775042560452203503,1775042560452829247,0.000000,0.625744,0.625744,200
1775042560453674372,1775042560453674372,1775042560454414367,0.000000,0.739995,0.739995,200
1775042560457253082,1775042560457253082,1775042560457826199,0.000000,0.573117,0.573117,200
1775042560463134622,1775042560463134622,1775042560464252540,0.000000,1.117918,1.117918,200
1775042560464204490,1775042560464252540,1775042560464991203,0.048050,0.738663,0.786713,200
1775042560486815355,1775042560486815355,1775042560488238123,0.000000,1.422768,1.422768,200
1775042560488193681,1775042560488238123,1775042560489092142,0.044442,0.854019,0.898461,200
1775042560493490346,1775042560493490346,1775042560495196335,0.000000,1.705989,1.705989,200
1775042560546133175,1775042560546133175,1775042560547036501,0.000000,0.903326,0.903326,200
1775042560546254464,1775042560547036501,1775042560547801235,0.782037,0.764734,1.546771,200
1775042560548391826,1775042560548391826,1775042560549278524,0.000000,0.886698,0.886698,200
1775042560552946046,1775042560552946046,1775042560553564512,0.000000,0.618466,0.618466,200
1775042560553769950,1775042560553769950,1775042560554177473,0.000000,0.407523,0.407523,200
1775042560554095281,1775042560554177473,1775042560555503469,0.082192,1.325996,1.408188,200
1775042560565474327,1775042560565474327,1775042560566167181,0.000000,0.692854,0.692854,200
1775042560577883741,1775042560577883741,1775042560578521527,0.000000,0.637786,0.637786,200
1775042560579451386,1775042560579451386,1775042560580191624,0.000000,0.740238,0.740238,200
1775042560591047125,1775042560591047125,1775042560591653665,0.000000,0.606540,0.606540,200
1775042560592361860,1775042560592361860,1775042560593166121,0.000000,0.804261,0.804261,200
1775042560595322935,1775042560595322935,1775042560596109892,0.000000,0.786957,0.786957,200
1775042560596765037,1775042560596765037,1775042560597496944,0.000000,0.731907,0.731907,200
1775042560599712866,1775042560599712866,1775042560600175869,0.000000,0.463003,0.463003,200
1775042560599832582,1775042560600175869,1775042560600923159,0.343287,0.747290,1.090577,200
1775042560640042052,1775042560640042052,1775042560640559800,0.000000,0.517748,0.517748,200
1775042560643038388,1775042560643038388,1775042560643513473,0.000000,0.475085,0.475085,200
1775042560676279755,1775042560676279755,1775042560677574366,0.000000,1.294611,1.294611,200
1775042560677335540,1775042560677574366,1775042560678469486,0.238826,0.895120,1.133946,200
1775042560681447347,1775042560681447347,1775042560682037167,0.000000,0.589820,0.589820,200
1775042560708277513,1775042560708277513,1775042560708738125,0.000000,0.460612,0.460612,200
1775042560710341761,1775042560710341761,1775042560710872664,0.000000,0.530903,0.530903,200
1775042560747161569,1775042560747161569,1775042560747614953,0.000000,0.453384,0.453384,200
1775042560748181394,1775042560748181394,1775042560748820061,0.000000,0.638667,0.638667,200
1775042560786638749,1775042560786638749,1775042560790090905,0.000000,3.452156,3.452156,200
1775042560790280943,1775042560790280943,1775042560791636548,0.000000,1.355605,1.355605,200
1775042560792197048,1775042560792197048,1775042560794822568,0.000000,2.625520,2.625520,200
1775042560825499927,1775042560825499927,1775042560837605941,0.000000,12.106014,12.106014,200
1775042560830260013,1775042560837605941,1775042560838485566,7.345928,0.879625,8.225553,200
1775042560852584535,1775042560852584535,1775042560853484444,0.000000,0.899909,0.899909,200
1775042560852669994,1775042560853484444,1775042560854687219,0.814450,1.202775,2.017225,200
1775042560875336291,1775042560875336291,1775042560877345695,0.000000,2.009404,2.009404,200
1775042560876880622,1775042560877345695,1775042560878034010,0.465073,0.688315,1.153388,200
1775042560882325461,1775042560882325461,1775042560883030317,0.000000,0.704856,0.704856,200
1775042560882615964,1775042560883030317,1775042560883661439,0.414353,0.631122,1.045475,200
1775042560884990954,1775042560884990954,1775042560886828896,0.000000,1.837942,1.837942,200
1775042560892626480,1775042560892626480,1775042560893381778,0.000000,0.755298,0.755298,200
1775042560892789311,1775042560893381778,1775042560894164351,0.592467,0.782573,1.375040,200
1775042560921590707,1775042560921590707,1775042560922079498,0.000000,0.488791,0.488791,200
1775042560925358870,1775042560925358870,1775042560925950743,0.000000,0.591873,0.591873,200
1775042560930593674,1775042560930593674,1775042560936827557,0.000000,6.233883,6.233883,200
1775042560930674072,1775042560936827557,1775042560937589636,6.153485,0.762079,6.915564,200
1775042560957459143,1775042560957459143,1775042560958764730,0.000000,1.305587,1.305587,200
1775042560964326546,1775042560964326546,1775042560967541319,0.000000,3.214773,3.214773,200
1775042560980405209,1775042560980405209,1775042560981071058,0.000000,0.665849,0.665849,200
1775042560982582860,1775042560982582860,1775042560983270673,0.000000,0.687813,0.687813,200
1775042560982638510,1775042560983270673,1775042560983772617,0.632163,0.501944,1.134107,200
1775042560995870967,1775042560995870967,1775042560996434314,0.000000,0.563347,0.563347,200
1775042560996026874,1775042560996434314,1775042560997654729,0.407440,1.220415,1.627855,200
1775042561020271968,1775042561020271968,1775042561020932777,0.000000,0.660809,0.660809,200
1775042561036476991,1775042561036476991,1775042561037408793,0.000000,0.931802,0.931802,200
1775042561040399260,1775042561040399260,1775042561041227569,0.000000,0.828309,0.828309,200
1775042561043491283,1775042561043491283,1775042561044201791,0.000000,0.710508,0.710508,200
1775042561060258888,1775042561060258888,1775042561060870501,0.000000,0.611613,0.611613,200
1775042561095647629,1775042561095647629,1775042561096495917,0.000000,0.848288,0.848288,200
1775042561096942340,1775042561096942340,1775042561097809345,0.000000,0.867005,0.867005,200
1775042561099218785,1775042561099218785,1775042561099951857,0.000000,0.733072,0.733072,200
1775042561111122704,1775042561111122704,1775042561112216395,0.000000,1.093691,1.093691,200
1775042561111260534,1775042561112216395,1775042561112863769,0.955861,0.647374,1.603235,200
1775042561111911070,1775042561112863769,1775042561113489571,0.952699,0.625802,1.578501,200
1775042561112540036,1775042561113489571,1775042561114065812,0.949535,0.576241,1.525776,200
1775042561116249018,1775042561116249018,1775042561117204130,0.000000,0.955112,0.955112,200
1775042561116369065,1775042561117204130,1775042561117904687,0.835065,0.700557,1.535622,200
1775042561133733518,1775042561133733518,1775042561134411184,0.000000,0.677666,0.677666,200
1775042561149079401,1775042561149079401,1775042561149788885,0.000000,0.709484,0.709484,200
1775042561153622584,1775042561153622584,1775042561154211746,0.000000,0.589162,0.589162,200
1775042561153744204,1775042561154211746,1775042561154852927,0.467542,0.641181,1.108723,200
1775042561167040210,1775042561167040210,1775042561167702723,0.000000,0.662513,0.662513,200
1775042561169502482,1775042561169502482,1775042561170305953,0.000000,0.803471,0.803471,200
1775042561169638720,1775042561170305953,1775042561170840676,0.667233,0.534723,1.201956,200
1775042561169699360,1775042561170840676,1775042561171522284,1.141316,0.681608,1.822924,200
1775042561197595030,1775042561197595030,1775042561198269105,0.000000,0.674075,0.674075,200
1775042561197635260,1775042561198269105,1775042561199051096,0.633845,0.781991,1.415836,200
1775042561197657864,1775042561199051096,1775042561209768682,1.393232,10.717586,12.110818,200
1775042561197691370,1775042561209768682,1775042561210460702,12.077312,0.692020,12.769332,200
1775042561203225258,1775042561210460702,1775042561211133627,7.235444,0.672925,7.908369,200
1775042561206213506,1775042561211133627,1775042561213057740,4.920121,1.924113,6.844234,200
1775042561206285578,1775042561213057740,1775042561213781778,6.772162,0.724038,7.496200,200
1775042561217399479,1775042561217399479,1775042561218736563,0.000000,1.337084,1.337084,200
1775042561220382995,1775042561220382995,1775042561226766901,0.000000,6.383906,6.383906,200
1775042561222590265,1775042561226766901,1775042561234172658,4.176636,7.405757,11.582393,200
1775042561224576649,1775042561234172658,1775042561234895474,9.596009,0.722816,10.318825,200
1775042561226781083,1775042561234895474,1775042561235682313,8.114391,0.786839,8.901230,200
1775042561228261120,1775042561235682313,1775042561236442549,7.421193,0.760236,8.181429,200
1775042561228934617,1775042561236442549,1775042561237068758,7.507932,0.626209,8.134141,200
1775042561232081376,1775042561237068758,1775042561237755426,4.987382,0.686668,5.674050,200
1775042561233600119,1775042561237755426,1775042561238389332,4.155307,0.633906,4.789213,200
1775042561233918055,1775042561238389332,1775042561239183434,4.471277,0.794102,5.265379,200
1775042561234038262,1775042561239183434,1775042561239715991,5.145172,0.532557,5.677729,200
1775042561234151024,1775042561239715991,1775042561240372772,5.564967,0.656781,6.221748,200
1775042561234255861,1775042561240372772,1775042561240940108,6.116911,0.567336,6.684247,200
1775042561234380416,1775042561240940108,1775042561242372279,6.559692,1.432171,7.991863,200
1775042561262288931,1775042561262288931,1775042561263045532,0.000000,0.756601,0.756601,200
1775042561264832944,1775042561264832944,1775042561265255035,0.000000,0.422091,0.422091,200
1775042561268871924,1775042561268871924,1775042561269757137,0.000000,0.885213,0.885213,200
1775042561270527705,1775042561270527705,1775042561270975267,0.000000,0.447562,0.447562,200
1775042561271580871,1775042561271580871,1775042561272257600,0.000000,0.676729,0.676729,200
1775042561272541193,1775042561272541193,1775042561273557874,0.000000,1.016681,1.016681,200
1775042561273356089,1775042561273557874,1775042561276045279,0.201785,2.487405,2.689190,200
1775042561285227156,1775042561285227156,1775042561285708804,0.000000,0.481648,0.481648,200
1775042561285321461,1775042561285708804,1775042561286563029,0.387343,0.854225,1.241568,200
1775042561289754026,1775042561289754026,1775042561290192920,0.000000,0.438894,0.438894,200
1775042561295195955,1775042561295195955,1775042561295987796,0.000000,0.791841,0.791841,200
1775042561295674789,1775042561295987796,1775042561296449743,0.313007,0.461947,0.774954,200
1775042561318972031,1775042561318972031,1775042561319617352,0.000000,0.645321,0.645321,200
1775042561320021188,1775042561320021188,1775042561320691556,0.000000,0.670368,0.670368,200
1775042561351001502,1775042561351001502,1775042561351732028,0.000000,0.730526,0.730526,200
1775042561351573002,1775042561351732028,1775042561352176801,0.159026,0.444773,0.603799,200
1775042561359354532,1775042561359354532,1775042561360182400,0.000000,0.827868,0.827868,200
1775042561364523680,1775042561364523680,1775042561366573113,0.000000,2.049433,2.049433,200
1775042561392213555,1775042561392213555,1775042561397221718,0.000000,5.008163,5.008163,200
1775042561398165765,1775042561398165765,1775042561398728951,0.000000,0.563186,0.563186,200
1775042561406359477,1775042561406359477,1775042561407218872,0.000000,0.859395,0.859395,200
1775042561408787712,1775042561408787712,1775042561409585031,0.000000,0.797319,0.797319,200
1775042561421301935,1775042561421301935,1775042561421947262,0.000000,0.645327,0.645327,200
1775042561426920247,1775042561426920247,1775042561427663997,0.000000,0.743750,0.743750,200
1775042561429142606,1775042561429142606,1775042561431648610,0.000000,2.506004,2.506004,200
1775042561461352112,1775042561461352112,1775042561466767755,0.000000,5.415643,5.415643,200
1775042561490602053,1775042561490602053,1775042561491209570,0.000000,0.607517,0.607517,200
1775042561495070577,1775042561495070577,1775042561495637556,0.000000,0.566979,0.566979,200
1775042561519501832,1775042561519501832,1775042561520274954,0.000000,0.773122,0.773122,200
1775042561520510109,1775042561520510109,1775042561521354645,0.000000,0.844536,0.844536,200
1775042561520577472,1775042561521354645,1775042561522063972,0.777173,0.709327,1.486500,200
1775042561521689182,1775042561522063972,1775042561522837290,0.374790,0.773318,1.148108,200
1775042561523885330,1775042561523885330,1775042561524824253,0.000000,0.938923,0.938923,200
1775042561528667090,1775042561528667090,1775042561529577771,0.000000,0.910681,0.910681,200
1775042561550128112,1775042561550128112,1775042561550717972,0.000000,0.589860,0.589860,200
1775042561552806239,1775042561552806239,1775042561553837179,0.000000,1.030940,1.030940,200
1775042561552889062,1775042561553837179,1775042561554530414,0.948117,0.693235,1.641352,200
1775042561582233563,1775042561582233563,1775042561583023126,0.000000,0.789563,0.789563,200
1775042561586236040,1775042561586236040,1775042561586823855,0.000000,0.587815,0.587815,200
1775042561587505912,1775042561587505912,1775042561588078919,0.000000,0.573007,0.573007,200
1775042561587587152,1775042561588078919,1775042561588796743,0.491767,0.717824,1.209591,200
1775042561589586572,1775042561589586572,1775042561590346767,0.000000,0.760195,0.760195,200
1775042561597699560,1775042561597699560,1775042561598433022,0.000000,0.733462,0.733462,200
1775042561613590256,1775042561613590256,1775042561614188844,0.000000,0.598588,0.598588,200
1775042561614940096,1775042561614940096,1775042561617017796,0.000000,2.077700,2.077700,200
1775042561615060403,1775042561617017796,1775042561617610795,1.957393,0.592999,2.550392,200
1775042561618581963,1775042561618581963,1775042561619242652,0.000000,0.660689,0.660689,200
1775042561620440883,1775042561620440883,1775042561622139086,0.000000,1.698203,1.698203,200
1775042561647845548,1775042561647845548,1775042561648817670,0.000000,0.972122,0.972122,200
1775042561678867674,1775042561678867674,1775042561679323610,0.000000,0.455936,0.455936,200
1775042561682812791,1775042561682812791,1775042561683486246,0.000000,0.673455,0.673455,200
1775042561684599913,1775042561684599913,1775042561685881325,0.000000,1.281412,1.281412,200
1775042561684657777,1775042561685881325,1775042561686396349,1.223548,0.515024,1.738572,200
1775042561690341663,1775042561690341663,1775042561691163980,0.000000,0.822317,0.822317,200
1775042561690544934,1775042561691163980,1775042561692031135,0.619046,0.867155,1.486201,200
1775042561691979491,1775042561692031135,1775042561694354354,0.051644,2.323219,2.374863,200
1775042561706052426,1775042561706052426,1775042561707035676,0.000000,0.983250,0.983250,200
1775042561706099308,1775042561707035676,1775042561708830755,0.936368,1.795079,2.731447,200
1775042561706132093,1775042561708830755,1775042561710999730,2.698662,2.168975,4.867637,200
1775042561721913090,1775042561721913090,1775042561722525436,0.000000,0.612346,0.612346,200
1775042561721982407,1775042561722525436,1775042561723285709,0.543029,0.760273,1.303302,200
1775042561726012318,1775042561726012318,1775042561726717138,0.000000,0.704820,0.704820,200
1775042561726517534,1775042561726717138,1775042561727344700,0.199604,0.627562,0.827166,200
1775042561726814960,1775042561727344700,1775042561727716722,0.529740,0.372022,0.901762,200
1775042561757243487,1775042561757243487,1775042561758665699,0.000000,1.422212,1.422212,200
1775042561781839928,1775042561781839928,1775042561782412393,0.000000,0.572465,0.572465,200
1775042561782574064,1775042561782574064,1775042561783301945,0.000000,0.727881,0.727881,200
1775042561785883897,1775042561785883897,1775042561786506214,0.000000,0.622317,0.622317,200
1775042561797557380,1775042561797557380,1775042561798989551,0.000000,1.432171,1.432171,200
1775042561800855507,1775042561800855507,1775042561801414639,0.000000,0.559132,0.559132,200
1775042561806565368,1775042561806565368,1775042561807094576,0.000000,0.529208,0.529208,200
1775042561826012768,1775042561826012768,1775042561826486980,0.000000,0.474212,0.474212,200
1775042561844661246,1775042561844661246,1775042561845388417,0.000000,0.727171,0.727171,200
1775042561852120835,1775042561852120835,1775042561852668972,0.000000,0.548137,0.548137,200
1775042561885727780,1775042561885727780,1775042561894025556,0.000000,8.297776,8.297776,200
1775042561886040256,1775042561894025556,1775042561894743275,7.985300,0.717719,8.703019,200
1775042561914347316,1775042561914347316,1775042561915007864,0.000000,0.660548,0.660548,200
1775042561920567834,1775042561920567834,1775042561921311436,0.000000,0.743602,0.743602,200
1775042561921815663,1775042561921815663,1775042561922618814,0.000000,0.803151,0.803151,200
1775042561921869549,1775042561922618814,1775042561923212019,0.749265,0.593205,1.342470,200
1775042561923055486,1775042561923212019,1775042561924073644,0.156533,0.861625,1.018158,200
1775042561924323605,1775042561924323605,1775042561925638012,0.000000,1.314407,1.314407,200
1775042561943790368,1775042561943790368,1775042561944504194,0.000000,0.713826,0.713826,200
1775042561951771419,1775042561951771419,1775042561953273824,0.000000,1.502405,1.502405,200
1775042561954771100,1775042561954771100,1775042561955474282,0.000000,0.703182,0.703182,200
1775042561957756834,1775042561957756834,1775042561958840962,0.000000,1.084128,1.084128,200
1775042561973103285,1775042561973103285,1775042561973759242,0.000000,0.655957,0.655957,200
1775042561975984492,1775042561975984492,1775042561976420679,0.000000,0.436187,0.436187,200
1775042561977693299,1775042561977693299,1775042561978489993,0.000000,0.796694,0.796694,200
1775042561981369247,1775042561981369247,1775042561982639885,0.000000,1.270638,1.270638,200
1775042561990066122,1775042561990066122,1775042561990778578,0.000000,0.712456,0.712456,200
1775042561993940356,1775042561993940356,1775042561994934732,0.000000,0.994376,0.994376,200
1775042561998999515,1775042561998999515,1775042561999742195,0.000000,0.742680,0.742680,200
1775042562004221559,1775042562004221559,1775042562004849172,0.000000,0.627613,0.627613,200
1775042562009506893,1775042562009506893,1775042562009957806,0.000000,0.450913,0.450913,200
1775042562011322661,1775042562011322661,1775042562012315118,0.000000,0.992457,0.992457,200
1775042562012307572,1775042562012315118,1775042562012821100,0.007546,0.505982,0.513528,200
1775042562013753862,1775042562013753862,1775042562014544662,0.000000,0.790800,0.790800,200
1775042562017143542,1775042562017143542,1775042562030088099,0.000000,12.944557,12.944557,200
1775042562027736064,1775042562030088099,1775042562031138344,2.352035,1.050245,3.402280,200
1775042562027821843,1775042562031138344,1775042562034425057,3.316501,3.286713,6.603214,200
1775042562030948405,1775042562034425057,1775042562035058060,3.476652,0.633003,4.109655,200
1775042562034213399,1775042562035058060,1775042562035471583,0.844661,0.413523,1.258184,200
1775042562037214703,1775042562037214703,1775042562038060977,0.000000,0.846274,0.846274,200
1775042562039311395,1775042562039311395,1775042562039851128,0.000000,0.539733,0.539733,200
1775042562042105577,1775042562042105577,1775042562042802277,0.000000,0.696700,0.696700,200
1775042562046620937,1775042562046620937,1775042562047814577,0.000000,1.193640,1.193640,200
1775042562046845440,1775042562047814577,1775042562048658257,0.969137,0.843680,1.812817,200
1775042562051810003,1775042562051810003,1775042562053926894,0.000000,2.116891,2.116891,200
1775042562053264359,1775042562053926894,1775042562054602803,0.662535,0.675909,1.338444,200
1775042562055937406,1775042562055937406,1775042562056578898,0.000000,0.641492,0.641492,200
1775042562057609912,1775042562057609912,1775042562058748167,0.000000,1.138255,1.138255,200
1775042562060018429,1775042562060018429,1775042562060828731,0.000000,0.810302,0.810302,200
1775042562061199316,1775042562061199316,1775042562061727344,0.000000,0.528028,0.528028,200
1775042562062187613,1775042562062187613,1775042562063207415,0.000000,1.019802,1.019802,200
1775042562062300365,1775042562063207415,1775042562064625664,0.907050,1.418249,2.325299,200
1775042562063320766,1775042562064625664,1775042562065363196,1.304898,0.737532,2.042430,200
1775042562063425873,1775042562065363196,1775042562065879093,1.937323,0.515897,2.453220,200
1775042562063517845,1775042562065879093,1775042562066677624,2.361248,0.798531,3.159779,200
1775042562063606670,1775042562066677624,1775042562067302343,3.070954,0.624719,3.695673,200
1775042562064614676,1775042562067302343,1775042562068029387,2.687667,0.727044,3.414711,200
1775042562093127396,1775042562093127396,1775042562093760611,0.000000,0.633215,0.633215,200
1775042562119507033,1775042562119507033,1775042562120281774,0.000000,0.774741,0.774741,200
1775042562120460251,1775042562120460251,1775042562121179928,0.000000,0.719677,0.719677,200
1775042562122327527,1775042562122327527,1775042562123074155,0.000000,0.746628,0.746628,200
1775042562123335075,1775042562123335075,1775042562123940095,0.000000,0.605020,0.605020,200
1775042562133831911,1775042562133831911,1775042562134489002,0.000000,0.657091,0.657091,200
1775042562136330534,1775042562136330534,1775042562137291418,0.000000,0.960884,0.960884,200
1775042562136464588,1775042562137291418,1775042562137829426,0.826830,0.538008,1.364838,200
1775042562140812055,1775042562140812055,1775042562141358690,0.000000,0.546635,0.546635,200
1775042562177651834,1775042562177651834,1775042562178206046,0.000000,0.554212,0.554212,200
1775042562208790028,1775042562208790028,1775042562209464423,0.000000,0.674395,0.674395,200
1775042562246843051,1775042562246843051,1775042562247713702,0.000000,0.870651,0.870651,200
1775042562246884493,1775042562247713702,1775042562250168556,0.829209,2.454854,3.284063,200
1775042562246907188,1775042562250168556,1775042562251542146,3.261368,1.373590,4.634958,200
1775042562248461360,1775042562251542146,1775042562252203158,3.080786,0.661012,3.741798,200
1775042562248544504,1775042562252203158,1775042562253744879,3.658654,1.541721,5.200375,200
1775042562248763394,1775042562253744879,1775042562255563145,4.981485,1.818266,6.799751,200
1775042562293346959,1775042562293346959,1775042562294281145,0.000000,0.934186,0.934186,200
1775042562296943192,1775042562296943192,1775042562297989807,0.000000,1.046615,1.046615,200
1775042562301313538,1775042562301313538,1775042562302961492,0.000000,1.647954,1.647954,200
1775042562301359458,1775042562302961492,1775042562303920989,1.602034,0.959497,2.561531,200
1775042562324662147,1775042562324662147,1775042562326472197,0.000000,1.810050,1.810050,200
1775042562325913150,1775042562326472197,1775042562327143748,0.559047,0.671551,1.230598,200
1775042562332276148,1775042562332276148,1775042562333757491,0.000000,1.481343,1.481343,200
1775042562359670434,1775042562359670434,1775042562361130318,0.000000,1.459884,1.459884,200
1775042562361809465,1775042562361809465,1775042562364156951,0.000000,2.347486,2.347486,200
1775042562364411795,1775042562364411795,1775042562365347916,0.000000,0.936121,0.936121,200
1775042562415381583,1775042562415381583,1775042562415911306,0.000000,0.529723,0.529723,200
1775042562415451040,1775042562415911306,1775042562417123708,0.460266,1.212402,1.672668,200
1775042562415491910,1775042562417123708,1775042562419091062,1.631798,1.967354,3.599152,200
1775042562415532089,1775042562419091062,1775042562419661614,3.558973,0.570552,4.129525,200
1775042562415634912,1775042562419661614,1775042562420170356,4.026702,0.508742,4.535444,200
1775042562415675652,1775042562420170356,1775042562420782330,4.494704,0.611974,5.106678,200
1775042562444706546,1775042562444706546,1775042562445669625,0.000000,0.963079,0.963079,200
1775042562445026726,1775042562445669625,1775042562446539425,0.642899,0.869800,1.512699,200
1775042562446545526,1775042562446545526,1775042562447184973,0.000000,0.639447,0.639447,200
1775042562446779006,1775042562447184973,1775042562447836894,0.405967,0.651921,1.057888,200
1775042562471151104,1775042562471151104,1775042562478553622,0.000000,7.402518,7.402518,200
1775042562473702637,1775042562478553622,1775042562479199232,4.850985,0.645610,5.496595,200
1775042562473781062,1775042562479199232,1775042562479941529,5.418170,0.742297,6.160467,200
1775042562498651485,1775042562498651485,1775042562499594069,0.000000,0.942584,0.942584,200
1775042562508855869,1775042562508855869,1775042562509551026,0.000000,0.695157,0.695157,200
1775042562508915156,1775042562509551026,1775042562510187250,0.635870,0.636224,1.272094,200
1775042562516352293,1775042562516352293,1775042562517845603,0.000000,1.493310,1.493310,200
1775042562518289266,1775042562518289266,1775042562519344871,0.000000,1.055605,1.055605,200
1775042562518864910,1775042562519344871,1775042562519929261,0.479961,0.584390,1.064351,200
1775042562520595337,1775042562520595337,1775042562521371447,0.000000,0.776110,0.776110,200
1775042562521202552,1775042562521371447,1775042562522058907,0.168895,0.687460,0.856355,200
1775042562543491477,1775042562543491477,1775042562544972820,0.000000,1.481343,1.481343,200
1775042562543587085,1775042562544972820,1775042562546102792,1.385735,1.129972,2.515707,200
1775042562545095190,1775042562546102792,1775042562546489452,1.007602,0.386660,1.394262,200
1775042562576757074,1775042562576757074,1775042562580224603,0.000000,3.467529,3.467529,200
1775042562576807793,1775042562580224603,1775042562584462347,3.416810,4.237744,7.654554,200
1775042562576833644,1775042562584462347,1775042562590089173,7.628703,5.626826,13.255529,200
1775042562576852602,1775042562590089173,1775042562590687301,13.236571,0.598128,13.834699,200
1775042562577084037,1775042562590687301,1775042562591319083,13.603264,0.631782,14.235046,200
1775042562579564410,1775042562591319083,1775042562592063817,11.754673,0.744734,12.499407,200
1775042562580068222,1775042562592063817,1775042562592671462,11.995595,0.607645,12.603240,200
1775042562592537763,1775042562592671462,1775042562593244289,0.133699,0.572827,0.706526,200
1775042562599432589,1775042562599432589,1775042562600513577,0.000000,1.080988,1.080988,200
1775042562608157758,1775042562608157758,1775042562608859780,0.000000,0.702022,0.702022,200
1775042562616602528,1775042562616602528,1775042562617482468,0.000000,0.879940,0.879940,200
1775042562618944188,1775042562618944188,1775042562619446005,0.000000,0.501817,0.501817,200
1775042562619044436,1775042562619446005,1775042562620108948,0.401569,0.662943,1.064512,200
1775042562619098061,1775042562620108948,1775042562620897980,1.010887,0.789032,1.799919,200
1775042562621361772,1775042562621361772,1775042562625066391,0.000000,3.704619,3.704619,200
1775042562621414075,1775042562625066391,1775042562625514452,3.652316,0.448061,4.100377,200
1775042562627095852,1775042562627095852,1775042562628234117,0.000000,1.138265,1.138265,200
1775042562628919722,1775042562628919722,1775042562629602915,0.000000,0.683193,0.683193,200
1775042562631574799,1775042562631574799,1775042562632593875,0.000000,1.019076,1.019076,200
1775042562631626832,1775042562632593875,1775042562633272239,0.967043,0.678364,1.645407,200
1775042562658121973,1775042562658121973,1775042562658730573,0.000000,0.608600,0.608600,200
1775042562660253139,1775042562660253139,1775042562666646822,0.000000,6.393683,6.393683,200
1775042562663927864,1775042562666646822,1775042562667068671,2.718958,0.421849,3.140807,200
1775042562672375224,1775042562672375224,1775042562673804264,0.000000,1.429040,1.429040,200
1775042562673884125,1775042562673884125,1775042562676196300,0.000000,2.312175,2.312175,200
1775042562673981036,1775042562676196300,1775042562677609096,2.215264,1.412796,3.628060,200
1775042562677676339,1775042562677676339,1775042562678316471,0.000000,0.640132,0.640132,200
1775042562679017399,1775042562679017399,1775042562679688408,0.000000,0.671009,0.671009,200
1775042562680161532,1775042562680161532,1775042562680992666,0.000000,0.831134,0.831134,200
1775042562702363713,1775042562702363713,1775042562703079735,0.000000,0.716022,0.716022,200
1775042562709038750,1775042562709038750,1775042562709874891,0.000000,0.836141,0.836141,200
1775042562739921684,1775042562739921684,1775042562740600459,0.000000,0.678775,0.678775,200
1775042562767898258,1775042562767898258,1775042562769036513,0.000000,1.138255,1.138255,200
1775042562769039445,1775042562769039445,1775042562771126564,0.000000,2.087119,2.087119,200
1775042562769958985,1775042562771126564,1775042562771556007,1.167579,0.429443,1.597022,200
1775042562770281099,1775042562771556007,1775042562772387192,1.274908,0.831185,2.106093,200
1775042562800276186,1775042562800276186,1775042562801035460,0.000000,0.759274,0.759274,200
1775042562827577841,1775042562827577841,1775042562828905782,0.000000,1.327941,1.327941,200
1775042562829614190,1775042562829614190,1775042562830308645,0.000000,0.694455,0.694455,200
1775042562832692873,1775042562832692873,1775042562838030218,0.000000,5.337345,5.337345,200
1775042562836505512,1775042562838030218,1775042562847831263,1.524706,9.801045,11.325751,200
1775042562836563667,1775042562847831263,1775042562848438527,11.267596,0.607264,11.874860,200
1775042562846297199,1775042562848438527,1775042562849095618,2.141328,0.657091,2.798419,200
1775042562849218911,1775042562849218911,1775042562849912146,0.000000,0.693235,0.693235,200
1775042562890867535,1775042562890867535,1775042562891699010,0.000000,0.831475,0.831475,200
1775042562899891026,1775042562899891026,1775042562901365353,0.000000,1.474327,1.474327,200
1775042562923850670,1775042562923850670,1775042562924477893,0.000000,0.627223,0.627223,200
1775042562951784745,1775042562951784745,1775042562952551202,0.000000,0.766457,0.766457,200
1775042562952199601,1775042562952551202,1775042562953306675,0.351601,0.755473,1.107074,200
1775042562952254720,1775042562953306675,1775042562960258848,1.051955,6.952173,8.004128,200
1775042562956941513,1775042562960258848,1775042562962423538,3.317335,2.164690,5.482025,200
1775042562981783993,1775042562981783993,1775042562982618184,0.000000,0.834191,0.834191,200
1775042562981949469,1775042562982618184,1775042562983078135,0.668715,0.459951,1.128666,200
1775042562982062912,1775042562983078135,1775042562983741088,1.015223,0.662953,1.678176,200
1775042562982453952,1775042562983741088,1775042562984406565,1.287136,0.665477,1.952613,200
1775042562982537446,1775042562984406565,1775042562985004390,1.869119,0.597825,2.466944,200
1775042563015597610,1775042563015597610,1775042563016083928,0.000000,0.486318,0.486318,200
1775042563015746904,1775042563016083928,1775042563016944701,0.337024,0.860773,1.197797,200
1775042563022667624,1775042563022667624,1775042563023840591,0.000000,1.172967,1.172967,200
1775042563040536258,1775042563040536258,1775042563041206136,0.000000,0.669878,0.669878,200
1775042563045520445,1775042563045520445,1775042563046020155,0.000000,0.499710,0.499710,200
1775042563049412012,1775042563049412012,1775042563050463195,0.000000,1.051183,1.051183,200
1775042563054534571,1775042563054534571,1775042563062410411,0.000000,7.875840,7.875840,200
1775042563057993992,1775042563062410411,1775042563062758054,4.416419,0.347643,4.764062,200
1775042563087223506,1775042563087223506,1775042563087720665,0.000000,0.497159,0.497159,200
1775042563123945519,1775042563123945519,1775042563132484884,0.000000,8.539365,8.539365,200
1775042563140696390,1775042563140696390,1775042563141304667,0.000000,0.608277,0.608277,200
1775042563143813495,1775042563143813495,1775042563144440137,0.000000,0.626642,0.626642,200
1775042563145397564,1775042563145397564,1775042563145995220,0.000000,0.597656,0.597656,200
1775042563150207150,1775042563150207150,1775042563150863429,0.000000,0.656279,0.656279,200
1775042563152766689,1775042563152766689,1775042563153174952,0.000000,0.408263,0.408263,200
1775042563162876433,1775042563162876433,1775042563163659746,0.000000,0.783313,0.783313,200
1775042563165700823,1775042563165700823,1775042563166230295,0.000000,0.529472,0.529472,200
1775042563165748698,1775042563166230295,1775042563171645992,0.481597,5.415697,5.897294,200
1775042563165780560,1775042563171645992,1775042563173132495,5.865432,1.486503,7.351935,200
1775042563165806772,1775042563173132495,1775042563174173713,7.325723,1.041218,8.366941,200
1775042563165831090,1775042563174173713,1775042563175478923,8.342623,1.305210,9.647833,200
1775042563166007778,1775042563175478923,1775042563176194971,9.471145,0.716048,10.187193,200
1775042563220725181,1775042563220725181,1775042563221335172,0.000000,0.609991,0.609991,200
1775042563223248531,1775042563223248531,1775042563223959407,0.000000,0.710876,0.710876,200
1775042563244794609,1775042563244794609,1775042563245482312,0.000000,0.687703,0.687703,200
1775042563245809758,1775042563245809758,1775042563246440568,0.000000,0.630810,0.630810,200
1775042563247770438,1775042563247770438,1775042563248303117,0.000000,0.532679,0.532679,200
1775042563248915943,1775042563248915943,1775042563249693842,0.000000,0.777899,0.777899,200
1775042563251594937,1775042563251594937,1775042563262887434,0.000000,11.292497,11.292497,200
1775042563252298632,1775042563262887434,1775042563263304814,10.588802,0.417380,11.006182,200
1775042563253524516,1775042563263304814,1775042563263990853,9.780298,0.686039,10.466337,200
1775042563254044409,1775042563263990853,1775042563264703284,9.946444,0.712431,10.658875,200
1775042563257526214,1775042563264703284,1775042563265301329,7.177070,0.598045,7.775115,200
1775042563275742038,1775042563275742038,1775042563279747123,0.000000,4.005085,4.005085,200
1775042563302532531,1775042563302532531,1775042563303466937,0.000000,0.934406,0.934406,200
1775042563302993675,1775042563303466937,1775042563304077139,0.473262,0.610202,1.083464,200
1775042563306313525,1775042563306313525,1775042563307049182,0.000000,0.735657,0.735657,200
1775042563313484960,1775042563313484960,1775042563314288289,0.000000,0.803329,0.803329,200
1775042563313554607,1775042563314288289,1775042563319940102,0.733682,5.651813,6.385495,200
1775042563314666521,1775042563319940102,1775042563320528412,5.273581,0.588310,5.861891,200
1775042563317060940,1775042563320528412,1775042563321067583,3.467472,0.539171,4.006643,200
1775042563335122031,1775042563335122031,1775042563335794474,0.000000,0.672443,0.672443,200
1775042563337131859,1775042563337131859,1775042563338825303,0.000000,1.693444,1.693444,200
1775042563337736549,1775042563338825303,1775042563340685278,1.088754,1.859975,2.948729,200
1775042563341873873,1775042563341873873,1775042563342618928,0.000000,0.745055,0.745055,200
1775042563356449941,1775042563356449941,1775042563357657859,0.000000,1.207918,1.207918,200
1775042563358558232,1775042563358558232,1775042563364250657,0.000000,5.692425,5.692425,200
1775042563358649071,1775042563364250657,1775042563365129836,5.601586,0.879179,6.480765,200
1775042563361517678,1775042563365129836,1775042563365638474,3.612158,0.508638,4.120796,200
1775042563372848735,1775042563372848735,1775042563373364160,0.000000,0.515425,0.515425,200
1775042563376869821,1775042563376869821,1775042563378500829,0.000000,1.631008,1.631008,200
1775042563380037868,1775042563380037868,1775042563380806701,0.000000,0.768833,0.768833,200
1775042563380105141,1775042563380806701,1775042563381589290,0.701560,0.782589,1.484149,200
1775042563381045111,1775042563381589290,1775042563382141394,0.544179,0.552104,1.096283,200
1775042563381147433,1775042563382141394,1775042563382880968,0.993961,0.739574,1.733535,200
1775042563381959571,1775042563382880968,1775042563383546278,0.921397,0.665310,1.586707,200
1775042563382006614,1775042563383546278,1775042563384285314,1.539664,0.739036,2.278700,200
1775042563382042465,1775042563384285314,1775042563385128937,2.242849,0.843623,3.086472,200
1775042563385061298,1775042563385128937,1775042563385875212,0.067639,0.746275,0.813914,200
1775042563385876192,1775042563385876192,1775042563386582489,0.000000,0.706297,0.706297,200
1775042563401001048,1775042563401001048,1775042563404129863,0.000000,3.128815,3.128815,200
1775042563404221675,1775042563404221675,1775042563405292966,0.000000,1.071291,1.071291,200
1775042563404294258,1775042563405292966,1775042563405801845,0.998708,0.508879,1.507587,200
1775042563404322754,1775042563405801845,1775042563406497004,1.479091,0.695159,2.174250,200
1775042563405391231,1775042563406497004,1775042563407011686,1.105773,0.514682,1.620455,200
1775042563410180550,1775042563410180550,1775042563411633277,0.000000,1.452727,1.452727,200
1775042563415778729,1775042563415778729,1775042563416343207,0.000000,0.564478,0.564478,200
1775042563420167869,1775042563420167869,1775042563421054114,0.000000,0.886245,0.886245,200
1775042563452601095,1775042563452601095,1775042563453451631,0.000000,0.850536,0.850536,200
1775042563454855864,1775042563454855864,1775042563455540841,0.000000,0.684977,0.684977,200
1775042563461356340,1775042563461356340,1775042563461883674,0.000000,0.527334,0.527334,200
1775042563474563230,1775042563474563230,1775042563475249273,0.000000,0.686043,0.686043,200
1775042563475705800,1775042563475705800,1775042563477086715,0.000000,1.380915,1.380915,200
1775042563490296268,1775042563490296268,1775042563494355236,0.000000,4.058968,4.058968,200
1775042563504207923,1775042563504207923,1775042563505570505,0.000000,1.362582,1.362582,200
1775042563505599101,1775042563505599101,1775042563507568998,0.000000,1.969897,1.969897,200
1775042563505664831,1775042563507568998,1775042563508353127,1.904167,0.784129,2.688296,200
1775042563505706473,1775042563508353127,1775042563508922450,2.646654,0.569323,3.215977,200
1775042563505740500,1775042563508922450,1775042563509389468,3.181950,0.467018,3.648968,200
1775042563505823964,1775042563509389468,1775042563510074636,3.565504,0.685168,4.250672,200
1775042563509232114,1775042563510074636,1775042563510679245,0.842522,0.604609,1.447131,200
1775042563516306805,1775042563516306805,1775042563517003338,0.000000,0.696533,0.696533,200
1775042563516353117,1775042563517003338,1775042563517912416,0.650221,0.909078,1.559299,200
1775042563519220952,1775042563519220952,1775042563519670749,0.000000,0.449797,0.449797,200
1775042563522463486,1775042563522463486,1775042563524649775,0.000000,2.186289,2.186289,200
1775042563526567581,1775042563526567581,1775042563527241626,0.000000,0.674045,0.674045,200
1775042563529104847,1775042563529104847,1775042563530533109,0.000000,1.428262,1.428262,200
1775042563529774735,1775042563530533109,1775042563531053813,0.758374,0.520704,1.279078,200
1775042563533557167,1775042563533557167,1775042563534189742,0.000000,0.632575,0.632575,200
1775042563533645791,1775042563534189742,1775042563534733934,0.543951,0.544192,1.088143,200
1775042563534194492,1775042563534733934,1775042563535624432,0.539442,0.890498,1.429940,200
1775042563534253828,1775042563535624432,1775042563539154335,1.370604,3.529903,4.900507,200
1775042563534295701,1775042563539154335,1775042563540990265,4.858634,1.835930,6.694564,200
1775042563543266156,1775042563543266156,1775042563543951133,0.000000,0.684977,0.684977,200
1775042563544883951,1775042563544883951,1775042563545490624,0.000000,0.606673,0.606673,200
1775042563544916225,1775042563545490624,1775042563546943151,0.574399,1.452527,2.026926,200
1775042563558005197,1775042563558005197,1775042563558598402,0.000000,0.593205,0.593205,200
1775042563589585306,1775042563589585306,1775042563590305302,0.000000,0.719996,0.719996,200
1775042563594268889,1775042563594268889,1775042563595009953,0.000000,0.741064,0.741064,200
1775042563603153914,1775042563603153914,1775042563603747621,0.000000,0.593707,0.593707,200
1775042563655197819,1775042563655197819,1775042563656022650,0.000000,0.824831,0.824831,200
1775042563655328426,1775042563656022650,1775042563659322604,0.694224,3.299954,3.994178,200
1775042563668503845,1775042563668503845,1775042563674678614,0.000000,6.174769,6.174769,200
1775042563668838574,1775042563674678614,1775042563675171875,5.840040,0.493261,6.333301,200
1775042563669593520,1775042563675171875,1775042563675831772,5.578355,0.659897,6.238252,200
1775042563675837303,1775042563675837303,1775042563676491989,0.000000,0.654686,0.654686,200
1775042563686167952,1775042563686167952,1775042563686913168,0.000000,0.745216,0.745216,200
1775042563686352606,1775042563686913168,1775042563687894568,0.560562,0.981400,1.541962,200
1775042563691711987,1775042563691711987,1775042563692415419,0.000000,0.703432,0.703432,200
1775042563695511940,1775042563695511940,1775042563695921581,0.000000,0.409641,0.409641,200
1775042563695876488,1775042563695921581,1775042563696518364,0.045093,0.596783,0.641876,200
1775042563742162960,1775042563742162960,1775042563743186693,0.000000,1.023733,1.023733,200
1775042563742632025,1775042563743186693,1775042563743726944,0.554668,0.540251,1.094919,200
1775042563744520072,1775042563744520072,1775042563745165371,0.000000,0.645299,0.645299,200
1775042563746776294,1775042563746776294,1775042563747546221,0.000000,0.769927,0.769927,200
1775042563747914022,1775042563747914022,1775042563748656082,0.000000,0.742060,0.742060,200
1775042563767060110,1775042563767060110,1775042563767648235,0.000000,0.588125,0.588125,200
1775042563782505588,1775042563782505588,1775042563783247188,0.000000,0.741600,0.741600,200
1775042563787136505,1775042563787136505,1775042563787776303,0.000000,0.639798,0.639798,200
1775042563789475921,1775042563789475921,1775042563790002808,0.000000,0.526887,0.526887,200
1775042563801612804,1775042563801612804,1775042563802365885,0.000000,0.753081,0.753081,200
1775042563801685537,1775042563802365885,1775042563803163535,0.680348,0.797650,1.477998,200
1775042563803365766,1775042563803365766,1775042563803843827,0.000000,0.478061,0.478061,200
1775042563803442708,1775042563803843827,1775042563804994422,0.401119,1.150595,1.551714,200
1775042563807136956,1775042563807136956,1775042563807782568,0.000000,0.645612,0.645612,200
1775042563812620702,1775042563812620702,1775042563813407623,0.000000,0.786921,0.786921,200
1775042563814306591,1775042563814306591,1775042563815173372,0.000000,0.866781,0.866781,200
1775042563828209406,1775042563828209406,1775042563828650814,0.000000,0.441408,0.441408,200
1775042563833123837,1775042563833123837,1775042563833709256,0.000000,0.585419,0.585419,200
1775042563837617043,1775042563837617043,1775042563838233374,0.000000,0.616331,0.616331,200
1775042563837959467,1775042563838233374,1775042563838918821,0.273907,0.685447,0.959354,200
1775042563864102365,1775042563864102365,1775042563865192097,0.000000,1.089732,1.089732,200
1775042563866109297,1775042563866109297,1775042563866749265,0.000000,0.639968,0.639968,200
1775042563868776392,1775042563868776392,1775042563869473503,0.000000,0.697111,0.697111,200
1775042563872280850,1775042563872280850,1775042563872835401,0.000000,0.554551,0.554551,200
1775042563881020356,1775042563881020356,1775042563881496683,0.000000,0.476327,0.476327,200
1775042563914634489,1775042563914634489,1775042563915316459,0.000000,0.681970,0.681970,200
1775042563914764485,1775042563915316459,1775042563917223171,0.551974,1.906712,2.458686,200
1775042563921873691,1775042563921873691,1775042563922483682,0.000000,0.609991,0.609991,200
1775042563921936505,1775042563922483682,1775042563923131917,0.547177,0.648235,1.195412,200
1775042563947637815,1775042563947637815,1775042563948283804,0.000000,0.645989,0.645989,200
1775042563979574260,1775042563979574260,1775042563980440302,0.000000,0.866042,0.866042,200
1775042563983163135,1775042563983163135,1775042563985925274,0.000000,2.762139,2.762139,200
1775042563983236349,1775042563985925274,1775042563987080220,2.688925,1.154946,3.843871,200
1775042563987230034,1775042563987230034,1775042563988017189,0.000000,0.787155,0.787155,200
1775042564006139812,1775042564006139812,1775042564007400742,0.000000,1.260930,1.260930,200
1775042564006255089,1775042564007400742,1775042564007893503,1.145653,0.492761,1.638414,200
1775042564007993040,1775042564007993040,1775042564008786150,0.000000,0.793110,0.793110,200
1775042564008751323,1775042564008786150,1775042564009648897,0.034827,0.862747,0.897574,200
1775042564010290672,1775042564010290672,1775042564010941514,0.000000,0.650842,0.650842,200
1775042564020717732,1775042564020717732,1775042564021414681,0.000000,0.696949,0.696949,200
1775042564085887279,1775042564085887279,1775042564087199798,0.000000,1.312519,1.312519,200
1775042564086936925,1775042564087199798,1775042564087947306,0.262873,0.747508,1.010381,200
1775042564094287238,1775042564094287238,1775042564095909612,0.000000,1.622374,1.622374,200
1775042564166498936,1775042564166498936,1775042564167277126,0.000000,0.778190,0.778190,200
1775042564166587590,1775042564167277126,1775042564168247329,0.689536,0.970203,1.659739,200
1775042564189905065,1775042564189905065,1775042564191333442,0.000000,1.428377,1.428377,200
1775042564204669372,1775042564204669372,1775042564205320994,0.000000,0.651622,0.651622,200
1775042564209442338,1775042564209442338,1775042564210151665,0.000000,0.709327,0.709327,200
1775042564266977167,1775042564266977167,1775042564267611122,0.000000,0.633955,0.633955,200
1775042564267060321,1775042564267611122,1775042564268496853,0.550801,0.885731,1.436532,200
1775042564268185316,1775042564268496853,1775042564280684992,0.311537,12.188139,12.499676,200
1775042564274506398,1775042564280684992,1775042564281411660,6.178594,0.726668,6.905262,200
1775042564274617527,1775042564281411660,1775042564281964467,6.794133,0.552807,7.346940,200
1775042564284688439,1775042564284688439,1775042564285362775,0.000000,0.674336,0.674336,200
1775042564285911206,1775042564285911206,1775042564286715948,0.000000,0.804742,0.804742,200
1775042564288079745,1775042564288079745,1775042564290661312,0.000000,2.581567,2.581567,200
1775042564288143080,1775042564290661312,1775042564292023621,2.518232,1.362309,3.880541,200
1775042564288186195,1775042564292023621,1775042564292812352,3.837426,0.788731,4.626157,200
1775042564289333864,1775042564292812352,1775042564304142661,3.478488,11.330309,14.808797,200
1775042564301264959,1775042564304142661,1775042564304806838,2.877702,0.664177,3.541879,200
1775042564312069574,1775042564312069574,1775042564312826984,0.000000,0.757410,0.757410,200
1775042564313999844,1775042564313999844,1775042564314533516,0.000000,0.533672,0.533672,200
1775042564318231937,1775042564318231937,1775042564319163951,0.000000,0.932014,0.932014,200
1775042564319140174,1775042564319163951,1775042564319706520,0.023777,0.542569,0.566346,200
1775042564319238828,1775042564319706520,1775042564320660007,0.467692,0.953487,1.421179,200
1775042564319301571,1775042564320660007,1775042564321518325,1.358436,0.858318,2.216754,200
1775042564319364094,1775042564321518325,1775042564322149947,2.154231,0.631622,2.785853,200
1775042564327718734,1775042564327718734,1775042564328418671,0.000000,0.699937,0.699937,200
1775042564327782008,1775042564328418671,1775042564329349657,0.636663,0.930986,1.567649,200
1775042564330199375,1775042564330199375,1775042564330937938,0.000000,0.738563,0.738563,200
1775042564330744520,1775042564330937938,1775042564331666257,0.193418,0.728319,0.921737,200
1775042564336672081,1775042564336672081,1775042564341090733,0.000000,4.418652,4.418652,200
1775042564336776747,1775042564341090733,1775042564341984321,4.313986,0.893588,5.207574,200
1775042564343649081,1775042564343649081,1775042564344146469,0.000000,0.497388,0.497388,200
1775042564346058204,1775042564346058204,1775042564346932518,0.000000,0.874314,0.874314,200
1775042564346175656,1775042564346932518,1775042564347500774,0.756862,0.568256,1.325118,200
1775042564349802025,1775042564349802025,1775042564350427804,0.000000,0.625779,0.625779,200
1775042564355919754,1775042564355919754,1775042564356444919,0.000000,0.525165,0.525165,200
1775042564355987126,1775042564356444919,1775042564357131980,0.457793,0.687061,1.144854,200
1775042564363619972,1775042564363619972,1775042564364253187,0.000000,0.633215,0.633215,200
1775042564376579867,1775042564376579867,1775042564377188502,0.000000,0.608635,0.608635,200
1775042564378551639,1775042564378551639,1775042564379109315,0.000000,0.557676,0.557676,200
1775042564378593381,1775042564379109315,1775042564380402866,0.515934,1.293551,1.809485,200
1775042564379584713,1775042564380402866,1775042564381281905,0.818153,0.879039,1.697192,200
1775042564411175196,1775042564411175196,1775042564411833280,0.000000,0.658084,0.658084,200
1775042564421914094,1775042564421914094,1775042564422789321,0.000000,0.875227,0.875227,200
1775042564453360918,1775042564453360918,1775042564454098447,0.000000,0.737529,0.737529,200
1775042564464623090,1775042564464623090,1775042564465296707,0.000000,0.673617,0.673617,200
1775042564544389725,1775042564544389725,1775042564545051330,0.000000,0.661605,0.661605,200
1775042564553918800,1775042564553918800,1775042564555200212,0.000000,1.281412,1.281412,200
1775042564556455323,1775042564556455323,1775042564557178733,0.000000,0.723410,0.723410,200
1775042564565259405,1775042564565259405,1775042564566648846,0.000000,1.389441,1.389441,200
1775042564569368796,1775042564569368796,1775042564570030709,0.000000,0.661913,0.661913,200
1775042564590032687,1775042564590032687,1775042564590757633,0.000000,0.724946,0.724946,200
1775042564590310333,1775042564590757633,1775042564591573853,0.447300,0.816220,1.263520,200
1775042564637370543,1775042564637370543,1775042564638248560,0.000000,0.878017,0.878017,200
1775042564644280252,1775042564644280252,1775042564644982954,0.000000,0.702702,0.702702,200
1775042564649221744,1775042564649221744,1775042564649823217,0.000000,0.601473,0.601473,200
1775042564667349270,1775042564667349270,1775042564668253629,0.000000,0.904359,0.904359,200
1775042564671588215,1775042564671588215,1775042564675763748,0.000000,4.175533,4.175533,200
1775042564675229557,1775042564675763748,1775042564676232670,0.534191,0.468922,1.003113,200
1775042564675291248,1775042564676232670,1775042564677056928,0.941422,0.824258,1.765680,200
1775042564677517050,1775042564677517050,1775042564678278548,0.000000,0.761498,0.761498,200
1775042564680353975,1775042564680353975,1775042564680850592,0.000000,0.496617,0.496617,200
1775042564701691389,1775042564701691389,1775042564702318041,0.000000,0.626652,0.626652,200
1775042564714809977,1775042564714809977,1775042564715655032,0.000000,0.845055,0.845055,200
1775042564729932982,1775042564729932982,1775042564730613530,0.000000,0.680548,0.680548,200
1775042564736624423,1775042564736624423,1775042564743475498,0.000000,6.851075,6.851075,200
1775042564762320034,1775042564762320034,1775042564763590672,0.000000,1.270638,1.270638,200
1775042564793396261,1775042564793396261,1775042564793821764,0.000000,0.425503,0.425503,200
1775042564793486448,1775042564793821764,1775042564794358587,0.335316,0.536823,0.872139,200
1775042564793551015,1775042564794358587,1775042564797392385,0.807572,3.033798,3.841370,200
1775042564793595583,1775042564797392385,1775042564798145526,3.796802,0.753141,4.549943,200
1775042564795684906,1775042564798145526,1775042564798872268,2.460620,0.726742,3.187362,200
1775042564801664388,1775042564801664388,1775042564802299506,0.000000,0.635118,0.635118,200
1775042564816735885,1775042564816735885,1775042564818197841,0.000000,1.461956,1.461956,200
1775042564838722205,1775042564838722205,1775042564839284219,0.000000,0.562014,0.562014,200
1775042564840051151,1775042564840051151,1775042564842958395,0.000000,2.907244,2.907244,200
1775042564840116199,1775042564842958395,1775042564843787074,2.842196,0.828679,3.670875,200
1775042564840153152,1775042564843787074,1775042564844471892,3.633922,0.684818,4.318740,200
1775042564842941205,1775042564844471892,1775042564845174092,1.530687,0.702200,2.232887,200
1775042564843009289,1775042564845174092,1775042564849045209,2.164803,3.871117,6.035920,200
1775042564846503037,1775042564849045209,1775042564850840734,2.542172,1.795525,4.337697,200
1775042564848269595,1775042564850840734,1775042564853239060,2.571139,2.398326,4.969465,200
1775042564889651180,1775042564889651180,1775042564890421675,0.000000,0.770495,0.770495,200
1775042564893329143,1775042564893329143,1775042564894424407,0.000000,1.095264,1.095264,200
1775042564893994102,1775042564894424407,1775042564895123992,0.430305,0.699585,1.129890,200
1775042564930817295,1775042564930817295,1775042564931419861,0.000000,0.602566,0.602566,200
1775042564930917462,1775042564931419861,1775042564932067484,0.502399,0.647623,1.150022,200
1775042564960524561,1775042564960524561,1775042564961026691,0.000000,0.502130,0.502130,200
1775042564962345035,1775042564962345035,1775042564963113005,0.000000,0.767970,0.767970,200
1775042564965735974,1775042564965735974,1775042564966578920,0.000000,0.842946,0.842946,200
1775042564965800230,1775042564966578920,1775042564967156936,0.778690,0.578016,1.356706,200
1775042564971330047,1775042564971330047,1775042564972057546,0.000000,0.727499,0.727499,200
1775042564972415675,1775042564972415675,1775042564972973351,0.000000,0.557676,0.557676,200
1775042564975890837,1775042564975890837,1775042564976579731,0.000000,0.688894,0.688894,200
1775042564976129577,1775042564976579731,1775042564977417546,0.450154,0.837815,1.287969,200
1775042564989620084,1775042564989620084,1775042564990509365,0.000000,0.889281,0.889281,200
1775042564989704830,1775042564990509365,1775042564991903166,0.804535,1.393801,2.198336,200
1775042564989748146,1775042564991903166,1775042564992422758,2.155020,0.519592,2.674612,200
1775042564999380187,1775042564999380187,1775042565001652134,0.000000,2.271947,2.271947,200
1775042564999447740,1775042565001652134,1775042565002397729,2.204394,0.745595,2.949989,200
1775042565005895383,1775042565005895383,1775042565006796390,0.000000,0.901007,0.901007,200
1775042565012105964,1775042565012105964,1775042565012800147,0.000000,0.694183,0.694183,200
1775042565015519384,1775042565015519384,1775042565016176604,0.000000,0.657220,0.657220,200
1775042565017501346,1775042565017501346,1775042565018778968,0.000000,1.277622,1.277622,200
1775042565020348151,1775042565020348151,1775042565020908781,0.000000,0.560630,0.560630,200
1775042565020399532,1775042565020908781,1775042565021546036,0.509249,0.637255,1.146504,200
1775042565031712210,1775042565031712210,1775042565032372959,0.000000,0.660749,0.660749,200
1775042565035905816,1775042565035905816,1775042565036575743,0.000000,0.669927,0.669927,200
1775042565037211095,1775042565037211095,1775042565037741986,0.000000,0.530891,0.530891,200
1775042565038279609,1775042565038279609,1775042565039894869,0.000000,1.615260,1.615260,200
1775042565046125389,1775042565046125389,1775042565046872017,0.000000,0.746628,0.746628,200
1775042565048837619,1775042565048837619,1775042565049217306,0.000000,0.379687,0.379687,200
1775042565050714734,1775042565050714734,1775042565063364627,0.000000,12.649893,12.649893,200
1775042565050859700,1775042565063364627,1775042565064128770,12.504927,0.764143,13.269070,200
1775042565051012781,1775042565064128770,1775042565064753668,13.115989,0.624898,13.740887,200
1775042565052621559,1775042565064753668,1775042565065488087,12.132109,0.734419,12.866528,200
1775042565055484501,1775042565065488087,1775042565067389947,10.003586,1.901860,11.905446,200
1775042565059424908,1775042565067389947,1775042565068524057,7.965039,1.134110,9.099149,200
1775042565089448410,1775042565089448410,1775042565089950619,0.000000,0.502209,0.502209,200
1775042565092025374,1775042565092025374,1775042565093421048,0.000000,1.395674,1.395674,200
1775042565097742429,1775042565097742429,1775042565098469569,0.000000,0.727140,0.727140,200
1775042565106022327,1775042565106022327,1775042565106771439,0.000000,0.749112,0.749112,200
1775042565110296583,1775042565110296583,1775042565110747368,0.000000,0.450785,0.450785,200
1775042565113267532,1775042565113267532,1775042565113963000,0.000000,0.695468,0.695468,200
1775042565113490509,1775042565113963000,1775042565114835245,0.472491,0.872245,1.344736,200
1775042565115008798,1775042565115008798,1775042565115730738,0.000000,0.721940,0.721940,200
1775042565132472429,1775042565132472429,1775042565133682439,0.000000,1.210010,1.210010,200
1775042565137655773,1775042565137655773,1775042565138333786,0.000000,0.678013,0.678013,200
1775042565162127345,1775042565162127345,1775042565162854455,0.000000,0.727110,0.727110,200
1775042565181727639,1775042565181727639,1775042565182504808,0.000000,0.777169,0.777169,200
1775042565181773439,1775042565182504808,1775042565183295076,0.731369,0.790268,1.521637,200
1775042565193898482,1775042565193898482,1775042565194370470,0.000000,0.471988,0.471988,200
1775042565198253845,1775042565198253845,1775042565199668793,0.000000,1.414948,1.414948,200
1775042565201306946,1775042565201306946,1775042565202260433,0.000000,0.953487,0.953487,200
1775042565201416803,1775042565202260433,1775042565204184546,0.843630,1.924113,2.767743,200
1775042565201675783,1775042565204184546,1775042565204622296,2.508763,0.437750,2.946513,200
1775042565201717495,1775042565204622296,1775042565205154723,2.904801,0.532427,3.437228,200
1775042565202612517,1775042565205154723,1775042565205813981,2.542206,0.659258,3.201464,200
1775042565202713556,1775042565205813981,1775042565206312332,3.100425,0.498351,3.598776,200
1775042565202827099,1775042565206312332,1775042565206908024,3.485233,0.595692,4.080925,200
1775042565230138761,1775042565230138761,1775042565231228049,0.000000,1.089288,1.089288,200
1775042565255488868,1775042565255488868,1775042565256105621,0.000000,0.616753,0.616753,200
1775042565256644754,1775042565256644754,1775042565257514214,0.000000,0.869460,0.869460,200
1775042565256762145,1775042565257514214,1775042565258360084,0.752069,0.845870,1.597939,200
1775042565261468711,1775042565261468711,1775042565261987924,0.000000,0.519213,0.519213,200
1775042565262558777,1775042565262558777,1775042565263435313,0.000000,0.876536,0.876536,200
1775042565265210217,1775042565265210217,1775042565265859576,0.000000,0.649359,0.649359,200
1775042565268742060,1775042565268742060,1775042565269539178,0.000000,0.797118,0.797118,200
1775042565273594614,1775042565273594614,1775042565274128793,0.000000,0.534179,0.534179,200
1775042565274450559,1775042565274450559,1775042565275256396,0.000000,0.805837,0.805837,200
1775042565274523082,1775042565275256396,1775042565275922926,0.733314,0.666530,1.399844,200
1775042565280896876,1775042565280896876,1775042565281532244,0.000000,0.635368,0.635368,200
1775042565304051835,1775042565304051835,1775042565304578722,0.000000,0.526887,0.526887,200
1775042565307842238,1775042565307842238,1775042565308329364,0.000000,0.487126,0.487126,200
1775042565347734201,1775042565347734201,1775042565348895104,0.000000,1.160903,1.160903,200
1775042565357678041,1775042565357678041,1775042565364676848,0.000000,6.998807,6.998807,200
1775042565358089531,1775042565364676848,1775042565365278273,6.587317,0.601425,7.188742,200
1775042565358164468,1775042565365278273,1775042565366338533,7.113805,1.060260,8.174065,200
1775042565358207012,1775042565366338533,1775042565367729436,8.131521,1.390903,9.522424,200
1775042565358230238,1775042565367729436,1775042565368462698,9.499198,0.733262,10.232460,200
1775042565358268082,1775042565368462698,1775042565369502759,10.194616,1.040061,11.234677,200
1775042565367040463,1775042565369502759,1775042565370931799,2.462296,1.429040,3.891336,200
1775042565370179974,1775042565370931799,1775042565371351163,0.751825,0.419364,1.171189,200
1775042565370252046,1775042565371351163,1775042565374884301,1.099117,3.533138,4.632255,200
1775042565374265739,1775042565374884301,1775042565376352018,0.618562,1.467717,2.086279,200
1775042565388142538,1775042565388142538,1775042565392159170,0.000000,4.016632,4.016632,200
1775042565389278174,1775042565392159170,1775042565393608995,2.880996,1.449825,4.330821,200
1775042565409796887,1775042565409796887,1775042565422001339,0.000000,12.204452,12.204452,200
1775042565410461566,1775042565422001339,1775042565422727767,11.539773,0.726428,12.266201,200
1775042565424021583,1775042565424021583,1775042565424523490,0.000000,0.501907,0.501907,200
1775042565424081491,1775042565424523490,1775042565427329544,0.441999,2.806054,3.248053,200
1775042565425150295,1775042565427329544,1775042565428171198,2.179249,0.841654,3.020903,200
1775042565425230613,1775042565428171198,1775042565429184991,2.940585,1.013793,3.954378,200
1775042565427841544,1775042565429184991,1775042565429571651,1.343447,0.386660,1.730107,200
1775042565431589102,1775042565431589102,1775042565432285131,0.000000,0.696029,0.696029,200
1775042565436716888,1775042565436716888,1775042565437247904,0.000000,0.531016,0.531016,200
1775042565437518827,1775042565437518827,1775042565438002718,0.000000,0.483891,0.483891,200
1775042565438368700,1775042565438368700,1775042565438831041,0.000000,0.462341,0.462341,200
1775042565463181679,1775042565463181679,1775042565463868379,0.000000,0.686700,0.686700,200
1775042565464892286,1775042565464892286,1775042565466205376,0.000000,1.313090,1.313090,200
1775042565464964188,1775042565466205376,1775042565466981433,1.241188,0.776057,2.017245,200
1775042565521490483,1775042565521490483,1775042565524081357,0.000000,2.590874,2.590874,200
1775042565528166817,1775042565528166817,1775042565529032852,0.000000,0.866035,0.866035,200
1775042565530122395,1775042565530122395,1775042565530807885,0.000000,0.685490,0.685490,200
1775042565532241419,1775042565532241419,1775042565535172478,0.000000,2.931059,2.931059,200
1775042565556222150,1775042565556222150,1775042565556776289,0.000000,0.554139,0.554139,200
1775042565557913290,1775042565557913290,1775042565558499987,0.000000,0.586697,0.586697,200
1775042565559101689,1775042565559101689,1775042565560264021,0.000000,1.162332,1.162332,200
1775042565583137367,1775042565583137367,1775042565584285608,0.000000,1.148241,1.148241,200
1775042565585207200,1775042565585207200,1775042565585756459,0.000000,0.549259,0.549259,200
1775042565589794736,1775042565589794736,1775042565590689042,0.000000,0.894306,0.894306,200
1775042565589886045,1775042565590689042,1775042565591344331,0.802997,0.655289,1.458286,200
1775042565592132338,1775042565592132338,1775042565592819188,0.000000,0.686850,0.686850,200
1775042565678466193,1775042565678466193,1775042565679784754,0.000000,1.318561,1.318561,200
1775042565687908461,1775042565687908461,1775042565689832574,0.000000,1.924113,1.924113,200
1775042565703021749,1775042565703021749,1775042565703750907,0.000000,0.729158,0.729158,200
1775042565717360609,1775042565717360609,1775042565718185440,0.000000,0.824831,0.824831,200
1775042565717439244,1775042565718185440,1775042565718826930,0.746196,0.641490,1.387686,200
1775042565723020481,1775042565723020481,1775042565724157138,0.000000,1.136657,1.136657,200
1775042565737070559,1775042565737070559,1775042565738014140,0.000000,0.943581,0.943581,200
1775042565738702531,1775042565738702531,1775042565739796491,0.000000,1.093960,1.093960,200
1775042565746172561,1775042565746172561,1775042565746901595,0.000000,0.729034,0.729034,200
1775042565770252856,1775042565770252856,1775042565771165911,0.000000,0.913055,0.913055,200
1775042565773153465,1775042565773153465,1775042565773760268,0.000000,0.606803,0.606803,200
1775042565782837211,1775042565782837211,1775042565787064699,0.000000,4.227488,4.227488,200
1775042565784927296,1775042565787064699,1775042565788819495,2.137403,1.754796,3.892199,200
1775042565804243063,1775042565804243063,1775042565804793024,0.000000,0.549961,0.549961,200
1775042565814901237,1775042565814901237,1775042565817694229,0.000000,2.792992,2.792992,200
1775042565815348537,1775042565817694229,1775042565821501138,2.345692,3.806909,6.152601,200
1775042565837711091,1775042565837711091,1775042565838438712,0.000000,0.727621,0.727621,200
1775042565848071668,1775042565848071668,1775042565848604303,0.000000,0.532635,0.532635,200
1775042565859501931,1775042565859501931,1775042565859943339,0.000000,0.441408,0.441408,200
1775042565897933803,1775042565897933803,1775042565899367923,0.000000,1.434120,1.434120,200
1775042565898568813,1775042565899367923,1775042565900272521,0.799110,0.904598,1.703708,200
1775042565902756922,1775042565902756922,1775042565903565055,0.000000,0.808133,0.808133,200
1775042565902807181,1775042565903565055,1775042565903973911,0.757874,0.408856,1.166730,200
1775042565903472778,1775042565903973911,1775042565904627206,0.501133,0.653295,1.154428,200
1775042565905666396,1775042565905666396,1775042565906248132,0.000000,0.581736,0.581736,200
1775042565927476354,1775042565927476354,1775042565928192904,0.000000,0.716550,0.716550,200
1775042565937087680,1775042565937087680,1775042565937684737,0.000000,0.597057,0.597057,200
1775042565937547616,1775042565937684737,1775042565939179279,0.137121,1.494542,1.631663,200
1775042565938995236,1775042565939179279,1775042565939866030,0.184043,0.686751,0.870794,200
1775042565939637911,1775042565939866030,1775042565940574893,0.228119,0.708863,0.936982,200
1775042565939715113,1775042565940574893,1775042565941165935,0.859780,0.591042,1.450822,200
1775042565944488076,1775042565944488076,1775042565945008780,0.000000,0.520704,0.520704,200
1775042565962702876,1775042565962702876,1775042565963283177,0.000000,0.580301,0.580301,200
1775042565962773706,1775042565963283177,1775042565964376026,0.509471,1.092849,1.602320,200
1775042565965593507,1775042565965593507,1775042565966061640,0.000000,0.468133,0.468133,200
1775042565966107689,1775042565966107689,1775042565968037968,0.000000,1.930279,1.930279,200
1775042565968061215,1775042565968061215,1775042565968714510,0.000000,0.653295,0.653295,200
1775042565969687852,1775042565969687852,1775042565970424100,0.000000,0.736248,0.736248,200
1775042565970002652,1775042565970424100,1775042565971216296,0.421448,0.792196,1.213644,200
1775042565978841462,1775042565978841462,1775042565979563592,0.000000,0.722130,0.722130,200
1775042565980077265,1775042565980077265,1775042565980870608,0.000000,0.793343,0.793343,200
1775042565994243310,1775042565994243310,1775042565996507632,0.000000,2.264322,2.264322,200
1775042565996746799,1775042565996746799,1775042565997643932,0.000000,0.897133,0.897133,200
1775042566001431125,1775042566001431125,1775042566002144389,0.000000,0.713264,0.713264,200
1775042566001679584,1775042566002144389,1775042566002890708,0.464805,0.746319,1.211124,200
1775042566002961017,1775042566002961017,1775042566003731494,0.000000,0.770477,0.770477,200
1775042566013834350,1775042566013834350,1775042566014354232,0.000000,0.519882,0.519882,200
1775042566013983113,1775042566014354232,1775042566014902622,0.371119,0.548390,0.919509,200
1775042566018200455,1775042566018200455,1775042566018975840,0.000000,0.775385,0.775385,200
1775042566022997473,1775042566022997473,1775042566023569447,0.000000,0.571974,0.571974,200
1775042566030692300,1775042566030692300,1775042566031440150,0.000000,0.747850,0.747850,200
1775042566032054121,1775042566032054121,1775042566032639095,0.000000,0.584974,0.584974,200
1775042566032114310,1775042566032639095,1775042566033580520,0.524785,0.941425,1.466210,200
1775042566048958333,1775042566048958333,1775042566049905770,0.000000,0.947437,0.947437,200
1775042566053975001,1775042566053975001,1775042566055270887,0.000000,1.295886,1.295886,200
1775042566060895323,1775042566060895323,1775042566061647243,0.000000,0.751920,0.751920,200
1775042566060996442,1775042566061647243,1775042566062378621,0.650801,0.731378,1.382179,200
1775042566067053156,1775042566067053156,1775042566067558720,0.000000,0.505564,0.505564,200
1775042566067154886,1775042566067558720,1775042566068150413,0.403834,0.591693,0.995527,200
1775042566068023276,1775042566068150413,1775042566068844417,0.127137,0.694004,0.821141,200
1775042566070593005,1775042566070593005,1775042566071308822,0.000000,0.715817,0.715817,200
1775042566070906292,1775042566071308822,1775042566071875645,0.402530,0.566823,0.969353,200
1775042566085657794,1775042566085657794,1775042566086533836,0.000000,0.876042,0.876042,200
1775042566089929474,1775042566089929474,1775042566092127369,0.000000,2.197895,2.197895,200
1775042566089996306,1775042566092127369,1775042566092813088,2.131063,0.685719,2.816782,200
1775042566097619750,1775042566097619750,1775042566098421336,0.000000,0.801586,0.801586,200
1775042566100803739,1775042566100803739,1775042566101512342,0.000000,0.708603,0.708603,200
1775042566104630432,1775042566104630432,1775042566105283727,0.000000,0.653295,0.653295,200
1775042566105884812,1775042566105884812,1775042566106348122,0.000000,0.463310,0.463310,200
1775042566106015489,1775042566106348122,1775042566107063377,0.332633,0.715255,1.047888,200
1775042566108310076,1775042566108310076,1775042566108713230,0.000000,0.403154,0.403154,200
1775042566108611059,1775042566108713230,1775042566109440622,0.102171,0.727392,0.829563,200
1775042566108953744,1775042566109440622,1775042566110436271,0.486878,0.995649,1.482527,200
1775042566121550447,1775042566121550447,1775042566122153911,0.000000,0.603464,0.603464,200
1775042566133874416,1775042566133874416,1775042566135161354,0.000000,1.286938,1.286938,200
1775042566155174103,1775042566155174103,1775042566155891554,0.000000,0.717451,0.717451,200
1775042566159842223,1775042566159842223,1775042566160519685,0.000000,0.677462,0.677462,200
1775042566160943341,1775042566160943341,1775042566161437955,0.000000,0.494614,0.494614,200
1775042566161783936,1775042566161783936,1775042566162504012,0.000000,0.720076,0.720076,200
1775042566164832409,1775042566164832409,1775042566165720555,0.000000,0.888146,0.888146,200
1775042566165783732,1775042566165783732,1775042566168132097,0.000000,2.348365,2.348365,200
1775042566168381255,1775042566168381255,1775042566168925447,0.000000,0.544192,0.544192,200
1775042566183273754,1775042566183273754,1775042566183822804,0.000000,0.549050,0.549050,200
1775042566186737012,1775042566186737012,1775042566187361802,0.000000,0.624790,0.624790,200
1775042566193240145,1775042566193240145,1775042566196033967,0.000000,2.793822,2.793822,200
1775042566200196536,1775042566200196536,1775042566200691781,0.000000,0.495245,0.495245,200
1775042566206954472,1775042566206954472,1775042566207646433,0.000000,0.691961,0.691961,200
1775042566210278328,1775042566210278328,1775042566211099703,0.000000,0.821375,0.821375,200
1775042566211725915,1775042566211725915,1775042566216408421,0.000000,4.682506,4.682506,200
1775042566213074490,1775042566216408421,1775042566222192259,3.333931,5.783838,9.117769,200
1775042566219844468,1775042566222192259,1775042566222699828,2.347791,0.507569,2.855360,200
1775042566234756306,1775042566234756306,1775042566235563442,0.000000,0.807136,0.807136,200
1775042566234889237,1775042566235563442,1775042566238392884,0.674205,2.829442,3.503647,200
1775042566236407046,1775042566238392884,1775042566239541126,1.985838,1.148242,3.134080,200
1775042566247376846,1775042566247376846,1775042566247985564,0.000000,0.608718,0.608718,200
1775042566249210736,1775042566249210736,1775042566250255200,0.000000,1.044464,1.044464,200
1775042566253687489,1775042566253687489,1775042566254377176,0.000000,0.689687,0.689687,200
1775042566255877160,1775042566255877160,1775042566256657726,0.000000,0.780566,0.780566,200
1775042566257444686,1775042566257444686,1775042566257967564,0.000000,0.522878,0.522878,200
1775042566268662069,1775042566268662069,1775042566269662097,0.000000,1.000028,1.000028,200
1775042566308462884,1775042566308462884,1775042566308934364,0.000000,0.471480,0.471480,200
1775042566337290079,1775042566337290079,1775042566337914408,0.000000,0.624329,0.624329,200
1775042566353177954,1775042566353177954,1775042566353958430,0.000000,0.780476,0.780476,200
1775042566355033561,1775042566355033561,1775042566358361189,0.000000,3.327628,3.327628,200
1775042566355661056,1775042566358361189,1775042566362403362,2.700133,4.042173,6.742306,200
1775042566395048456,1775042566395048456,1775042566395722821,0.000000,0.674365,0.674365,200
1775042566398248326,1775042566398248326,1775042566398865139,0.000000,0.616813,0.616813,200
1775042566402863365,1775042566402863365,1775042566403374951,0.000000,0.511586,0.511586,200
1775042566407287391,1775042566407287391,1775042566408420141,0.000000,1.132750,1.132750,200
1775042566407373160,1775042566408420141,1775042566409184284,1.046981,0.764143,1.811124,200
1775042566410340066,1775042566410340066,1775042566411210518,0.000000,0.870452,0.870452,200
1775042566415979796,1775042566415979796,1775042566416816211,0.000000,0.836415,0.836415,200
1775042566423024909,1775042566423024909,1775042566423826077,0.000000,0.801168,0.801168,200
1775042566426356132,1775042566426356132,1775042566427017144,0.000000,0.661012,0.661012,200
1775042566426489294,1775042566427017144,1775042566427739146,0.527850,0.722002,1.249852,200
1775042566427592396,1775042566427739146,1775042566428466317,0.146750,0.727171,0.873921,200
1775042566428959618,1775042566428959618,1775042566430407448,0.000000,1.447830,1.447830,200
1775042566444788795,1775042566444788795,1775042566446918075,0.000000,2.129280,2.129280,200
1775042566448676218,1775042566448676218,1775042566449620489,0.000000,0.944271,0.944271,200
1775042566450645545,1775042566450645545,1775042566451022136,0.000000,0.376591,0.376591,200
1775042566450831902,1775042566451022136,1775042566451596997,0.190234,0.574861,0.765095,200
1775042566452171940,1775042566452171940,1775042566452920847,0.000000,0.748907,0.748907,200
1775042566452280604,1775042566452920847,1775042566453579634,0.640243,0.658787,1.299030,200
1775042566465425673,1775042566465425673,1775042566466132673,0.000000,0.707000,0.707000,200
1775042566472192254,1775042566472192254,1775042566472912831,0.000000,0.720577,0.720577,200
1775042566472549548,1775042566472912831,1775042566473497180,0.363283,0.584349,0.947632,200
1775042566477502847,1775042566477502847,1775042566478588531,0.000000,1.085684,1.085684,200
1775042566477735138,1775042566478588531,1775042566479016464,0.853393,0.427933,1.281326,200
1775042566480295068,1775042566480295068,1775042566480733439,0.000000,0.438371,0.438371,200
1775042566490790345,1775042566490790345,1775042566491825075,0.000000,1.034730,1.034730,200
1775042566494367541,1775042566494367541,1775042566495164515,0.000000,0.796974,0.796974,200
1775042566508298566,1775042566508298566,1775042566510053362,0.000000,1.754796,1.754796,200
1775042566525637790,1775042566525637790,1775042566527682163,0.000000,2.044373,2.044373,200
1775042566533730794,1775042566533730794,1775042566534688617,0.000000,0.957823,0.957823,200
1775042566573153338,1775042566573153338,1775042566573940506,0.000000,0.787168,0.787168,200
1775042566598483844,1775042566598483844,1775042566598892148,0.000000,0.408304,0.408304,200
1775042566600808571,1775042566600808571,1775042566601274357,0.000000,0.465786,0.465786,200
1775042566600878098,1775042566601274357,1775042566604266322,0.396259,2.991965,3.388224,200
1775042566605805910,1775042566605805910,1775042566606591502,0.000000,0.785592,0.785592,200
1775042566636539690,1775042566636539690,1775042566637162007,0.000000,0.622317,0.622317,200
1775042566637673037,1775042566637673037,1775042566638622765,0.000000,0.949728,0.949728,200
1775042566650866471,1775042566650866471,1775042566651434571,0.000000,0.568100,0.568100,200
1775042566676726232,1775042566676726232,1775042566677420619,0.000000,0.694387,0.694387,200
1775042566679023485,1775042566679023485,1775042566679541901,0.000000,0.518416,0.518416,200
1775042566679848008,1775042566679848008,1775042566680655395,0.000000,0.807387,0.807387,200
1775042566681855961,1775042566681855961,1775042566682446132,0.000000,0.590171,0.590171,200
1775042566683362788,1775042566683362788,1775042566684293762,0.000000,0.930974,0.930974,200
1775042566683472213,1775042566684293762,1775042566684968097,0.821549,0.674335,1.495884,200
1775042566689976242,1775042566689976242,1775042566690939028,0.000000,0.962786,0.962786,200
1775042566697486333,1775042566697486333,1775042566698820785,0.000000,1.334452,1.334452,200
1775042566698654813,1775042566698820785,1775042566699497363,0.165972,0.676578,0.842550,200
1775042566701690630,1775042566701690630,1775042566703582452,0.000000,1.891822,1.891822,200
1775042566706837777,1775042566706837777,1775042566707526852,0.000000,0.689075,0.689075,200
1775042566713169303,1775042566713169303,1775042566714251750,0.000000,1.082447,1.082447,200
1775042566713352433,1775042566714251750,1775042566715068525,0.899317,0.816775,1.716092,200
1775042566713481698,1775042566715068525,1775042566715873337,1.586827,0.804812,2.391639,200
1775042566715222174,1775042566715873337,1775042566716316107,0.651163,0.442770,1.093933,200
1775042566736179630,1775042566736179630,1775042566737603726,0.000000,1.424096,1.424096,200
1775042566736249067,1775042566737603726,1775042566738457059,1.354659,0.853333,2.207992,200
1775042566741860978,1775042566741860978,1775042566743084549,0.000000,1.223571,1.223571,200
1775042566783554551,1775042566783554551,1775042566784315011,0.000000,0.760460,0.760460,200
1775042566803958047,1775042566803958047,1775042566804406117,0.000000,0.448070,0.448070,200
1775042566804567507,1775042566804567507,1775042566805765424,0.000000,1.197917,1.197917,200
1775042566805468651,1775042566805765424,1775042566806554535,0.296773,0.789111,1.085884,200
1775042566812867261,1775042566812867261,1775042566813567818,0.000000,0.700557,0.700557,200
1775042566822307607,1775042566822307607,1775042566822890765,0.000000,0.583158,0.583158,200
1775042566822853211,1775042566822890765,1775042566828617905,0.037554,5.727140,5.764694,200
1775042566823588749,1775042566828617905,1775042566829169800,5.029156,0.551895,5.581051,200
1775042566829713994,1775042566829713994,1775042566831023329,0.000000,1.309335,1.309335,200
1775042566830051989,1775042566831023329,1775042566831430880,0.971340,0.407551,1.378891,200
1775042566853747602,1775042566853747602,1775042566854519463,0.000000,0.771861,0.771861,200
1775042566861477882,1775042566861477882,1775042566862759572,0.000000,1.281690,1.281690,200
1775042566861562328,1775042566862759572,1775042566863214403,1.197244,0.454831,1.652075,200
1775042566871039937,1775042566871039937,1775042566872544246,0.000000,1.504309,1.504309,200
1775042566871124363,1775042566872544246,1775042566874518220,1.419883,1.973974,3.393857,200
1775042566871265611,1775042566874518220,1775042566875279778,3.252609,0.761558,4.014167,200
1775042566874363510,1775042566875279778,1775042566875984907,0.916268,0.705129,1.621397,200
1775042566885993507,1775042566885993507,1775042566886656252,0.000000,0.662745,0.662745,200
1775042566913259842,1775042566913259842,1775042566913872226,0.000000,0.612384,0.612384,200
1775042566921173897,1775042566921173897,1775042566921631415,0.000000,0.457518,0.457518,200
1775042566923494897,1775042566923494897,1775042566924245898,0.000000,0.751001,0.751001,200
1775042566943730793,1775042566943730793,1775042566944141631,0.000000,0.410838,0.410838,200
1775042566946267670,1775042566946267670,1775042566947068604,0.000000,0.800934,0.800934,200
1775042566947585694,1775042566947585694,1775042566951515906,0.000000,3.930212,3.930212,200
1775042566969000996,1775042566969000996,1775042566971878421,0.000000,2.877425,2.877425,200
1775042566976291269,1775042566976291269,1775042566977012095,0.000000,0.720826,0.720826,200
1775042566996992028,1775042566996992028,1775042566997607718,0.000000,0.615690,0.615690,200
1775042567012438221,1775042567012438221,1775042567013299765,0.000000,0.861544,0.861544,200
1775042567013874990,1775042567013874990,1775042567014556434,0.000000,0.681444,0.681444,200
1775042567015512364,1775042567015512364,1775042567016274635,0.000000,0.762271,0.762271,200
1775042567015564797,1775042567016274635,1775042567017130652,0.709838,0.856017,1.565855,200
1775042567036768240,1775042567036768240,1775042567037534657,0.000000,0.766417,0.766417,200
1775042567040031251,1775042567040031251,1775042567040733281,0.000000,0.702030,0.702030,200
1775042567045192393,1775042567045192393,1775042567046060811,0.000000,0.868418,0.868418,200
1775042567050335872,1775042567050335872,1775042567051388148,0.000000,1.052276,1.052276,200
1775042567055264842,1775042567055264842,1775042567056010867,0.000000,0.746025,0.746025,200
1775042567056930020,1775042567056930020,1775042567057697156,0.000000,0.767136,0.767136,200
1775042567056964868,1775042567057697156,1775042567058341903,0.732288,0.644747,1.377035,200
1775042567059632119,1775042567059632119,1775042567060293728,0.000000,0.661609,0.661609,200
1775042567078169939,1775042567078169939,1775042567078820417,0.000000,0.650478,0.650478,200
1775042567103352406,1775042567103352406,1775042567103814191,0.000000,0.461785,0.461785,200
1775042567103440469,1775042567103814191,1775042567104540619,0.373722,0.726428,1.100150,200
1775042567106087450,1775042567106087450,1775042567106700975,0.000000,0.613525,0.613525,200
1775042567108661207,1775042567108661207,1775042567110680592,0.000000,2.019385,2.019385,200
1775042567118618309,1775042567118618309,1775042567119097481,0.000000,0.479172,0.479172,200
1775042567121918328,1775042567121918328,1775042567122688172,0.000000,0.769844,0.769844,200
1775042567121999298,1775042567122688172,1775042567123800198,0.688874,1.112026,1.800900,200
1775042567139206279,1775042567139206279,1775042567140132560,0.000000,0.926281,0.926281,200
1775042567140085019,1775042567140132560,1775042567141093444,0.047541,0.960884,1.008425,200
1775042567183970752,1775042567183970752,1775042567184419635,0.000000,0.448883,0.448883,200
1775042567184032875,1775042567184419635,1775042567184910300,0.386760,0.490665,0.877425,200
1775042567184842308,1775042567184910300,1775042567185548645,0.067992,0.638345,0.706337,200
1775042567190249522,1775042567190249522,1775042567190800796,0.000000,0.551274,0.551274,200
1775042567192075023,1775042567192075023,1775042567192721184,0.000000,0.646161,0.646161,200
1775042567197514185,1775042567197514185,1775042567199793337,0.000000,2.279152,2.279152,200
1775042567197564985,1775042567199793337,1775042567208253680,2.228352,8.460343,10.688695,200
1775042567197588522,1775042567208253680,1775042567208768051,10.665158,0.514371,11.179529,200
1775042567220843435,1775042567220843435,1775042567221360611,0.000000,0.517176,0.517176,200
1775042567220907861,1775042567221360611,1775042567224130319,0.452750,2.769708,3.222458,200
1775042567228937470,1775042567228937470,1775042567229801322,0.000000,0.863852,0.863852,200
1775042567261086718,1775042567261086718,1775042567262000174,0.000000,0.913456,0.913456,200
1775042567263558294,1775042567263558294,1775042567264870063,0.000000,1.311769,1.311769,200
1775042567264223594,1775042567264870063,1775042567265519892,0.646469,0.649829,1.296298,200
1775042567285256436,1775042567285256436,1775042567286036116,0.000000,0.779680,0.779680,200
1775042567287759223,1775042567287759223,1775042567288580865,0.000000,0.821642,0.821642,200
1775042567289481333,1775042567289481333,1775042567289942890,0.000000,0.461557,0.461557,200
1775042567292820944,1775042567292820944,1775042567294304650,0.000000,1.483706,1.483706,200
1775042567296968279,1775042567296968279,1775042567297661391,0.000000,0.693112,0.693112,200
1775042567297039239,1775042567297661391,1775042567298246263,0.622152,0.584872,1.207024,200
1775042567326206395,1775042567326206395,1775042567327013933,0.000000,0.807538,0.807538,200
1775042567329985111,1775042567329985111,1775042567330670769,0.000000,0.685658,0.685658,200
1775042567330037474,1775042567330670769,1775042567331853835,0.633295,1.183066,1.816361,200
1775042567343881252,1775042567343881252,1775042567344569507,0.000000,0.688255,0.688255,200
1775042567347046991,1775042567347046991,1775042567348035169,0.000000,0.988178,0.988178,200
1775042567347319622,1775042567348035169,1775042567348687195,0.715547,0.652026,1.367573,200
1775042567347390251,1775042567348687195,1775042567349626161,1.296944,0.938966,2.235910,200
1775042567371281594,1775042567371281594,1775042567372266710,0.000000,0.985116,0.985116,200
1775042567372542296,1775042567372542296,1775042567373565708,0.000000,1.023412,1.023412,200
1775042567378089287,1775042567378089287,1775042567378621714,0.000000,0.532427,0.532427,200
1775042567390318873,1775042567390318873,1775042567390980482,0.000000,0.661609,0.661609,200
1775042567395092579,1775042567395092579,1775042567395821072,0.000000,0.728493,0.728493,200
1775042567411673385,1775042567411673385,1775042567412338874,0.000000,0.665489,0.665489,200
1775042567433095019,1775042567433095019,1775042567433533010,0.000000,0.437991,0.437991,200
1775042567433160238,1775042567433533010,1775042567434194295,0.372772,0.661285,1.034057,200
1775042567448618642,1775042567448618642,1775042567449273259,0.000000,0.654617,0.654617,200
1775042567448901449,1775042567449273259,1775042567450040868,0.371810,0.767609,1.139419,200
1775042567455335976,1775042567455335976,1775042567455976475,0.000000,0.640499,0.640499,200
1775042567459067192,1775042567459067192,1775042567459793620,0.000000,0.726428,0.726428,200
1775042567459135646,1775042567459793620,1775042567461103877,0.657974,1.310257,1.968231,200
1775042567462680291,1775042567462680291,1775042567463438525,0.000000,0.758234,0.758234,200
1775042567462900229,1775042567463438525,1775042567464381513,0.538296,0.942988,1.481284,200
1775042567485543406,1775042567485543406,1775042567486219307,0.000000,0.675901,0.675901,200
1775042567485666468,1775042567486219307,1775042567486749778,0.552839,0.530471,1.083310,200
1775042567488791286,1775042567488791286,1775042567490509792,0.000000,1.718506,1.718506,200
1775042567492514746,1775042567492514746,1775042567502315791,0.000000,9.801045,9.801045,200
1775042567492578302,1775042567502315791,1775042567502963132,9.737489,0.647341,10.384830,200
1775042567506094366,1775042567506094366,1775042567506756112,0.000000,0.661746,0.661746,200
1775042567506156248,1775042567506756112,1775042567507605312,0.599864,0.849200,1.449064,200
1775042567510999162,1775042567510999162,1775042567511390320,0.000000,0.391158,0.391158,200
1775042567511068860,1775042567511390320,1775042567512097109,0.321460,0.706789,1.028249,200
1775042567511827874,1775042567512097109,1775042567512721899,0.269235,0.624790,0.894025,200
1775042567528702651,1775042567528702651,1775042567529406907,0.000000,0.704256,0.704256,200
1775042567547010674,1775042567547010674,1775042567547714699,0.000000,0.704025,0.704025,200
1775042567551859225,1775042567551859225,1775042567552702142,0.000000,0.842917,0.842917,200
1775042567570375398,1775042567570375398,1775042567570796266,0.000000,0.420868,0.420868,200
1775042567571185762,1775042567571185762,1775042567572263546,0.000000,1.077784,1.077784,200
1775042567572273350,1775042567572273350,1775042567573075577,0.000000,0.802227,0.802227,200
1775042567584221071,1775042567584221071,1775042567586572202,0.000000,2.351131,2.351131,200
1775042567598247119,1775042567598247119,1775042567598996753,0.000000,0.749634,0.749634,200
1775042567604825700,1775042567604825700,1775042567605481218,0.000000,0.655518,0.655518,200
1775042567605051655,1775042567605481218,1775042567606528398,0.429563,1.047180,1.476743,200
1775042567606903631,1775042567606903631,1775042567607430176,0.000000,0.526545,0.526545,200
1775042567618997396,1775042567618997396,1775042567619600860,0.000000,0.603464,0.603464,200
1775042567619318969,1775042567619600860,1775042567620352759,0.281891,0.751899,1.033790,200
1775042567621993629,1775042567621993629,1775042567622628126,0.000000,0.634497,0.634497,200
1775042567632157469,1775042567632157469,1775042567632849590,0.000000,0.692121,0.692121,200
1775042567632198740,1775042567632849590,1775042567633689171,0.650850,0.839581,1.490431,200
1775042567634498458,1775042567634498458,1775042567645831832,0.000000,11.333374,11.333374,200
1775042567636203735,1775042567645831832,1775042567646498362,9.628097,0.666530,10.294627,200
1775042567644222289,1775042567646498362,1775042567647190904,2.276073,0.692542,2.968615,200
1775042567648456866,1775042567648456866,1775042567649066224,0.000000,0.609358,0.609358,200
1775042567678769112,1775042567678769112,1775042567680089944,0.000000,1.320832,1.320832,200
1775042567678836595,1775042567680089944,1775042567680807094,1.253349,0.717150,1.970499,200
1775042567680988024,1775042567680988024,1775042567681751960,0.000000,0.763936,0.763936,200
1775042567701904382,1775042567701904382,1775042567702917019,0.000000,1.012637,1.012637,200
1775042567705069293,1775042567705069293,1775042567706247142,0.000000,1.177849,1.177849,200
1775042567705126666,1775042567706247142,1775042567707724538,1.120476,1.477396,2.597872,200
1775042567709514131,1775042567709514131,1775042567712617394,0.000000,3.103263,3.103263,200
1775042567718085057,1775042567718085057,1775042567719462817,0.000000,1.377760,1.377760,200
1775042567722070693,1775042567722070693,1775042567722616537,0.000000,0.545844,0.545844,200
1775042567746225828,1775042567746225828,1775042567746725120,0.000000,0.499292,0.499292,200
1775042567757913259,1775042567757913259,1775042567759509738,0.000000,1.596479,1.596479,200
1775042567758026091,1775042567759509738,1775042567760739248,1.483647,1.229510,2.713157,200
1775042567809259370,1775042567809259370,1775042567810186436,0.000000,0.927066,0.927066,200
1775042567809355880,1775042567810186436,1775042567810847717,0.830556,0.661281,1.491837,200
1775042567825001967,1775042567825001967,1775042567825562597,0.000000,0.560630,0.560630,200
1775042567825154808,1775042567825562597,1775042567826381507,0.407789,0.818910,1.226699,200
1775042567828535734,1775042567828535734,1775042567829474700,0.000000,0.938966,0.938966,200
1775042567856048118,1775042567856048118,1775042567857217802,0.000000,1.169684,1.169684,200
1775042567856407854,1775042567857217802,1775042567857876697,0.809948,0.658895,1.468843,200
1775042567856487441,1775042567857876697,1775042567858737930,1.389256,0.861233,2.250489,200
1775042567859350891,1775042567859350891,1775042567860367572,0.000000,1.016681,1.016681,200
1775042567861231093,1775042567861231093,1775042567862515820,0.000000,1.284727,1.284727,200
1775042567891581951,1775042567891581951,1775042567892178011,0.000000,0.596060,0.596060,200
1775042567892065152,1775042567892178011,1775042567893077015,0.112859,0.899004,1.011863,200
1775042567892135160,1775042567893077015,1775042567893985167,0.941855,0.908152,1.850007,200
1775042567983004271,1775042567983004271,1775042567984080079,0.000000,1.075808,1.075808,200
1775042567983078406,1775042567984080079,1775042567984858439,1.001673,0.778360,1.780033,200
1775042568012082103,1775042568012082103,1775042568012793649,0.000000,0.711546,0.711546,200
1775042568013658787,1775042568013658787,1775042568014061941,0.000000,0.403154,0.403154,200
1775042568042710913,1775042568042710913,1775042568043116649,0.000000,0.405736,0.405736,200
1775042568044943793,1775042568044943793,1775042568045709476,0.000000,0.765683,0.765683,200
1775042568054582388,1775042568054582388,1775042568055388338,0.000000,0.805950,0.805950,200
1775042568054864824,1775042568055388338,1775042568056306286,0.523514,0.917948,1.441462,200
1775042568060941447,1775042568060941447,1775042568061566345,0.000000,0.624898,0.624898,200
1775042568092559495,1775042568092559495,1775042568093286437,0.000000,0.726942,0.726942,200
1775042568092634282,1775042568093286437,1775042568093996405,0.652155,0.709968,1.362123,200
1775042568101831655,1775042568101831655,1775042568102458328,0.000000,0.626673,0.626673,200
1775042568103724311,1775042568103724311,1775042568104377889,0.000000,0.653578,0.653578,200
1775042568140865903,1775042568140865903,1775042568141574586,0.000000,0.708683,0.708683,200
1775042568142638136,1775042568142638136,1775042568143719124,0.000000,1.080988,1.080988,200
1775042568142768573,1775042568143719124,1775042568144493197,0.950551,0.774073,1.724624,200
1775042568168219186,1775042568168219186,1775042568168853715,0.000000,0.634529,0.634529,200
1775042568169559304,1775042568169559304,1775042568170429355,0.000000,0.870051,0.870051,200
1775042568169815508,1775042568170429355,1775042568172640702,0.613847,2.211347,2.825194,200
1775042568173485362,1775042568173485362,1775042568174125230,0.000000,0.639868,0.639868,200
1775042568175923381,1775042568175923381,1775042568177492196,0.000000,1.568815,1.568815,200
1775042568184904735,1775042568184904735,1775042568185421994,0.000000,0.517259,0.517259,200
1775042568187558939,1775042568187558939,1775042568188463789,0.000000,0.904850,0.904850,200
1775042568191715221,1775042568191715221,1775042568192525008,0.000000,0.809787,0.809787,200
1775042568196927337,1775042568196927337,1775042568197420386,0.000000,0.493049,0.493049,200
1775042568204080760,1775042568204080760,1775042568204630092,0.000000,0.549332,0.549332,200
1775042568205357433,1775042568205357433,1775042568206206292,0.000000,0.848859,0.848859,200
1775042568212104993,1775042568212104993,1775042568212785852,0.000000,0.680859,0.680859,200
1775042568227854872,1775042568227854872,1775042568228375997,0.000000,0.521125,0.521125,200
1775042568229505993,1775042568229505993,1775042568230066624,0.000000,0.560631,0.560631,200
1775042568229558256,1775042568230066624,1775042568230477791,0.508368,0.411167,0.919535,200
1775042568229620618,1775042568230477791,1775042568232057485,0.857173,1.579694,2.436867,200
1775042568234304092,1775042568234304092,1775042568234895535,0.000000,0.591443,0.591443,200
1775042568235509285,1775042568235509285,1775042568236761825,0.000000,1.252540,1.252540,200
1775042568238208117,1775042568238208117,1775042568238891741,0.000000,0.683624,0.683624,200
1775042568259658424,1775042568259658424,1775042568260128096,0.000000,0.469672,0.469672,200
1775042568263694199,1775042568263694199,1775042568264785932,0.000000,1.091733,1.091733,200
1775042568309173208,1775042568309173208,1775042568309744890,0.000000,0.571682,0.571682,200
1775042568309305127,1775042568309744890,1775042568310309612,0.439763,0.564722,1.004485,200
1775042568310314895,1775042568310314895,1775042568311146452,0.000000,0.831557,0.831557,200
1775042568312217287,1775042568312217287,1775042568312757538,0.000000,0.540251,0.540251,200
1775042568315122797,1775042568315122797,1775042568315603184,0.000000,0.480387,0.480387,200
1775042568315445367,1775042568315603184,1775042568316290155,0.157817,0.686971,0.844788,200
1775042568320686494,1775042568320686494,1775042568321384540,0.000000,0.698046,0.698046,200
1775042568342115582,1775042568342115582,1775042568342995207,0.000000,0.879625,0.879625,200
1775042568344786300,1775042568344786300,1775042568345307927,0.000000,0.521627,0.521627,200
1775042568345825466,1775042568345825466,1775042568347440726,0.000000,1.615260,1.615260,200
1775042568347289986,1775042568347440726,1775042568347920182,0.150740,0.479456,0.630196,200
1775042568350248141,1775042568350248141,1775042568351342824,0.000000,1.094683,1.094683,200
1775042568353254187,1775042568353254187,1775042568353838604,0.000000,0.584417,0.584417,200
1775042568353382480,1775042568353838604,1775042568354305883,0.456124,0.467279,0.923403,200
1775042568371047903,1775042568371047903,1775042568371925449,0.000000,0.877546,0.877546,200
1775042568372758129,1775042568372758129,1775042568373268754,0.000000,0.510625,0.510625,200
1775042568377983647,1775042568377983647,1775042568380152993,0.000000,2.169346,2.169346,200
1775042568381258023,1775042568381258023,1775042568383012855,0.000000,1.754832,1.754832,200
1775042568381309374,1775042568383012855,1775042568383851226,1.703481,0.838371,2.541852,200
1775042568400990691,1775042568400990691,1775042568401763842,0.000000,0.773151,0.773151,200
1775042568429491999,1775042568429491999,1775042568432320922,0.000000,2.828923,2.828923,200
1775042568433652180,1775042568433652180,1775042568434205786,0.000000,0.553606,0.553606,200
1775042568439134556,1775042568439134556,1775042568439762831,0.000000,0.628275,0.628275,200
1775042568443613029,1775042568443613029,1775042568444075588,0.000000,0.462559,0.462559,200
1775042568449471417,1775042568449471417,1775042568449979556,0.000000,0.508139,0.508139,200
1775042568452174324,1775042568452174324,1775042568452831778,0.000000,0.657454,0.657454,200
1775042568455528588,1775042568455528588,1775042568456215219,0.000000,0.686631,0.686631,200
1775042568463746821,1775042568463746821,1775042568465170691,0.000000,1.423870,1.423870,200
1775042568464011543,1775042568465170691,1775042568465851900,1.159148,0.681209,1.840357,200
1775042568464318707,1775042568465851900,1775042568466293197,1.533193,0.441297,1.974490,200
1775042568474179570,1775042568474179570,1775042568474906790,0.000000,0.727220,0.727220,200
1775042568479286665,1775042568479286665,1775042568480050576,0.000000,0.763911,0.763911,200
1775042568481032853,1775042568481032853,1775042568481970148,0.000000,0.937295,0.937295,200
1775042568503052003,1775042568503052003,1775042568503773179,0.000000,0.721176,0.721176,200
1775042568505592173,1775042568505592173,1775042568506364732,0.000000,0.772559,0.772559,200
1775042568505675688,1775042568506364732,1775042568506802723,0.689044,0.437991,1.127035,200
1775042568511913899,1775042568511913899,1775042568512736346,0.000000,0.822447,0.822447,200
1775042568537273152,1775042568537273152,1775042568538165844,0.000000,0.892692,0.892692,200
1775042568537341677,1775042568538165844,1775042568538944806,0.824167,0.778962,1.603129,200
1775042568546555909,1775042568546555909,1775042568547562532,0.000000,1.006623,1.006623,200
1775042568546978341,1775042568547562532,1775042568548422278,0.584191,0.859746,1.443937,200
1775042568597226934,1775042568597226934,1775042568598898805,0.000000,1.671871,1.671871,200
1775042568603231258,1775042568603231258,1775042568604013347,0.000000,0.782089,0.782089,200
1775042568605573018,1775042568605573018,1775042568606169952,0.000000,0.596934,0.596934,200
1775042568605953016,1775042568606169952,1775042568607439026,0.216936,1.269074,1.486010,200
1775042568606010940,1775042568607439026,1775042568607914588,1.428086,0.475562,1.903648,200
1775042568606047882,1775042568607914588,1775042568608424040,1.866706,0.509452,2.376158,200
1775042568692225942,1775042568692225942,1775042568703075679,0.000000,10.849737,10.849737,200
1775042568694482216,1775042568703075679,1775042568703564829,8.593463,0.489150,9.082613,200
1775042568696583102,1775042568703564829,1775042568704317399,6.981727,0.752570,7.734297,200
1775042568700034136,1775042568704317399,1775042568704934152,4.283263,0.616753,4.900016,200
1775042568704995805,1775042568704995805,1775042568711289461,0.000000,6.293656,6.293656,200
1775042568706554122,1775042568711289461,1775042568712173861,4.735339,0.884400,5.619739,200
1775042568708540843,1775042568712173861,1775042568712777678,3.633018,0.603817,4.236835,200
1775042568708777368,1775042568712777678,1775042568713436561,4.000310,0.658883,4.659193,200
1775042568709041589,1775042568713436561,1775042568714096989,4.394972,0.660428,5.055400,200
1775042568733032819,1775042568733032819,1775042568733591947,0.000000,0.559128,0.559128,200
1775042568733516572,1775042568733591947,1775042568734574405,0.075375,0.982458,1.057833,200
1775042568744090651,1775042568744090651,1775042568744870244,0.000000,0.779593,0.779593,200
1775042568746825996,1775042568746825996,1775042568747347141,0.000000,0.521145,0.521145,200
1775042568748300178,1775042568748300178,1775042568748755088,0.000000,0.454910,0.454910,200
1775042568749246992,1775042568749246992,1775042568749730643,0.000000,0.483651,0.483651,200
1775042568760210036,1775042568760210036,1775042568760942305,0.000000,0.732269,0.732269,200
1775042568761816288,1775042568761816288,1775042568762529740,0.000000,0.713452,0.713452,200
1775042568762704797,1775042568762704797,1775042568763239328,0.000000,0.534531,0.534531,200
1775042568770878879,1775042568770878879,1775042568771813285,0.000000,0.934406,0.934406,200
1775042568772766626,1775042568772766626,1775042568773250147,0.000000,0.483521,0.483521,200
1775042568772835041,1775042568773250147,1775042568773780540,0.415106,0.530393,0.945499,200
1775042568786895751,1775042568786895751,1775042568788583684,0.000000,1.687933,1.687933,200
1775042568789485167,1775042568789485167,1775042568790078041,0.000000,0.592874,0.592874,200
1775042568798973982,1775042568798973982,1775042568799659414,0.000000,0.685432,0.685432,200
1775042568836775238,1775042568836775238,1775042568841294551,0.000000,4.519313,4.519313,200
1775042568837791850,1775042568841294551,1775042568842021047,3.502701,0.726496,4.229197,200
1775042568845575147,1775042568845575147,1775042568846556450,0.000000,0.981303,0.981303,200
1775042568853207328,1775042568853207328,1775042568854137209,0.000000,0.929881,0.929881,200
1775042568857586941,1775042568857586941,1775042568858249985,0.000000,0.663044,0.663044,200
1775042568857691877,1775042568858249985,1775042568859000431,0.558108,0.750446,1.308554,200
1775042568857747587,1775042568859000431,1775042568859648928,1.252844,0.648497,1.901341,200
1775042568857843716,1775042568859648928,1775042568860461346,1.805212,0.812418,2.617630,200
1775042568860402904,1775042568860461346,1775042568861849909,0.058442,1.388563,1.447005,200
1775042568908583750,1775042568908583750,1775042568909351720,0.000000,0.767970,0.767970,200
1775042568910345759,1775042568910345759,1775042568912510449,0.000000,2.164690,2.164690,200
1775042568914971527,1775042568914971527,1775042568915573180,0.000000,0.601653,0.601653,200
1775042568915795601,1775042568915795601,1775042568917174662,0.000000,1.379061,1.379061,200
1775042568916209877,1775042568917174662,1775042568917725784,0.964785,0.551122,1.515907,200
1775042568917645259,1775042568917725784,1775042568919910304,0.080525,2.184520,2.265045,200
1775042568920963085,1775042568920963085,1775042568921825029,0.000000,0.861944,0.861944,200
1775042568927609496,1775042568927609496,1775042568928586882,0.000000,0.977386,0.977386,200
1775042568959610116,1775042568959610116,1775042568960414759,0.000000,0.804643,0.804643,200
1775042568982268306,1775042568982268306,1775042568982875951,0.000000,0.607645,0.607645,200
1775042568984157365,1775042568984157365,1775042568984951867,0.000000,0.794502,0.794502,200
1775042568985866610,1775042568985866610,1775042568987199180,0.000000,1.332570,1.332570,200
1775042568985915306,1775042568987199180,1775042568987826074,1.283874,0.626894,1.910768,200
1775042569001574815,1775042569001574815,1775042569002812802,0.000000,1.237987,1.237987,200
1775042569032559929,1775042569032559929,1775042569033309041,0.000000,0.749112,0.749112,200
1775042569034601338,1775042569034601338,1775042569035073585,0.000000,0.472247,0.472247,200
1775042569037325988,1775042569037325988,1775042569037724437,0.000000,0.398449,0.398449,200
1775042569041312737,1775042569041312737,1775042569042120878,0.000000,0.808141,0.808141,200
1775042569067854532,1775042569067854532,1775042569068323977,0.000000,0.469445,0.469445,200
1775042569069538908,1775042569069538908,1775042569070340317,0.000000,0.801409,0.801409,200
1775042569071824919,1775042569071824919,1775042569072594387,0.000000,0.769468,0.769468,200
1775042569072380070,1775042569072594387,1775042569073234907,0.214317,0.640520,0.854837,200
1775042569079188467,1775042569079188467,1775042569079670886,0.000000,0.482419,0.482419,200
1775042569085785092,1775042569085785092,1775042569089905798,0.000000,4.120706,4.120706,200
1775042569086816986,1775042569089905798,1775042569092173760,3.088812,2.267962,5.356774,200
1775042569086899077,1775042569092173760,1775042569093678780,5.274683,1.505020,6.779703,200
1775042569086996880,1775042569093678780,1775042569094354689,6.681900,0.675909,7.357809,200
1775042569101756175,1775042569101756175,1775042569102573011,0.000000,0.816836,0.816836,200
1775042569114725366,1775042569114725366,1775042569115348540,0.000000,0.623174,0.623174,200
1775042569116098279,1775042569116098279,1775042569117010994,0.000000,0.912715,0.912715,200
1775042569117375774,1775042569117375774,1775042569118193832,0.000000,0.818058,0.818058,200
1775042569118930955,1775042569118930955,1775042569119600301,0.000000,0.669346,0.669346,200
1775042569118971094,1775042569119600301,1775042569121846350,0.629207,2.246049,2.875256,200
1775042569120057133,1775042569121846350,1775042569122545128,1.789217,0.698778,2.487995,200
1775042569156636972,1775042569156636972,1775042569157369217,0.000000,0.732245,0.732245,200
1775042569158221912,1775042569158221912,1775042569158975899,0.000000,0.753987,0.753987,200
1775042569162842566,1775042569162842566,1775042569164398817,0.000000,1.556251,1.556251,200
1775042569187408113,1775042569187408113,1775042569188094781,0.000000,0.686668,0.686668,200
1775042569191274430,1775042569191274430,1775042569191925525,0.000000,0.651095,0.651095,200
1775042569192122039,1775042569192122039,1775042569193631998,0.000000,1.509959,1.509959,200
1775042569221399588,1775042569221399588,1775042569221959181,0.000000,0.559593,0.559593,200
1775042569224386409,1775042569224386409,1775042569225060865,0.000000,0.674456,0.674456,200
1775042569229384318,1775042569229384318,1775042569230640972,0.000000,1.256654,1.256654,200
1775042569233079314,1775042569233079314,1775042569233859438,0.000000,0.780124,0.780124,200
1775042569233446515,1775042569233859438,1775042569234473730,0.412923,0.614292,1.027215,200
1775042569254877479,1775042569254877479,1775042569255336643,0.000000,0.459164,0.459164,200
1775042569261487044,1775042569261487044,1775042569262196780,0.000000,0.709736,0.709736,200
1775042569269104887,1775042569269104887,1775042569272804995,0.000000,3.700108,3.700108,200
1775042569270284028,1775042569272804995,1775042569273273196,2.520967,0.468201,2.989168,200
1775042569274262120,1775042569274262120,1775042569274999480,0.000000,0.737360,0.737360,200
1775042569274372057,1775042569274999480,1775042569275824686,0.627423,0.825206,1.452629,200
1775042569274485650,1775042569275824686,1775042569276639816,1.339036,0.815130,2.154166,200
1775042569274524767,1775042569276639816,1775042569277256242,2.115049,0.616426,2.731475,200
1775042569274992498,1775042569277256242,1775042569278812333,2.263744,1.556091,3.819835,200
1775042569276866017,1775042569278812333,1775042569279534002,1.946316,0.721669,2.667985,200
1775042569291186030,1775042569291186030,1775042569293004464,0.000000,1.818434,1.818434,200
1775042569312351217,1775042569312351217,1775042569313097242,0.000000,0.746025,0.746025,200
1775042569312475392,1775042569313097242,1775042569313660403,0.621850,0.563161,1.185011,200
1775042569313925547,1775042569313925547,1775042569314925677,0.000000,1.000130,1.000130,200
1775042569317457911,1775042569317457911,1775042569317933257,0.000000,0.475346,0.475346,200
1775042569323994149,1775042569323994149,1775042569324675186,0.000000,0.681037,0.681037,200
1775042569330915860,1775042569330915860,1775042569331387340,0.000000,0.471480,0.471480,200
1775042569336432531,1775042569336432531,1775042569337172958,0.000000,0.740427,0.740427,200
1775042569337411548,1775042569337411548,1775042569338178877,0.000000,0.767329,0.767329,200
1775042569337508990,1775042569338178877,1775042569338937536,0.669887,0.758659,1.428546,200
1775042569338721297,1775042569338937536,1775042569339663964,0.216239,0.726428,0.942667,200
1775042569339683481,1775042569339683481,1775042569340337385,0.000000,0.653904,0.653904,200
1775042569421844244,1775042569421844244,1775042569426655558,0.000000,4.811314,4.811314,200
1775042569422566365,1775042569426655558,1775042569430808780,4.089193,4.153222,8.242415,200
1775042569424650436,1775042569430808780,1775042569431578834,6.158344,0.770054,6.928398,200
1775042569428898728,1775042569431578834,1775042569432607146,2.680106,1.028312,3.708418,200
1775042569431665104,1775042569432607146,1775042569434178213,0.942042,1.571067,2.513109,200
1775042569431732036,1775042569434178213,1775042569434910402,2.446177,0.732189,3.178366,200
1775042569437117863,1775042569437117863,1775042569437866604,0.000000,0.748741,0.748741,200
1775042569437441400,1775042569437866604,1775042569438497155,0.425204,0.630551,1.055755,200
1775042569498299041,1775042569498299041,1775042569498873873,0.000000,0.574832,0.574832,200
1775042569505251716,1775042569505251716,1775042569505848483,0.000000,0.596767,0.596767,200
1775042569507118451,1775042569507118451,1775042569509058873,0.000000,1.940422,1.940422,200
1775042569511267981,1775042569511267981,1775042569511667629,0.000000,0.399648,0.399648,200
1775042569513584531,1775042569513584531,1775042569514354565,0.000000,0.770034,0.770034,200
1775042569529520959,1775042569529520959,1775042569531349562,0.000000,1.828603,1.828603,200
1775042569529614794,1775042569531349562,1775042569531867875,1.734768,0.518313,2.253081,200
1775042569533317635,1775042569533317635,1775042569542709502,0.000000,9.391867,9.391867,200
1775042569537352496,1775042569542709502,1775042569543514325,5.357006,0.804823,6.161829,200
1775042569538633946,1775042569543514325,1775042569544150246,4.880379,0.635921,5.516300,200
1775042569538700457,1775042569544150246,1775042569545198982,5.449789,1.048736,6.498525,200
1775042569554977014,1775042569554977014,1775042569555622868,0.000000,0.645854,0.645854,200
1775042569555049116,1775042569555622868,1775042569556139905,0.573752,0.517037,1.090789,200
1775042569555086960,1775042569556139905,1775042569558632645,1.052945,2.492740,3.545685,200
1775042569565235317,1775042569565235317,1775042569566060919,0.000000,0.825602,0.825602,200
1775042569572630070,1775042569572630070,1775042569577206372,0.000000,4.576302,4.576302,200
1775042569605203774,1775042569605203774,1775042569605951519,0.000000,0.747745,0.747745,200
1775042569605935164,1775042569605951519,1775042569606721525,0.016355,0.770006,0.786361,200
1775042569640913401,1775042569640913401,1775042569641699267,0.000000,0.785866,0.785866,200
1775042569641792097,1775042569641792097,1775042569642487074,0.000000,0.694977,0.694977,200
1775042569650599035,1775042569650599035,1775042569651336677,0.000000,0.737642,0.737642,200
1775042569650711697,1775042569651336677,1775042569652055344,0.624980,0.718667,1.343647,200
1775042569651933723,1775042569652055344,1775042569653376477,0.121621,1.321133,1.442754,200
1775042569655001067,1775042569655001067,1775042569655748945,0.000000,0.747878,0.747878,200
1775042569656603721,1775042569656603721,1775042569657138533,0.000000,0.534812,0.534812,200
1775042569656663759,1775042569657138533,1775042569658846309,0.474774,1.707776,2.182550,200
1775042569688352705,1775042569688352705,1775042569688962975,0.000000,0.610270,0.610270,200
1775042569690054777,1775042569690054777,1775042569691846193,0.000000,1.791416,1.791416,200
1775042569690102350,1775042569691846193,1775042569692311307,1.743843,0.465114,2.208957,200
1775042569693931017,1775042569693931017,1775042569694513562,0.000000,0.582545,0.582545,200
1775042569701223584,1775042569701223584,1775042569701731183,0.000000,0.507599,0.507599,200
1775042569701295827,1775042569701731183,1775042569702591735,0.435356,0.860552,1.295908,200
1775042569706487197,1775042569706487197,1775042569706919507,0.000000,0.432310,0.432310,200
1775042569734012996,1775042569734012996,1775042569735089103,0.000000,1.076107,1.076107,200
1775042569737555298,1775042569737555298,1775042569738258132,0.000000,0.702834,0.702834,200
1775042569742088895,1775042569742088895,1775042569742854578,0.000000,0.765683,0.765683,200
1775042569745448762,1775042569745448762,1775042569746963670,0.000000,1.514908,1.514908,200
1775042569753598166,1775042569753598166,1775042569754506302,0.000000,0.908136,0.908136,200
1775042569755453178,1775042569755453178,1775042569756236002,0.000000,0.782824,0.782824,200
1775042569758018609,1775042569758018609,1775042569758629981,0.000000,0.611372,0.611372,200
1775042569769886673,1775042569769886673,1775042569770555991,0.000000,0.669318,0.669318,200
1775042569780139915,1775042569780139915,1775042569780793131,0.000000,0.653216,0.653216,200
1775042569782939782,1775042569782939782,1775042569783394613,0.000000,0.454831,0.454831,200
1775042569783965360,1775042569783965360,1775042569784918060,0.000000,0.952700,0.952700,200
1775042569794480257,1775042569794480257,1775042569794991415,0.000000,0.511158,0.511158,200
1775042569795928112,1775042569795928112,1775042569796867117,0.000000,0.939005,0.939005,200
1775042569800010836,1775042569800010836,1775042569800785452,0.000000,0.774616,0.774616,200
1775042569804653566,1775042569804653566,1775042569805162958,0.000000,0.509392,0.509392,200
1775042569805558277,1775042569805558277,1775042569806302027,0.000000,0.743750,0.743750,200
1775042569805650649,1775042569806302027,1775042569806887446,0.651378,0.585419,1.236797,200
1775042569824125463,1775042569824125463,1775042569824892264,0.000000,0.766801,0.766801,200
1775042569827751591,1775042569827751591,1775042569838375717,0.000000,10.624126,10.624126,200
1775042569830051978,1775042569838375717,1775042569839021878,8.323739,0.646161,8.969900,200
1775042569833831904,1775042569839021878,1775042569839726585,5.189974,0.704707,5.894681,200
1775042569841867855,1775042569841867855,1775042569842461562,0.000000,0.593707,0.593707,200
1775042569842282181,1775042569842461562,1775042569845080350,0.179381,2.618788,2.798169,200
1775042569889972456,1775042569889972456,1775042569890861737,0.000000,0.889281,0.889281,200
1775042569891090787,1775042569891090787,1775042569897165088,0.000000,6.074301,6.074301,200
1775042569895936417,1775042569897165088,1775042569907180474,1.228671,10.015386,11.244057,200
1775042569900372775,1775042569907180474,1775042569908042880,6.807699,0.862406,7.670105,200
1775042569900435819,1775042569908042880,1775042569908549977,7.607061,0.507097,8.114158,200
1775042569903164621,1775042569908549977,1775042569909322263,5.385356,0.772286,6.157642,200
1775042569908272839,1775042569909322263,1775042569910358709,1.049424,1.036446,2.085870,200
1775042569908364880,1775042569910358709,1775042569911668584,1.993829,1.309875,3.303704,200
1775042569916928499,1775042569916928499,1775042569917678203,0.000000,0.749704,0.749704,200
1775042569916997064,1775042569917678203,1775042569918766902,0.681139,1.088699,1.769838,200
1775042569949842755,1775042569949842755,1775042569950342240,0.000000,0.499485,0.499485,200
1775042569949966719,1775042569950342240,1775042569951195798,0.375521,0.853558,1.229079,200
1775042569958655353,1775042569958655353,1775042569959493917,0.000000,0.838564,0.838564,200
1775042569981958272,1775042569981958272,1775042569982492122,0.000000,0.533850,0.533850,200
1775042569983729752,1775042569983729752,1775042569984302529,0.000000,0.572777,0.572777,200
1775042570046613503,1775042570046613503,1775042570047320824,0.000000,0.707321,0.707321,200
1775042570046772856,1775042570047320824,1775042570048749713,0.547968,1.428889,1.976857,200
1775042570049832871,1775042570049832871,1775042570050231320,0.000000,0.398449,0.398449,200
1775042570077135412,1775042570077135412,1775042570081350345,0.000000,4.214933,4.214933,200
1775042570077204869,1775042570081350345,1775042570081992602,4.145476,0.642257,4.787733,200
1775042570107696529,1775042570107696529,1775042570108293296,0.000000,0.596767,0.596767,200
1775042570111097620,1775042570111097620,1775042570111559979,0.000000,0.462359,0.462359,200
1775042570131424993,1775042570131424993,1775042570132613611,0.000000,1.188618,1.188618,200
1775042570135491776,1775042570135491776,1775042570139514427,0.000000,4.022651,4.022651,200
1775042570148250879,1775042570148250879,1775042570148884325,0.000000,0.633446,0.633446,200
1775042570151634140,1775042570151634140,1775042570152488617,0.000000,0.854477,0.854477,200
1775042570157364107,1775042570157364107,1775042570158127846,0.000000,0.763739,0.763739,200
1775042570158618580,1775042570158618580,1775042570159083270,0.000000,0.464690,0.464690,200
1775042570159033825,1775042570159083270,1775042570166488752,0.049445,7.405482,7.454927,200
1775042570159437298,1775042570166488752,1775042570167566414,7.051454,1.077662,8.129116,200
1775042570159511805,1775042570167566414,1775042570168245348,8.054609,0.678934,8.733543,200
1775042570159561793,1775042570168245348,1775042570168973239,8.683555,0.727891,9.411446,200
1775042570193978490,1775042570193978490,1775042570194621849,0.000000,0.643359,0.643359,200
1775042570200614486,1775042570200614486,1775042570201432384,0.000000,0.817898,0.817898,200
1775042570215798708,1775042570215798708,1775042570216495157,0.000000,0.696449,0.696449,200
1775042570281168043,1775042570281168043,1775042570281792941,0.000000,0.624898,0.624898,200
1775042570281231728,1775042570281792941,1775042570282214531,0.561213,0.421590,0.982803,200
1775042570307417060,1775042570307417060,1775042570307824583,0.000000,0.407523,0.407523,200
1775042570313861076,1775042570313861076,1775042570314701451,0.000000,0.840375,0.840375,200
1775042570313930272,1775042570314701451,1775042570315202854,0.771179,0.501403,1.272582,200
1775042570316422930,1775042570316422930,1775042570317386033,0.000000,0.963103,0.963103,200
1775042570318525078,1775042570318525078,1775042570319080571,0.000000,0.555493,0.555493,200
1775042570318584455,1775042570319080571,1775042570319789570,0.496116,0.708999,1.205115,200
1775042570340656725,1775042570340656725,1775042570341179052,0.000000,0.522327,0.522327,200
1775042570351125133,1775042570351125133,1775042570351809339,0.000000,0.684206,0.684206,200
1775042570351629594,1775042570351809339,1775042570352444627,0.179745,0.635288,0.815033,200
1775042570355010612,1775042570355010612,1775042570355662964,0.000000,0.652352,0.652352,200
1775042570359709081,1775042570359709081,1775042570360895203,0.000000,1.186122,1.186122,200
1775042570360234233,1775042570360895203,1775042570361339269,0.660970,0.444066,1.105036,200
1775042570361159332,1775042570361339269,1775042570362429886,0.179937,1.090617,1.270554,200
1775042570361237065,1775042570362429886,1775042570363188049,1.192821,0.758163,1.950984,200
1775042570361295230,1775042570363188049,1775042570364409771,1.892819,1.221722,3.114541,200
1775042570372206666,1775042570372206666,1775042570373005269,0.000000,0.798603,0.798603,200
1775042570372251975,1775042570373005269,1775042570373766537,0.753294,0.761268,1.514562,200
1775042570372280290,1775042570373766537,1775042570374548735,1.486247,0.782198,2.268445,200
1775042570400795694,1775042570400795694,1775042570401401043,0.000000,0.605349,0.605349,200
1775042570403794244,1775042570403794244,1775042570404694498,0.000000,0.900254,0.900254,200
1775042570407434341,1775042570407434341,1775042570408111175,0.000000,0.676834,0.676834,200
1775042570411393566,1775042570411393566,1775042570412132602,0.000000,0.739036,0.739036,200
1775042570428635775,1775042570428635775,1775042570429340971,0.000000,0.705196,0.705196,200
1775042570428710081,1775042570429340971,1775042570430017202,0.630890,0.676231,1.307121,200
1775042570430238336,1775042570430238336,1775042570430748961,0.000000,0.510625,0.510625,200
1775042570432810774,1775042570432810774,1775042570433730734,0.000000,0.919960,0.919960,200
1775042570432884649,1775042570433730734,1775042570439896417,0.846085,6.165683,7.011768,200
1775042570436816365,1775042570439896417,1775042570440540524,3.080052,0.644107,3.724159,200
1775042570437198292,1775042570440540524,1775042570441147668,3.342232,0.607144,3.949376,200
1775042570440230946,1775042570441147668,1775042570442890570,0.916722,1.742902,2.659624,200
1775042570440313738,1775042570442890570,1775042570443562342,2.576832,0.671772,3.248604,200
1775042570461128554,1775042570461128554,1775042570461963613,0.000000,0.835059,0.835059,200
1775042570463707118,1775042570463707118,1775042570464451977,0.000000,0.744859,0.744859,200
1775042570465916107,1775042570465916107,1775042570466830795,0.000000,0.914688,0.914688,200
1775042570466006575,1775042570466830795,1775042570468940946,0.824220,2.110151,2.934371,200
1775042570471488113,1775042570471488113,1775042570472252186,0.000000,0.764073,0.764073,200
1775042570471532140,1775042570472252186,1775042570472998613,0.720046,0.746427,1.466473,200
1775042570471560927,1775042570472998613,1775042570473622712,1.437686,0.624099,2.061785,200
1775042570503249696,1775042570503249696,1775042570504105446,0.000000,0.855750,0.855750,200
1775042570503305085,1775042570504105446,1775042570504684825,0.800361,0.579379,1.379740,200
1775042570504440387,1775042570504684825,1775042570505347987,0.244438,0.663162,0.907600,200
1775042570538307298,1775042570538307298,1775042570544459412,0.000000,6.152114,6.152114,200
1775042570542704755,1775042570544459412,1775042570545263391,1.754657,0.803979,2.558636,200
1775042570543764439,1775042570545263391,1775042570546169102,1.498952,0.905711,2.404663,200
1775042570545936229,1775042570546169102,1775042570547634554,0.232873,1.465452,1.698325,200
1775042570559823515,1775042570559823515,1775042570561183369,0.000000,1.359854,1.359854,200
1775042570575171701,1775042570575171701,1775042570575960693,0.000000,0.788992,0.788992,200
1775042570575420982,1775042570575960693,1775042570576765125,0.539711,0.804432,1.344143,200
1775042570576885451,1775042570576885451,1775042570577626838,0.000000,0.741387,0.741387,200
1775042570580079632,1775042570580079632,1775042570581101858,0.000000,1.022226,1.022226,200
1775042570580144770,1775042570581101858,1775042570582164202,0.957088,1.062344,2.019432,200
1775042570586278460,1775042570586278460,1775042570587129553,0.000000,0.851093,0.851093,200
1775042570587629226,1775042570587629226,1775042570588578352,0.000000,0.949126,0.949126,200
1775042570587683854,1775042570588578352,1775042570604430276,0.894498,15.851924,16.746422,200
1775042570597475711,1775042570604430276,1775042570605041127,6.954565,0.610851,7.565416,200
1775042570597549486,1775042570605041127,1775042570605765181,7.491641,0.724054,8.215695,200
1775042570599081889,1775042570605765181,1775042570606323599,6.683292,0.558418,7.241710,200
1775042570599608123,1775042570606323599,1775042570606943058,6.715476,0.619459,7.334935,200
1775042570663446827,1775042570663446827,1775042570664478286,0.000000,1.031459,1.031459,200
1775042570663975947,1775042570664478286,1775042570665822038,0.502339,1.343752,1.846091,200
1775042570673634274,1775042570673634274,1775042570675264506,0.000000,1.630232,1.630232,200
1775042570692070414,1775042570692070414,1775042570692814880,0.000000,0.744466,0.744466,200
1775042570693976472,1775042570693976472,1775042570695428999,0.000000,1.452527,1.452527,200
1775042570708874139,1775042570708874139,1775042570709582714,0.000000,0.708575,0.708575,200
1775042570714863014,1775042570714863014,1775042570717246312,0.000000,2.383298,2.383298,200
1775042570730847233,1775042570730847233,1775042570731415954,0.000000,0.568721,0.568721,200
1775042570733191172,1775042570733191172,1775042570733711214,0.000000,0.520042,0.520042,200
1775042570733651958,1775042570733711214,1775042570734822399,0.059256,1.111185,1.170441,200
1775042570733922119,1775042570734822399,1775042570735798859,0.900280,0.976460,1.876740,200
1775042570739702204,1775042570739702204,1775042570740439736,0.000000,0.737532,0.737532,200
1775042570745889239,1775042570745889239,1775042570746554059,0.000000,0.664820,0.664820,200
1775042570833320538,1775042570833320538,1775042570834212341,0.000000,0.891803,0.891803,200
1775042570838205096,1775042570838205096,1775042570839064727,0.000000,0.859631,0.859631,200
1775042570838309521,1775042570839064727,1775042570839689836,0.755206,0.625109,1.380315,200
1775042570848780810,1775042570848780810,1775042570850580620,0.000000,1.799810,1.799810,200
1775042570849963546,1775042570850580620,1775042570851423034,0.617074,0.842414,1.459488,200
1775042570874451241,1775042570874451241,1775042570875189863,0.000000,0.738622,0.738622,200
1775042570874516129,1775042570875189863,1775042570875923135,0.673734,0.733272,1.407006,200
1775042570874558552,1775042570875923135,1775042570876574195,1.364583,0.651060,2.015643,200
1775042570885558994,1775042570885558994,1775042570886501982,0.000000,0.942988,0.942988,200
1775042570889010630,1775042570889010630,1775042570889735396,0.000000,0.724766,0.724766,200
1775042570891446861,1775042570891446861,1775042570892101918,0.000000,0.655057,0.655057,200
1775042570905975580,1775042570905975580,1775042570906771877,0.000000,0.796297,0.796297,200
1775042570906083993,1775042570906771877,1775042570907562145,0.687884,0.790268,1.478152,200
1775042570907400289,1775042570907562145,1775042570907995310,0.161856,0.433165,0.595021,200
1775042570916966291,1775042570916966291,1775042570919702252,0.000000,2.735961,2.735961,200
1775042570927168978,1775042570927168978,1775042570927624835,0.000000,0.455857,0.455857,200
1775042570928541126,1775042570928541126,1775042570929421865,0.000000,0.880739,0.880739,200
1775042570928802890,1775042570929421865,1775042570930028859,0.618975,0.606994,1.225969,200
1775042570929180643,1775042570930028859,1775042570931697125,0.848216,1.668266,2.516482,200
1775042570978051951,1775042570978051951,1775042570978763420,0.000000,0.711469,0.711469,200
1775042570978326551,1775042570978763420,1775042570979490088,0.436869,0.726668,1.163537,200
1775042570978924146,1775042570979490088,1775042570980419723,0.565942,0.929635,1.495577,200
1775042570985075007,1775042570985075007,1775042570985515073,0.000000,0.440066,0.440066,200
1775042570985166828,1775042570985515073,1775042570986126897,0.348245,0.611824,0.960069,200
1775042571038032022,1775042571038032022,1775042571038712881,0.000000,0.680859,0.680859,200
1775042571041059204,1775042571041059204,1775042571041818207,0.000000,0.759003,0.759003,200
1775042571042279704,1775042571042279704,1775042571042908310,0.000000,0.628606,0.628606,200
1775042571043568638,1775042571043568638,1775042571044102711,0.000000,0.534073,0.534073,200
1775042571051907098,1775042571051907098,1775042571052598370,0.000000,0.691272,0.691272,200
1775042571054000490,1775042571054000490,1775042571055876557,0.000000,1.876067,1.876067,200
1775042571054069396,1775042571055876557,1775042571056673675,1.807161,0.797118,2.604279,200
1775042571068796212,1775042571068796212,1775042571069492745,0.000000,0.696533,0.696533,200
1775042571069822570,1775042571069822570,1775042571070524459,0.000000,0.701889,0.701889,200
1775042571075329019,1775042571075329019,1775042571076195054,0.000000,0.866035,0.866035,200
1775042571075421261,1775042571076195054,1775042571077644879,0.773793,1.449825,2.223618,200
1775042571075471870,1775042571077644879,1775042571078145955,2.173009,0.501076,2.674085,200
1775042571089948387,1775042571089948387,1775042571091488184,0.000000,1.539797,1.539797,200
1775042571093323013,1775042571093323013,1775042571097395690,0.000000,4.072677,4.072677,200
1775042571093533697,1775042571097395690,1775042571099333271,3.861993,1.937581,5.799574,200
1775042571093731496,1775042571099333271,1775042571099755701,5.601775,0.422430,6.024205,200
1775042571096213997,1775042571099755701,1775042571100457815,3.541704,0.702114,4.243818,200
1775042571096480381,1775042571100457815,1775042571101181560,3.977434,0.723745,4.701179,200
1775042571101081284,1775042571101181560,1775042571101896305,0.100276,0.714745,0.815021,200
1775042571101288663,1775042571101896305,1775042571102451798,0.607642,0.555493,1.163135,200
1775042571109765721,1775042571109765721,1775042571111568180,0.000000,1.802459,1.802459,200
1775042571113330739,1775042571113330739,1775042571114096044,0.000000,0.765305,0.765305,200
1775042571117659281,1775042571117659281,1775042571118218150,0.000000,0.558869,0.558869,200
1775042571130964425,1775042571130964425,1775042571131727152,0.000000,0.762727,0.762727,200
1775042571131062668,1775042571131727152,1775042571132188649,0.664484,0.461497,1.125981,200
1775042571136184098,1775042571136184098,1775042571136843545,0.000000,0.659447,0.659447,200
1775042571151557927,1775042571151557927,1775042571152319274,0.000000,0.761347,0.761347,200
1775042571153505182,1775042571153505182,1775042571154306726,0.000000,0.801544,0.801544,200
1775042571163642419,1775042571163642419,1775042571164091953,0.000000,0.449534,0.449534,200
1775042571163919703,1775042571164091953,1775042571164517881,0.172250,0.425928,0.598178,200
1775042571256726312,1775042571256726312,1775042571258337793,0.000000,1.611481,1.611481,200
1775042571261922953,1775042571261922953,1775042571262757506,0.000000,0.834553,0.834553,200
1775042571261999223,1775042571262757506,1775042571264288165,0.758283,1.530659,2.288942,200
1775042571262051155,1775042571264288165,1775042571265380506,2.237010,1.092341,3.329351,200
1775042571262078699,1775042571265380506,1775042571266146710,3.301807,0.766204,4.068011,200
1775042571265944229,1775042571266146710,1775042571267599237,0.202481,1.452527,1.655008,200
1775042571266019086,1775042571267599237,1775042571268251158,1.580151,0.651921,2.232072,200
1775042571266166877,1775042571268251158,1775042571269453945,2.084281,1.202787,3.287068,200
1775042571267958259,1775042571269453945,1775042571269937716,1.495686,0.483771,1.979457,200
1775042571268197039,1775042571269937716,1775042571270695406,1.740677,0.757690,2.498367,200
1775042571319414676,1775042571319414676,1775042571319909041,0.000000,0.494365,0.494365,200
1775042571328971393,1775042571328971393,1775042571329567075,0.000000,0.595682,0.595682,200
1775042571342715611,1775042571342715611,1775042571343754865,0.000000,1.039254,1.039254,200
1775042571346453541,1775042571346453541,1775042571347316859,0.000000,0.863318,0.863318,200
1775042571349343554,1775042571349343554,1775042571350026346,0.000000,0.682792,0.682792,200
1775042571400742554,1775042571400742554,1775042571401603327,0.000000,0.860773,0.860773,200
1775042571434862446,1775042571434862446,1775042571442908698,0.000000,8.046252,8.046252,200
1775042571448828914,1775042571448828914,1775042571449466016,0.000000,0.637102,0.637102,200
1775042571449921743,1775042571449921743,1775042571450644703,0.000000,0.722960,0.722960,200
1775042571450028072,1775042571450644703,1775042571451100299,0.616631,0.455596,1.072227,200
1775042571450072159,1775042571451100299,1775042571452073523,1.028140,0.973224,2.001364,200
1775042571454019741,1775042571454019741,1775042571454446542,0.000000,0.426801,0.426801,200
1775042571455188659,1775042571455188659,1775042571456104145,0.000000,0.915486,0.915486,200
1775042571457209603,1775042571457209603,1775042571457982322,0.000000,0.772719,0.772719,200
1775042571458932751,1775042571458932751,1775042571461101726,0.000000,2.168975,2.168975,200
1775042571459059851,1775042571461101726,1775042571462341032,2.041875,1.239306,3.281181,200
1775042571461960685,1775042571462341032,1775042571463138398,0.380347,0.797366,1.177713,200
1775042571468286301,1775042571468286301,1775042571481039969,0.000000,12.753668,12.753668,200
1775042571493076447,1775042571493076447,1775042571493722829,0.000000,0.646382,0.646382,200
1775042571493206733,1775042571493722829,1775042571494418908,0.516096,0.696079,1.212175,200
1775042571495886592,1775042571495886592,1775042571496532655,0.000000,0.646063,0.646063,200
1775042571498980268,1775042571498980268,1775042571499827745,0.000000,0.847477,0.847477,200
1775042571506094767,1775042571506094767,1775042571506820914,0.000000,0.726147,0.726147,200
1775042571528489217,1775042571528489217,1775042571529649509,0.000000,1.160292,1.160292,200
1775042571530750125,1775042571530750125,1775042571531365458,0.000000,0.615333,0.615333,200
1775042571557408772,1775042571557408772,1775042571558012589,0.000000,0.603817,0.603817,200
1775042571565646860,1775042571565646860,1775042571568987045,0.000000,3.340185,3.340185,200
1775042571565691648,1775042571568987045,1775042571570701787,3.295397,1.714742,5.010139,200
1775042571588667090,1775042571588667090,1775042571589271829,0.000000,0.604739,0.604739,200
1775042571609115160,1775042571609115160,1775042571609841588,0.000000,0.726428,0.726428,200
1775042571619482273,1775042571619482273,1775042571620138230,0.000000,0.655957,0.655957,200
1775042571635616194,1775042571635616194,1775042571637527321,0.000000,1.911127,1.911127,200
1775042571640721857,1775042571640721857,1775042571641370455,0.000000,0.648598,0.648598,200
1775042571641476100,1775042571641476100,1775042571642269623,0.000000,0.793523,0.793523,200
1775042571642010080,1775042571642269623,1775042571642927077,0.259543,0.657454,0.916997,200
1775042571643042389,1775042571643042389,1775042571643737656,0.000000,0.695267,0.695267,200
1775042571650327330,1775042571650327330,1775042571650972629,0.000000,0.645299,0.645299,200
1775042571650488767,1775042571650972629,1775042571651527180,0.483862,0.554551,1.038413,200
1775042571655175853,1775042571655175853,1775042571655926180,0.000000,0.750327,0.750327,200
1775042571655660066,1775042571655926180,1775042571656539539,0.266114,0.613359,0.879473,200
1775042571684638547,1775042571684638547,1775042571685387659,0.000000,0.749112,0.749112,200
1775042571684699496,1775042571685387659,1775042571686031144,0.688163,0.643485,1.331648,200
1775042571685633002,1775042571686031144,1775042571686605738,0.398142,0.574594,0.972736,200
1775042571685685726,1775042571686605738,1775042571700201988,0.920012,13.596250,14.516262,200
1775042571685738830,1775042571700201988,1775042571700934639,14.463158,0.732651,15.195809,200
1775042571690639696,1775042571700934639,1775042571701615017,10.294943,0.680378,10.975321,200
1775042571691513765,1775042571701615017,1775042571702443494,10.101252,0.828477,10.929729,200
1775042571691545578,1775042571702443494,1775042571705710591,10.897916,3.267097,14.165013,200
1775042571695001996,1775042571705710591,1775042571706443151,10.708595,0.732560,11.441155,200
1775042571713848619,1775042571713848619,1775042571723354322,0.000000,9.505703,9.505703,200
1775042571724631456,1775042571724631456,1775042571730415294,0.000000,5.783838,5.783838,200
1775042571742466691,1775042571742466691,1775042571744367999,0.000000,1.901308,1.901308,200
1775042571749759874,1775042571749759874,1775042571750328171,0.000000,0.568297,0.568297,200
1775042571761436302,1775042571761436302,1775042571761986253,0.000000,0.549951,0.549951,200
1775042571761637718,1775042571761986253,1775042571762660030,0.348535,0.673777,1.022312,200
1775042571763655175,1775042571763655175,1775042571764807992,0.000000,1.152817,1.152817,200
1775042571763687890,1775042571764807992,1775042571765498099,1.120102,0.690107,1.810209,200
1775042571764928509,1775042571765498099,1775042571766291710,0.569590,0.793611,1.363201,200
1775042571764955823,1775042571766291710,1775042571767298880,1.335887,1.007170,2.343057,200
1775042571768674341,1775042571768674341,1775042571769545180,0.000000,0.870839,0.870839,200
1775042571789754169,1775042571789754169,1775042571790548101,0.000000,0.793932,0.793932,200
1775042571801970394,1775042571801970394,1775042571802518003,0.000000,0.547609,0.547609,200
1775042571821778751,1775042571821778751,1775042571822466553,0.000000,0.687802,0.687802,200
1775042571821941792,1775042571822466553,1775042571823315223,0.524761,0.848670,1.373431,200
1775042571821988434,1775042571823315223,1775042571824152341,1.326789,0.837118,2.163907,200
1775042571825482414,1775042571825482414,1775042571826004320,0.000000,0.521906,0.521906,200
1775042571829458632,1775042571829458632,1775042571830156023,0.000000,0.697391,0.697391,200
1775042571853853995,1775042571853853995,1775042571854672916,0.000000,0.818921,0.818921,200
1775042571855362631,1775042571855362631,1775042571856521038,0.000000,1.158407,1.158407,200
1775042571856746332,1775042571856746332,1775042571858331087,0.000000,1.584755,1.584755,200
1775042571857852447,1775042571858331087,1775042571858940273,0.478640,0.609186,1.087826,200
1775042571890235372,1775042571890235372,1775042571894913079,0.000000,4.677707,4.677707,200
1775042571892668045,1775042571894913079,1775042571895381680,2.245034,0.468601,2.713635,200
1775042571897491700,1775042571897491700,1775042571897986644,0.000000,0.494944,0.494944,200
1775042571897595434,1775042571897986644,1775042571899201664,0.391210,1.215020,1.606230,200
1775042571906843449,1775042571906843449,1775042571907681887,0.000000,0.838438,0.838438,200
1775042571932797302,1775042571932797302,1775042571933699065,0.000000,0.901763,0.901763,200
1775042571942900104,1775042571942900104,1775042571943640640,0.000000,0.740536,0.740536,200
1775042571951762282,1775042571951762282,1775042571952352741,0.000000,0.590459,0.590459,200
1775042571952579799,1775042571952579799,1775042571953019282,0.000000,0.439483,0.439483,200
1775042571957283708,1775042571957283708,1775042571958087409,0.000000,0.803701,0.803701,200
1775042571961302120,1775042571961302120,1775042571962018238,0.000000,0.716118,0.716118,200
1775042571961460060,1775042571962018238,1775042571962901605,0.558178,0.883367,1.441545,200
1775042571968303886,1775042571968303886,1775042571969179928,0.000000,0.876042,0.876042,200
1775042571968394194,1775042571969179928,1775042571970635288,0.785734,1.455360,2.241094,200
1775042572023903821,1775042572023903821,1775042572024401279,0.000000,0.497458,0.497458,200
1775042572027058293,1775042572027058293,1775042572027780256,0.000000,0.721963,0.721963,200
1775042572027332923,1775042572027780256,1775042572030528593,0.447333,2.748337,3.195670,200
1775042572031978824,1775042572031978824,1775042572038427345,0.000000,6.448521,6.448521,200
1775042572036302008,1775042572038427345,1775042572039151512,2.125337,0.724167,2.849504,200
1775042572039542827,1775042572039542827,1775042572040173858,0.000000,0.631031,0.631031,200
1775042572039619427,1775042572040173858,1775042572041096044,0.554431,0.922186,1.476617,200
1775042572045755778,1775042572045755778,1775042572051784955,0.000000,6.029177,6.029177,200
1775042572045849602,1775042572051784955,1775042572052517969,5.935353,0.733014,6.668367,200
1775042572047789016,1775042572052517969,1775042572053947339,4.728953,1.429370,6.158323,200
1775042572048266354,1775042572053947339,1775042572054700021,5.680985,0.752682,6.433667,200
1775042572048417331,1775042572054700021,1775042572055466519,6.282690,0.766498,7.049188,200
1775042572102098651,1775042572102098651,1775042572102807956,0.000000,0.709305,0.709305,200
1775042572103450669,1775042572103450669,1775042572104186203,0.000000,0.735534,0.735534,200
1775042572103511429,1775042572104186203,1775042572104776063,0.674774,0.589860,1.264634,200
1775042572103537009,1775042572104776063,1775042572105439417,1.239054,0.663354,1.902408,200
1775042572104281039,1775042572105439417,1775042572105957646,1.158378,0.518229,1.676607,200
1775042572105887137,1775042572105957646,1775042572108096876,0.070509,2.139230,2.209739,200
1775042572114378624,1775042572114378624,1775042572115441827,0.000000,1.063203,1.063203,200
1775042572132030415,1775042572132030415,1775042572132539717,0.000000,0.509302,0.509302,200
1775042572133690839,1775042572133690839,1775042572134462256,0.000000,0.771417,0.771417,200
1775042572141177366,1775042572141177366,1775042572141839376,0.000000,0.662010,0.662010,200
1775042572143282134,1775042572143282134,1775042572144124648,0.000000,0.842514,0.842514,200
1775042572152664206,1775042572152664206,1775042572153300127,0.000000,0.635921,0.635921,200
1775042572154366113,1775042572154366113,1775042572155043415,0.000000,0.677302,0.677302,200
1775042572185923531,1775042572185923531,1775042572186553312,0.000000,0.629781,0.629781,200
1775042572216643576,1775042572216643576,1775042572217303213,0.000000,0.659637,0.659637,200
1775042572217306880,1775042572217306880,1775042572227839205,0.000000,10.532325,10.532325,200
1775042572220037930,1775042572227839205,1775042572228465004,7.801275,0.625799,8.427074,200
1775042572242205734,1775042572242205734,1775042572243019508,0.000000,0.813774,0.813774,200
1775042572247722120,1775042572247722120,1775042572249476916,0.000000,1.754796,1.754796,200
1775042572272566490,1775042572272566490,1775042572277407629,0.000000,4.841139,4.841139,200
1775042572272737086,1775042572277407629,1775042572278109328,4.670543,0.701699,5.372242,200
1775042572274355633,1775042572278109328,1775042572278895448,3.753695,0.786120,4.539815,200
1775042572295278039,1775042572295278039,1775042572296121288,0.000000,0.843249,0.843249,200
1775042572295344980,1775042572296121288,1775042572297131214,0.776308,1.009926,1.786234,200
1775042572296399895,1775042572297131214,1775042572300578286,0.731319,3.447072,4.178391,200
1775042572323146884,1775042572323146884,1775042572323852013,0.000000,0.705129,0.705129,200
1775042572327059548,1775042572327059548,1775042572327628938,0.000000,0.569390,0.569390,200
1775042572328236492,1775042572328236492,1775042572329102446,0.000000,0.865954,0.865954,200
1775042572329833345,1775042572329833345,1775042572330580635,0.000000,0.747290,0.747290,200
1775042572329897331,1775042572330580635,1775042572331328523,0.683304,0.747888,1.431192,200
1775042572329928933,1775042572331328523,1775042572333433652,1.399590,2.105129,3.504719,200
1775042572363788600,1775042572363788600,1775042572364613181,0.000000,0.824581,0.824581,200
1775042572364987337,1775042572364987337,1775042572365627045,0.000000,0.639708,0.639708,200
1775042572378928805,1775042572378928805,1775042572379621659,0.000000,0.692854,0.692854,200
1775042572379010636,1775042572379621659,1775042572380449696,0.611023,0.828037,1.439060,200
1775042572396785380,1775042572396785380,1775042572397195767,0.000000,0.410387,0.410387,200
1775042572398265406,1775042572398265406,1775042572399148010,0.000000,0.882604,0.882604,200
1775042572398307248,1775042572399148010,1775042572400060163,0.840762,0.912153,1.752915,200
1775042572407070930,1775042572407070930,1775042572407789204,0.000000,0.718274,0.718274,200
1775042572430291076,1775042572430291076,1775042572431663680,0.000000,1.372604,1.372604,200
1775042572431847842,1775042572431847842,1775042572432551896,0.000000,0.704054,0.704054,200
1775042572445815854,1775042572445815854,1775042572446992675,0.000000,1.176821,1.176821,200
1775042572460759769,1775042572460759769,1775042572461574949,0.000000,0.815180,0.815180,200
1775042572473294993,1775042572473294993,1775042572473905525,0.000000,0.610532,0.610532,200
1775042572474100818,1775042572474100818,1775042572474796917,0.000000,0.696099,0.696099,200
1775042572474166266,1775042572474796917,1775042572475611581,0.630651,0.814664,1.445315,200
1775042572486589808,1775042572486589808,1775042572487259895,0.000000,0.670087,0.670087,200
1775042572487580145,1775042572487580145,1775042572488339505,0.000000,0.759360,0.759360,200
1775042572487621527,1775042572488339505,1775042572489490100,0.717978,1.150595,1.868573,200
1775042572488634138,1775042572489490100,1775042572490124216,0.855962,0.634116,1.490078,200
1775042572488673645,1775042572490124216,1775042572490928958,1.450571,0.804742,2.255313,200
1775042572489667860,1775042572490928958,1775042572491585928,1.261098,0.656970,1.918068,200
1775042572492798754,1775042572492798754,1775042572493284820,0.000000,0.486066,0.486066,200
1775042572496679042,1775042572496679042,1775042572497557910,0.000000,0.878868,0.878868,200
1775042572497146191,1775042572497557910,1775042572498389490,0.411719,0.831580,1.243299,200
1775042572498091159,1775042572498389490,1775042572499137561,0.298331,0.748071,1.046402,200
1775042572498722510,1775042572499137561,1775042572499987081,0.415051,0.849520,1.264571,200
1775042572512191898,1775042572512191898,1775042572512695070,0.000000,0.503172,0.503172,200
1775042572513347320,1775042572513347320,1775042572515100137,0.000000,1.752817,1.752817,200
1775042572514976092,1775042572515100137,1775042572515634956,0.124045,0.534819,0.658864,200
1775042572549102043,1775042572549102043,1775042572549842138,0.000000,0.740095,0.740095,200
1775042572556858365,1775042572556858365,1775042572557608853,0.000000,0.750488,0.750488,200
1775042572556901900,1775042572557608853,1775042572560864056,0.706953,3.255203,3.962156,200
1775042572557532751,1775042572560864056,1775042572562364457,3.331305,1.500401,4.831706,200
1775042572588142306,1775042572588142306,1775042572588777988,0.000000,0.635682,0.635682,200
1775042572589325278,1775042572589325278,1775042572590300466,0.000000,0.975188,0.975188,200
1775042572639047515,1775042572639047515,1775042572639740468,0.000000,0.692953,0.692953,200
1775042572645918605,1775042572645918605,1775042572646967998,0.000000,1.049393,1.049393,200
1775042572652283141,1775042572652283141,1775042572653016173,0.000000,0.733032,0.733032,200
1775042572652512241,1775042572653016173,1775042572654353523,0.503932,1.337350,1.841282,200
1775042572652577379,1775042572654353523,1775042572655646565,1.776144,1.293042,3.069186,200
1775042572653620360,1775042572655646565,1775042572656299059,2.026205,0.652494,2.678699,200
1775042572654963058,1775042572656299059,1775042572656908836,1.336001,0.609777,1.945778,200
1775042572683367082,1775042572683367082,1775042572684763839,0.000000,1.396757,1.396757,200
1775042572684985139,1775042572684985139,1775042572685801815,0.000000,0.816676,0.816676,200
1775042572696560824,1775042572696560824,1775042572697298353,0.000000,0.737529,0.737529,200
1775042572728525995,1775042572728525995,1775042572729485340,0.000000,0.959345,0.959345,200
1775042572730293652,1775042572730293652,1775042572731009410,0.000000,0.715758,0.715758,200
1775042572730674981,1775042572731009410,1775042572731664648,0.334429,0.655238,0.989667,200
1775042572757393633,1775042572757393633,1775042572758792313,0.000000,1.398680,1.398680,200
1775042572766875761,1775042572766875761,1775042572767406473,0.000000,0.530712,0.530712,200
1775042572766979095,1775042572767406473,1775042572768361043,0.427378,0.954570,1.381948,200
1775042572794842708,1775042572794842708,1775042572796812126,0.000000,1.969418,1.969418,200
1775042572800131959,1775042572800131959,1775042572800737870,0.000000,0.605911,0.605911,200
1775042572800187939,1775042572800737870,1775042572801407797,0.549931,0.669927,1.219858,200
1775042572819298778,1775042572819298778,1775042572831205658,0.000000,11.906880,11.906880,200
1775042572821227737,1775042572831205658,1775042572832197622,9.977921,0.991964,10.969885,200
1775042572849715211,1775042572849715211,1775042572850341112,0.000000,0.625901,0.625901,200
1775042572851881344,1775042572851881344,1775042572854495169,0.000000,2.613825,2.613825,200
1775042572853441642,1775042572854495169,1775042572855173623,1.053527,0.678454,1.731981,200
1775042572864750679,1775042572864750679,1775042572865469793,0.000000,0.719114,0.719114,200
1775042572885322616,1775042572885322616,1775042572886093232,0.000000,0.770616,0.770616,200
1775042572889079225,1775042572889079225,1775042572889536115,0.000000,0.456890,0.456890,200
1775042572889837524,1775042572889837524,1775042572891857463,0.000000,2.019939,2.019939,200
1775042572891268898,1775042572891857463,1775042572892621399,0.588565,0.763936,1.352501,200
1775042572912311575,1775042572912311575,1775042572913054196,0.000000,0.742621,0.742621,200
1775042572913390112,1775042572913390112,1775042572914140716,0.000000,0.750604,0.750604,200
1775042572913881117,1775042572914140716,1775042572914809401,0.259599,0.668685,0.928284,200
1775042572926979175,1775042572926979175,1775042572927394562,0.000000,0.415387,0.415387,200
1775042572927589134,1775042572927589134,1775042572928235856,0.000000,0.646722,0.646722,200
1775042572927657559,1775042572928235856,1775042572929011522,0.578297,0.775666,1.353963,200
1775042572936631219,1775042572936631219,1775042572937216469,0.000000,0.585250,0.585250,200
1775042572937972547,1775042572937972547,1775042572938485515,0.000000,0.512968,0.512968,200
1775042572940312057,1775042572940312057,1775042572948609833,0.000000,8.297776,8.297776,200
1775042572943874181,1775042572948609833,1775042572949295280,4.735652,0.685447,5.421099,200
1775042572946664307,1775042572949295280,1775042572950115500,2.630973,0.820220,3.451193,200
1775042572963520272,1775042572963520272,1775042572964215070,0.000000,0.694798,0.694798,200
1775042572980040627,1775042572980040627,1775042572980561752,0.000000,0.521125,0.521125,200
1775042572980334034,1775042572980561752,1775042572981023709,0.227718,0.461957,0.689675,200
1775042572980371117,1775042572981023709,1775042572981624042,0.652592,0.600333,1.252925,200
1775042572980405354,1775042572981624042,1775042572982241584,1.218688,0.617542,1.836230,200
1775042572980435884,1775042572982241584,1775042572982834042,1.805700,0.592458,2.398158,200
1775042572990228738,1775042572990228738,1775042572997372198,0.000000,7.143460,7.143460,200
1775042572991390161,1775042572997372198,1775042572998367033,5.982037,0.994835,6.976872,200
1775042572992988576,1775042572998367033,1775042573006242873,5.378457,7.875840,13.254297,200
1775042573014750522,1775042573014750522,1775042573015459075,0.000000,0.708553,0.708553,200
1775042573017102597,1775042573017102597,1775042573018923637,0.000000,1.821040,1.821040,200
1775042573026697755,1775042573026697755,1775042573027389643,0.000000,0.691888,0.691888,200
1775042573027978373,1775042573027978373,1775042573028574897,0.000000,0.596524,0.596524,200
1775042573034660843,1775042573034660843,1775042573039815044,0.000000,5.154201,5.154201,200
1775042573035886713,1775042573039815044,1775042573040364376,3.928331,0.549332,4.477663,200
1775042573035932834,1775042573040364376,1775042573041074791,4.431542,0.710415,5.141957,200
1775042573035961861,1775042573041074791,1775042573041745662,5.112930,0.670871,5.783801,200
1775042573049225310,1775042573049225310,1775042573050018638,0.000000,0.793328,0.793328,200
1775042573069943638,1775042573069943638,1775042573070740883,0.000000,0.797245,0.797245,200
1775042573070038043,1775042573070740883,1775042573071455628,0.702840,0.714745,1.417585,200
1775042573070370357,1775042573071455628,1775042573071956213,1.085271,0.500585,1.585856,200
1775042573088145858,1775042573088145858,1775042573089052446,0.000000,0.906588,0.906588,200
1775042573095262503,1775042573095262503,1775042573096049265,0.000000,0.786762,0.786762,200
1775042573095413410,1775042573096049265,1775042573102113809,0.635855,6.064544,6.700399,200
1775042573096402912,1775042573102113809,1775042573102798946,5.710897,0.685137,6.396034,200
1775042573096542326,1775042573102798946,1775042573103449966,6.256620,0.651020,6.907640,200
1775042573096662772,1775042573103449966,1775042573103905613,6.787194,0.455647,7.242841,200
1775042573101559084,1775042573103905613,1775042573104616121,2.346529,0.710508,3.057037,200
1775042573101895165,1775042573104616121,1775042573105444609,2.720956,0.828488,3.549444,200
1775042573102082283,1775042573105444609,1775042573106795927,3.362326,1.351318,4.713644,200
1775042573102265844,1775042573106795927,1775042573107806103,4.530083,1.010176,5.540259,200
1775042573103724912,1775042573107806103,1775042573109677651,4.081191,1.871548,5.952739,200
1775042573117242111,1775042573117242111,1775042573118008959,0.000000,0.766848,0.766848,200
1775042573135137403,1775042573135137403,1775042573135839065,0.000000,0.701662,0.701662,200
1775042573136990086,1775042573136990086,1775042573137644041,0.000000,0.653955,0.653955,200
1775042573138830570,1775042573138830570,1775042573139596987,0.000000,0.766417,0.766417,200
1775042573152179396,1775042573152179396,1775042573153059006,0.000000,0.879610,0.879610,200
1775042573185344192,1775042573185344192,1775042573186087516,0.000000,0.743324,0.743324,200
1775042573229009523,1775042573229009523,1775042573229759039,0.000000,0.749516,0.749516,200
1775042573229801501,1775042573229801501,1775042573230956948,0.000000,1.155447,1.155447,200
1775042573256433585,1775042573256433585,1775042573256989179,0.000000,0.555594,0.555594,200
1775042573265200494,1775042573265200494,1775042573266033453,0.000000,0.832959,0.832959,200
1775042573265948525,1775042573266033453,1775042573266733850,0.084928,0.700397,0.785325,200
1775042573303912671,1775042573303912671,1775042573304581057,0.000000,0.668386,0.668386,200
1775042573308591532,1775042573308591532,1775042573309207373,0.000000,0.615841,0.615841,200
1775042573335404354,1775042573335404354,1775042573336184639,0.000000,0.780285,0.780285,200
1775042573339421938,1775042573339421938,1775042573340139259,0.000000,0.717321,0.717321,200
1775042573340963784,1775042573340963784,1775042573341399971,0.000000,0.436187,0.436187,200
1775042573341949583,1775042573341949583,1775042573342772567,0.000000,0.822984,0.822984,200
1775042573367789100,1775042573367789100,1775042573377468450,0.000000,9.679350,9.679350,200
1775042573369605096,1775042573377468450,1775042573378813934,7.863354,1.345484,9.208838,200
1775042573384070062,1775042573384070062,1775042573387909039,0.000000,3.838977,3.838977,200
1775042573386303113,1775042573387909039,1775042573388622303,1.605926,0.713264,2.319190,200
1775042573387730640,1775042573388622303,1775042573389410748,0.891663,0.788445,1.680108,200
1775042573388620516,1775042573389410748,1775042573389839170,0.790232,0.428422,1.218654,200
1775042573389540697,1775042573389839170,1775042573390397175,0.298473,0.558005,0.856478,200
1775042573396820433,1775042573396820433,1775042573397561260,0.000000,0.740827,0.740827,200
1775042573408393144,1775042573408393144,1775042573408920031,0.000000,0.526887,0.526887,200
1775042573410310547,1775042573410310547,1775042573410921086,0.000000,0.610539,0.610539,200
1775042573415328963,1775042573415328963,1775042573417815003,0.000000,2.486040,2.486040,200
1775042573415636077,1775042573417815003,1775042573418521564,2.178926,0.706561,2.885487,200
1775042573417271412,1775042573418521564,1775042573419183446,1.250152,0.661882,1.912034,200
1775042573417330358,1775042573419183446,1775042573421375435,1.853088,2.191989,4.045077,200
1775042573417369064,1775042573421375435,1775042573422077549,4.006371,0.702114,4.708485,200
1775042573417407760,1775042573422077549,1775042573422944906,4.669789,0.867357,5.537146,200
1775042573429477024,1775042573429477024,1775042573430755997,0.000000,1.278973,1.278973,200
1775042573437409271,1775042573437409271,1775042573437947637,0.000000,0.538366,0.538366,200
1775042573439358451,1775042573439358451,1775042573440109609,0.000000,0.751158,0.751158,200
1775042573440032706,1775042573440109609,1775042573440908316,0.076903,0.798707,0.875610,200
1775042573446279979,1775042573446279979,1775042573446764010,0.000000,0.484031,0.484031,200
1775042573448869701,1775042573448869701,1775042573452111555,0.000000,3.241854,3.241854,200
1775042573462168432,1775042573462168432,1775042573463001108,0.000000,0.832676,0.832676,200
1775042573462832865,1775042573463001108,1775042573463595967,0.168243,0.594859,0.763102,200
1775042573464005020,1775042573464005020,1775042573464865170,0.000000,0.860150,0.860150,200
1775042573473383814,1775042573473383814,1775042573478805714,0.000000,5.421900,5.421900,200
1775042573475743564,1775042573478805714,1775042573479993102,3.062150,1.187388,4.249538,200
1775042573475823061,1775042573479993102,1775042573480400874,4.170041,0.407772,4.577813,200
1775042573477782233,1775042573480400874,1775042573481175361,2.618641,0.774487,3.393128,200
1775042573507256208,1775042573507256208,1775042573507886087,0.000000,0.629879,0.629879,200
1775042573507837651,1775042573507886087,1775042573508926161,0.048436,1.040074,1.088510,200
1775042573507902368,1775042573508926161,1775042573509857135,1.023793,0.930974,1.954767,200
1775042573526810445,1775042573526810445,1775042573527720445,0.000000,0.910000,0.910000,200
1775042573537395596,1775042573537395596,1775042573538063279,0.000000,0.667683,0.667683,200
1775042573539839993,1775042573539839993,1775042573542217142,0.000000,2.377149,2.377149,200
1775042573539892466,1775042573542217142,1775042573542707216,2.324676,0.490074,2.814750,200
1775042573541727707,1775042573542707216,1775042573543383125,0.979509,0.675909,1.655418,200
1775042573548743863,1775042573548743863,1775042573549250249,0.000000,0.506386,0.506386,200
1775042573550022857,1775042573550022857,1775042573550803553,0.000000,0.780696,0.780696,200
1775042573556635168,1775042573556635168,1775042573557624678,0.000000,0.989510,0.989510,200
1775042573557384241,1775042573557624678,1775042573559273999,0.240437,1.649321,1.889758,200
1775042573559282063,1775042573559282063,1775042573560705235,0.000000,1.423172,1.423172,200
1775042573560199867,1775042573560705235,1775042573561744388,0.505368,1.039153,1.544521,200
1775042573565782073,1775042573565782073,1775042573566252460,0.000000,0.470387,0.470387,200
1775042573570176019,1775042573570176019,1775042573570987449,0.000000,0.811430,0.811430,200
1775042573580392127,1775042573580392127,1775042573582714387,0.000000,2.322260,2.322260,200
1775042573588927484,1775042573588927484,1775042573589374321,0.000000,0.446837,0.446837,200
1775042573596024284,1775042573596024284,1775042573596849508,0.000000,0.825224,0.825224,200
1775042573596712787,1775042573596849508,1775042573597569534,0.136721,0.720026,0.856747,200
1775042573600767831,1775042573600767831,1775042573601444385,0.000000,0.676554,0.676554,200
1775042573606748410,1775042573606748410,1775042573607223234,0.000000,0.474824,0.474824,200
1775042573610556732,1775042573610556732,1775042573611090993,0.000000,0.534261,0.534261,200
1775042573626362857,1775042573626362857,1775042573627182653,0.000000,0.819796,0.819796,200
1775042573628175986,1775042573628175986,1775042573628839450,0.000000,0.663464,0.663464,200
1775042573629438466,1775042573629438466,1775042573630541175,0.000000,1.102709,1.102709,200
1775042573672710619,1775042573672710619,1775042573673380867,0.000000,0.670248,0.670248,200
1775042573672813721,1775042573673380867,1775042573674118727,0.567146,0.737860,1.305006,200
1775042573675747700,1775042573675747700,1775042573676239607,0.000000,0.491907,0.491907,200
1775042573675792448,1775042573676239607,1775042573676851208,0.447159,0.611601,1.058760,200
1775042573687640338,1775042573687640338,1775042573688609811,0.000000,0.969473,0.969473,200
1775042573691153826,1775042573691153826,1775042573691716754,0.000000,0.562928,0.562928,200
1775042573693527965,1775042573693527965,1775042573694834414,0.000000,1.306449,1.306449,200
1775042573721430127,1775042573721430127,1775042573722742187,0.000000,1.312060,1.312060,200
1775042573748280782,1775042573748280782,1775042573748931802,0.000000,0.651020,0.651020,200
1775042573748397742,1775042573748931802,1775042573749748027,0.534060,0.816225,1.350285,200
1775042573845181781,1775042573845181781,1775042573846534038,0.000000,1.352257,1.352257,200
1775042573846461892,1775042573846534038,1775042573847278772,0.072146,0.744734,0.816880,200
1775042573855026307,1775042573855026307,1775042573856858070,0.000000,1.831763,1.831763,200
1775042573913185918,1775042573913185918,1775042573914830900,0.000000,1.644982,1.644982,200
1775042573925924592,1775042573925924592,1775042573926739599,0.000000,0.815007,0.815007,200
1775042573986316822,1775042573986316822,1775042573993497291,0.000000,7.180469,7.180469,200
1775042573986781746,1775042573993497291,1775042573993908219,6.715545,0.410928,7.126473,200
1775042573987296566,1775042573993908219,1775042573994508280,6.611653,0.600061,7.211714,200
1775042573990560365,1775042573994508280,1775042573997089847,3.947915,2.581567,6.529482,200
1775042573994575129,1775042573997089847,1775042573997878922,2.514718,0.789075,3.303793,200
1775042573994637161,1775042573997878922,1775042573998359026,3.241761,0.480104,3.721865,200
1775042573995476792,1775042573998359026,1775042573999645586,2.882234,1.286560,4.168794,200
1775042574018117367,1775042574018117367,1775042574018714424,0.000000,0.597057,0.597057,200
1775042574023552687,1775042574023552687,1775042574025095280,0.000000,1.542593,1.542593,200
1775042574027430812,1775042574027430812,1775042574028117141,0.000000,0.686329,0.686329,200
1775042574030765615,1775042574030765615,1775042574032561140,0.000000,1.795525,1.795525,200
1775042574035374322,1775042574035374322,1775042574036644347,0.000000,1.270025,1.270025,200
1775042574036850374,1775042574036850374,1775042574037538581,0.000000,0.688207,0.688207,200
1775042574039431505,1775042574039431505,1775042574040109598,0.000000,0.678093,0.678093,200
1775042574064269713,1775042574064269713,1775042574065422530,0.000000,1.152817,1.152817,200
1775042574077797295,1775042574077797295,1775042574078555967,0.000000,0.758672,0.758672,200
1775042574094271779,1775042574094271779,1775042574095018507,0.000000,0.746728,0.746728,200
1775042574094503615,1775042574095018507,1775042574095497568,0.514892,0.479061,0.993953,200
1775042574094652448,1775042574095497568,1775042574098006297,0.845120,2.508729,3.353849,200
1775042574102527663,1775042574102527663,1775042574103228311,0.000000,0.700648,0.700648,200
1775042574103462451,1775042574103462451,1775042574104856179,0.000000,1.393728,1.393728,200
1775042574108007276,1775042574108007276,1775042574108824935,0.000000,0.817659,0.817659,200
1775042574111490184,1775042574111490184,1775042574112606673,0.000000,1.116489,1.116489,200
1775042574112879877,1775042574112879877,1775042574113412193,0.000000,0.532316,0.532316,200
1775042574114184483,1775042574114184483,1775042574114919277,0.000000,0.734794,0.734794,200
1775042574114237427,1775042574114919277,1775042574115632489,0.681850,0.713212,1.395062,200
1775042574114277015,1775042574115632489,1775042574116454806,1.355474,0.822317,2.177791,200
1775042574121344550,1775042574121344550,1775042574122049897,0.000000,0.705347,0.705347,200
1775042574121405119,1775042574122049897,1775042574122795113,0.644778,0.745216,1.389994,200
1775042574123002640,1775042574123002640,1775042574123651205,0.000000,0.648565,0.648565,200
1775042574136983180,1775042574136983180,1775042574137621875,0.000000,0.638695,0.638695,200
1775042574137079810,1775042574137621875,1775042574142986079,0.542065,5.364204,5.906269,200
1775042574157201985,1775042574157201985,1775042574157942412,0.000000,0.740427,0.740427,200
1775042574159787459,1775042574159787459,1775042574160403138,0.000000,0.615679,0.615679,200
1775042574164504013,1775042574164504013,1775042574166156993,0.000000,1.652980,1.652980,200
1775042574172881475,1775042574172881475,1775042574173637465,0.000000,0.755990,0.755990,200
1775042574179372800,1775042574179372800,1775042574180167994,0.000000,0.795194,0.795194,200
1775042574181920139,1775042574181920139,1775042574182685538,0.000000,0.765399,0.765399,200
1775042574200332662,1775042574200332662,1775042574201021747,0.000000,0.689085,0.689085,200
1775042574209932855,1775042574209932855,1775042574211058724,0.000000,1.125869,1.125869,200
1775042574210016009,1775042574211058724,1775042574211571272,1.042715,0.512548,1.555263,200
1775042574218865599,1775042574218865599,1775042574220635269,0.000000,1.769670,1.769670,200
1775042574225132280,1775042574225132280,1775042574225791119,0.000000,0.658839,0.658839,200
1775042574225205935,1775042574225791119,1775042574236767760,0.585184,10.976641,11.561825,200
1775042574228239674,1775042574236767760,1775042574237499949,8.528086,0.732189,9.260275,200
1775042574230373449,1775042574237499949,1775042574238022437,7.126500,0.522488,7.648988,200
1775042574231533150,1775042574238022437,1775042574238669273,6.489287,0.646836,7.136123,200
1775042574232904446,1775042574238669273,1775042574239449246,5.764827,0.779973,6.544800,200
1775042574234258108,1775042574239449246,1775042574239958925,5.191138,0.509679,5.700817,200
1775042574243910775,1775042574243910775,1775042574245330467,0.000000,1.419692,1.419692,200
1775042574248865871,1775042574248865871,1775042574249794862,0.000000,0.928991,0.928991,200
1775042574253032504,1775042574253032504,1775042574253667149,0.000000,0.634645,0.634645,200
1775042574253710066,1775042574253710066,1775042574254419781,0.000000,0.709715,0.709715,200
1775042574261283016,1775042574261283016,1775042574262045646,0.000000,0.762630,0.762630,200
1775042574269040344,1775042574269040344,1775042574269816422,0.000000,0.776078,0.776078,200
1775042574269255777,1775042574269816422,1775042574271743269,0.560645,1.926847,2.487492,200
1775042574269325284,1775042574271743269,1775042574272545487,2.417985,0.802218,3.220203,200
1775042574275566446,1775042574275566446,1775042574276372020,0.000000,0.805574,0.805574,200
1775042574277179547,1775042574277179547,1775042574277948720,0.000000,0.769173,0.769173,200
1775042574278331332,1775042574278331332,1775042574279113129,0.000000,0.781797,0.781797,200
1775042574280029020,1775042574280029020,1775042574280637105,0.000000,0.608085,0.608085,200
1775042574281433842,1775042574281433842,1775042574282148459,0.000000,0.714617,0.714617,200
1775042574281789852,1775042574282148459,1775042574282896347,0.358607,0.747888,1.106495,200
1775042574282928311,1775042574282928311,1775042574283703045,0.000000,0.774734,0.774734,200
1775042574284260240,1775042574284260240,1775042574285390117,0.000000,1.129877,1.129877,200
1775042574284568486,1775042574285390117,1775042574286602057,0.821631,1.211940,2.033571,200
1775042574286802308,1775042574286802308,1775042574287226983,0.000000,0.424675,0.424675,200
1775042574287039424,1775042574287226983,1775042574287833157,0.187559,0.606174,0.793733,200
1775042574287948472,1775042574287948472,1775042574288531015,0.000000,0.582543,0.582543,200
1775042574289005921,1775042574289005921,1775042574289765620,0.000000,0.759699,0.759699,200
1775042574289244400,1775042574289765620,1775042574290412913,0.521220,0.647293,1.168513,200
1775042574289397261,1775042574290412913,1775042574291673821,1.015652,1.260908,2.276560,200
1775042574290511912,1775042574291673821,1775042574292400865,1.161909,0.727044,1.888953,200
1775042574290709160,1775042574292400865,1775042574293828939,1.691705,1.428074,3.119779,200
1775042574290954182,1775042574293828939,1775042574294485800,2.874757,0.656861,3.531618,200
1775042574291327526,1775042574294485800,1775042574295374558,3.158274,0.888758,4.047032,200
1775042574293850837,1775042574295374558,1775042574296289909,1.523721,0.915351,2.439072,200
1775042574296949694,1775042574296949694,1775042574297480585,0.000000,0.530891,0.530891,200
1775042574302196752,1775042574302196752,1775042574305700449,0.000000,3.503697,3.503697,200
1775042574306272476,1775042574306272476,1775042574307880405,0.000000,1.607929,1.607929,200
1775042574307285228,1775042574307880405,1775042574309601910,0.595177,1.721505,2.316682,200
1775042574312263807,1775042574312263807,1775042574313288528,0.000000,1.024721,1.024721,200
1775042574316526478,1775042574316526478,1775042574319127829,0.000000,2.601351,2.601351,200
1775042574320183940,1775042574320183940,1775042574320810371,0.000000,0.626431,0.626431,200
1775042574360586671,1775042574360586671,1775042574361325524,0.000000,0.738853,0.738853,200
1775042574364341360,1775042574364341360,1775042574364974485,0.000000,0.633125,0.633125,200
1775042574373779201,1775042574373779201,1775042574375077200,0.000000,1.297999,1.297999,200
1775042574376547480,1775042574376547480,1775042574377002528,0.000000,0.455048,0.455048,200
1775042574393674450,1775042574393674450,1775042574394564130,0.000000,0.889680,0.889680,200
1775042574395425743,1775042574395425743,1775042574396251657,0.000000,0.825914,0.825914,200
1775042574438164349,1775042574438164349,1775042574438732958,0.000000,0.568609,0.568609,200
1775042574438267732,1775042574438732958,1775042574439317348,0.465226,0.584390,1.049616,200
1775042574465323090,1775042574465323090,1775042574466008067,0.000000,0.684977,0.684977,200
1775042574472654964,1775042574472654964,1775042574473162733,0.000000,0.507769,0.507769,200
1775042574478095971,1775042574478095971,1775042574478751721,0.000000,0.655750,0.655750,200
1775042574479389768,1775042574479389768,1775042574480301660,0.000000,0.911892,0.911892,200
1775042574498940618,1775042574498940618,1775042574499531027,0.000000,0.590409,0.590409,200
1775042574500898481,1775042574500898481,1775042574501744674,0.000000,0.846193,0.846193,200
1775042574500984701,1775042574501744674,1775042574502407617,0.759973,0.662943,1.422916,200
1775042574502953217,1775042574502953217,1775042574504287041,0.000000,1.333824,1.333824,200
1775042574527048608,1775042574527048608,1775042574527532639,0.000000,0.484031,0.484031,200
1775042574530708711,1775042574530708711,1775042574539897089,0.000000,9.188378,9.188378,200
1775042574537073599,1775042574539897089,1775042574540704216,2.823490,0.807127,3.630617,200
1775042574538754762,1775042574540704216,1775042574541385848,1.949454,0.681632,2.631086,200
1775042574538847113,1775042574541385848,1775042574545804500,2.538735,4.418652,6.957387,200
1775042574561120427,1775042574561120427,1775042574562097542,0.000000,0.977115,0.977115,200
1775042574561207178,1775042574562097542,1775042574562820273,0.890364,0.722731,1.613095,200
1775042574567468581,1775042574567468581,1775042574568138668,0.000000,0.670087,0.670087,200
1775042574579660101,1775042574579660101,1775042574580339641,0.000000,0.679540,0.679540,200
1775042574579737814,1775042574580339641,1775042574581132504,0.601827,0.792863,1.394690,200
1775042574606167672,1775042574606167672,1775042574606823422,0.000000,0.655750,0.655750,200
1775042574607350618,1775042574607350618,1775042574608126728,0.000000,0.776110,0.776110,200
1775042574621903853,1775042574621903853,1775042574623367401,0.000000,1.463548,1.463548,200
1775042574625948365,1775042574625948365,1775042574626340155,0.000000,0.391790,0.391790,200
1775042574626064584,1775042574626340155,1775042574627306342,0.275571,0.966187,1.241758,200
1775042574626116406,1775042574627306342,1775042574628207349,1.189936,0.901007,2.090943,200
1775042574641985463,1775042574641985463,1775042574642767592,0.000000,0.782129,0.782129,200
1775042574700641792,1775042574700641792,1775042574701702626,0.000000,1.060834,1.060834,200
1775042574701978224,1775042574701978224,1775042574702507044,0.000000,0.528820,0.528820,200
1775042574709220089,1775042574709220089,1775042574709718783,0.000000,0.498694,0.498694,200
1775042574718719880,1775042574718719880,1775042574719239272,0.000000,0.519392,0.519392,200
1775042574720035547,1775042574720035547,1775042574721015283,0.000000,0.979736,0.979736,200
1775042574748009653,1775042574748009653,1775042574748673410,0.000000,0.663757,0.663757,200
1775042574750823857,1775042574750823857,1775042574751757363,0.000000,0.933506,0.933506,200
1775042574753622998,1775042574753622998,1775042574754904688,0.000000,1.281690,1.281690,200
1775042574753866818,1775042574754904688,1775042574755666371,1.037870,0.761683,1.799553,200
1775042574782825546,1775042574782825546,1775042574783532946,0.000000,0.707400,0.707400,200
1775042574788043696,1775042574788043696,1775042574788576964,0.000000,0.533268,0.533268,200
1775042574792824827,1775042574792824827,1775042574793346521,0.000000,0.521694,0.521694,200
1775042574793313107,1775042574793346521,1775042574801208198,0.033414,7.861677,7.895091,200
1775042574804306447,1775042574804306447,1775042574805032925,0.000000,0.726478,0.726478,200
1775042574804403167,1775042574805032925,1775042574805655477,0.629758,0.622552,1.252310,200
1775042574806601780,1775042574806601780,1775042574807876479,0.000000,1.274699,1.274699,200
1775042574806640647,1775042574807876479,1775042574808686333,1.235832,0.809854,2.045686,200
1775042574823800342,1775042574823800342,1775042574824742675,0.000000,0.942333,0.942333,200
1775042574826574547,1775042574826574547,1775042574827345105,0.000000,0.770558,0.770558,200
1775042574831222341,1775042574831222341,1775042574832171467,0.000000,0.949126,0.949126,200
1775042574836441974,1775042574836441974,1775042574837097026,0.000000,0.655052,0.655052,200
1775042574837103294,1775042574837103294,1775042574837870513,0.000000,0.767219,0.767219,200
1775042574837162641,1775042574837870513,1775042574841535227,0.707872,3.664714,4.372586,200
1775042574856077868,1775042574856077868,1775042574857058657,0.000000,0.980789,0.980789,200
1775042574859566728,1775042574859566728,1775042574860422329,0.000000,0.855601,0.855601,200
1775042574864974136,1775042574864974136,1775042574865719108,0.000000,0.744972,0.744972,200
1775042574871347878,1775042574871347878,1775042574872113183,0.000000,0.765305,0.765305,200
1775042574871756852,1775042574872113183,1775042574872934112,0.356331,0.820929,1.177260,200
1775042574871959260,1775042574872934112,1775042574874172936,0.974852,1.238824,2.213676,200
1775042574871990892,1775042574874172936,1775042574874925395,2.182044,0.752459,2.934503,200
1775042574872017063,1775042574874925395,1775042574876194831,2.908332,1.269436,4.177768,200
1775042574875151987,1775042574876194831,1775042574876698371,1.042844,0.503540,1.546384,200
1775042574875261122,1775042574876698371,1775042574878182077,1.437249,1.483706,2.920955,200
1775042574880155090,1775042574880155090,1775042574888241515,0.000000,8.086425,8.086425,200
1775042574880225238,1775042574888241515,1775042574888779842,8.016277,0.538327,8.554604,200
1775042574880274706,1775042574888779842,1775042574889945090,8.505136,1.165248,9.670384,200
1775042574882909130,1775042574889945090,1775042574890596110,7.035960,0.651020,7.686980,200
1775042574885523847,1775042574890596110,1775042574891280994,5.072263,0.684884,5.757147,200
1775042574886133529,1775042574891280994,1775042574892140072,5.147465,0.859078,6.006543,200
1775042574919862289,1775042574919862289,1775042574921942078,0.000000,2.079789,2.079789,200
1775042574922790035,1775042574922790035,1775042574923541102,0.000000,0.751067,0.751067,200
1775042574922826537,1775042574923541102,1775042574924299644,0.714565,0.758542,1.473107,200
1775042574932338627,1775042574932338627,1775042574933984268,0.000000,1.645641,1.645641,200
1775042574965774720,1775042574965774720,1775042574966523353,0.000000,0.748633,0.748633,200
1775042575025881546,1775042575025881546,1775042575026748661,0.000000,0.867115,0.867115,200
1775042575026716097,1775042575026748661,1775042575027426694,0.032564,0.678033,0.710597,200
1775042575032234217,1775042575032234217,1775042575033148595,0.000000,0.914378,0.914378,200
1775042575032283384,1775042575033148595,1775042575035200965,0.865211,2.052370,2.917581,200
1775042575036920503,1775042575036920503,1775042575038396038,0.000000,1.475535,1.475535,200
1775042575051962020,1775042575051962020,1775042575052662577,0.000000,0.700557,0.700557,200
1775042575052120312,1775042575052662577,1775042575053284930,0.542265,0.622353,1.164618,200
1775042575053375770,1775042575053375770,1775042575054460838,0.000000,1.085068,1.085068,200
1775042575054345026,1775042575054460838,1775042575055104227,0.115812,0.643389,0.759201,200
1775042575074895413,1775042575074895413,1775042575075639957,0.000000,0.744544,0.744544,200
1775042575077070189,1775042575077070189,1775042575080199004,0.000000,3.128815,3.128815,200
1775042575085643897,1775042575085643897,1775042575087450287,0.000000,1.806390,1.806390,200
1775042575090931945,1775042575090931945,1775042575096316096,0.000000,5.384151,5.384151,200
1775042575092158036,1775042575096316096,1775042575097674295,4.158060,1.358199,5.516259,200
1775042575095490589,1775042575097674295,1775042575102266352,2.183706,4.592057,6.775763,200
1775042575097738419,1775042575102266352,1775042575103292374,4.527933,1.026022,5.553955,200
1775042575111235012,1775042575111235012,1775042575112274165,0.000000,1.039153,1.039153,200
1775042575111293878,1775042575112274165,1775042575114375796,0.980287,2.101631,3.081918,200
1775042575113834794,1775042575114375796,1775042575115103421,0.541002,0.727625,1.268627,200
1775042575113888569,1775042575115103421,1775042575115817609,1.214852,0.714188,1.929040,200
1775042575113913438,1775042575115817609,1775042575116527202,1.904171,0.709593,2.613764,200
1775042575122145750,1775042575122145750,1775042575123251898,0.000000,1.106148,1.106148,200
1775042575136335015,1775042575136335015,1775042575146771443,0.000000,10.436428,10.436428,200
1775042575138309828,1775042575146771443,1775042575147524433,8.461615,0.752990,9.214605,200
1775042575140199053,1775042575147524433,1775042575148106566,7.325380,0.582133,7.907513,200
1775042575140487700,1775042575148106566,1775042575148612331,7.618866,0.505765,8.124631,200
1775042575144580753,1775042575148612331,1775042575149259314,4.031578,0.646983,4.678561,200
1775042575144650410,1775042575149259314,1775042575150304560,4.608904,1.045246,5.654150,200
1775042575151479545,1775042575151479545,1775042575152234421,0.000000,0.754876,0.754876,200
1775042575161546302,1775042575161546302,1775042575162270256,0.000000,0.723954,0.723954,200
1775042575161916109,1775042575162270256,1775042575162833031,0.354147,0.562775,0.916922,200
1775042575169855717,1775042575169855717,1775042575170413393,0.000000,0.557676,0.557676,200
1775042575177168336,1775042575177168336,1775042575177643579,0.000000,0.475243,0.475243,200
1775042575202863101,1775042575202863101,1775042575213580687,0.000000,10.717586,10.717586,200
1775042575203651020,1775042575213580687,1775042575214477891,9.929667,0.897204,10.826871,200
1775042575203703534,1775042575214477891,1775042575225994600,10.774357,11.516709,22.291066,200
1775042575213023446,1775042575225994600,1775042575226764634,12.971154,0.770034,13.741188,200
1775042575213113122,1775042575226764634,1775042575227804303,13.651512,1.039669,14.691181,200
1775042575229092079,1775042575229092079,1775042575229775663,0.000000,0.683584,0.683584,200
1775042575235698068,1775042575235698068,1775042575237240544,0.000000,1.542476,1.542476,200
1775042575240766674,1775042575240766674,1775042575241703899,0.000000,0.937225,0.937225,200
1775042575240960225,1775042575241703899,1775042575242553229,0.743674,0.849330,1.593004,200
1775042575248697452,1775042575248697452,1775042575249475951,0.000000,0.778499,0.778499,200
1775042575252790210,1775042575252790210,1775042575253642937,0.000000,0.852727,0.852727,200
1775042575255193395,1775042575255193395,1775042575256308042,0.000000,1.114647,1.114647,200
1775042575256787930,1775042575256787930,1775042575257474681,0.000000,0.686751,0.686751,200
1775042575256996881,1775042575257474681,1775042575258165940,0.477800,0.691259,1.169059,200
1775042575257943352,1775042575258165940,1775042575261709162,0.222588,3.543222,3.765810,200
1775042575260960024,1775042575261709162,1775042575262412347,0.749138,0.703185,1.452323,200
1775042575269151991,1775042575269151991,1775042575269857027,0.000000,0.705036,0.705036,200
1775042575271125962,1775042575271125962,1775042575271867821,0.000000,0.741859,0.741859,200
1775042575273042381,1775042575273042381,1775042575273505572,0.000000,0.463191,0.463191,200
1775042575274256107,1775042575274256107,1775042575275062844,0.000000,0.806737,0.806737,200
1775042575276860207,1775042575276860207,1775042575277634749,0.000000,0.774542,0.774542,200
1775042575278148801,1775042575278148801,1775042575278848078,0.000000,0.699277,0.699277,200
1775042575293825301,1775042575293825301,1775042575294613422,0.000000,0.788121,0.788121,200
1775042575294126277,1775042575294613422,1775042575297645555,0.487145,3.032133,3.519278,200
1775042575306028820,1775042575306028820,1775042575306827885,0.000000,0.799065,0.799065,200
1775042575306507782,1775042575306827885,1775042575307269419,0.320103,0.441534,0.761637,200
1775042575307949046,1775042575307949046,1775042575308636788,0.000000,0.687742,0.687742,200
1775042575311775130,1775042575311775130,1775042575313796394,0.000000,2.021264,2.021264,200
1775042575311881268,1775042575313796394,1775042575314520422,1.915126,0.724028,2.639154,200
1775042575340277317,1775042575340277317,1775042575340978086,0.000000,0.700769,0.700769,200
1775042575358992069,1775042575358992069,1775042575359556960,0.000000,0.564891,0.564891,200
1775042575359096795,1775042575359556960,1775042575360325751,0.460165,0.768791,1.228956,200
1775042575365166149,1775042575365166149,1775042575365836998,0.000000,0.670849,0.670849,200
1775042575430547982,1775042575430547982,1775042575431182744,0.000000,0.634762,0.634762,200
1775042575451384346,1775042575451384346,1775042575452202237,0.000000,0.817891,0.817891,200
1775042575454422941,1775042575454422941,1775042575455278364,0.000000,0.855423,0.855423,200
1775042575455610796,1775042575455610796,1775042575456715507,0.000000,1.104711,1.104711,200
1775042575456039569,1775042575456715507,1775042575458027276,0.675938,1.311769,1.987707,200
1775042575457966879,1775042575458027276,1775042575458994991,0.060397,0.967715,1.028112,200
1775042575478887011,1775042575478887011,1775042575480819267,0.000000,1.932256,1.932256,200
1775042575480907201,1775042575480907201,1775042575481419979,0.000000,0.512778,0.512778,200
1775042575503160708,1775042575503160708,1775042575503569281,0.000000,0.408573,0.408573,200
1775042575589092627,1775042575589092627,1775042575589843631,0.000000,0.751004,0.751004,200
1775042575589277500,1775042575589843631,1775042575590589481,0.566131,0.745850,1.311981,200
1775042575589587439,1775042575590589481,1775042575591141585,1.002042,0.552104,1.554146,200
1775042575594107404,1775042575594107404,1775042575594710922,0.000000,0.603518,0.603518,200
1775042575595650759,1775042575595650759,1775042575596288945,0.000000,0.638186,0.638186,200
1775042575602873593,1775042575602873593,1775042575603369817,0.000000,0.496224,0.496224,200
1775042575604967740,1775042575604967740,1775042575605874591,0.000000,0.906851,0.906851,200
1775042575605325494,1775042575605874591,1775042575606471358,0.549097,0.596767,1.145864,200
1775042575605577469,1775042575606471358,1775042575607670903,0.893889,1.199545,2.093434,200
1775042575632272628,1775042575632272628,1775042575632947826,0.000000,0.675198,0.675198,200
1775042575636351153,1775042575636351153,1775042575637169312,0.000000,0.818159,0.818159,200
1775042575638122667,1775042575638122667,1775042575638786131,0.000000,0.663464,0.663464,200
1775042575641059241,1775042575641059241,1775042575642299974,0.000000,1.240733,1.240733,200
1775042575641123677,1775042575642299974,1775042575642960774,1.176297,0.660800,1.837097,200
1775042575645641390,1775042575645641390,1775042575646858837,0.000000,1.217447,1.217447,200
1775042575660085303,1775042575660085303,1775042575660799457,0.000000,0.714154,0.714154,200
1775042575665946078,1775042575665946078,1775042575666589243,0.000000,0.643165,0.643165,200
1775042575687812755,1775042575687812755,1775042575689100044,0.000000,1.287289,1.287289,200
1775042575709274543,1775042575709274543,1775042575709894152,0.000000,0.619609,0.619609,200
1775042575710043912,1775042575710043912,1775042575710721415,0.000000,0.677503,0.677503,200
1775042575723389673,1775042575723389673,1775042575724026633,0.000000,0.636960,0.636960,200
1775042575742494068,1775042575742494068,1775042575743052486,0.000000,0.558418,0.558418,200
1775042575744572526,1775042575744572526,1775042575745426200,0.000000,0.853674,0.853674,200
1775042575754909713,1775042575754909713,1775042575760834765,0.000000,5.925052,5.925052,200
1775042575759228145,1775042575760834765,1775042575761587906,1.606620,0.753141,2.359761,200
1775042575762978756,1775042575762978756,1775042575763810038,0.000000,0.831282,0.831282,200
1775042575764455429,1775042575764455429,1775042575765737461,0.000000,1.282032,1.282032,200
1775042575764579914,1775042575765737461,1775042575766357512,1.157547,0.620051,1.777598,200
1775042575764917688,1775042575766357512,1775042575768065288,1.439824,1.707776,3.147600,200
1775042575787680510,1775042575787680510,1775042575788898916,0.000000,1.218406,1.218406,200
1775042575791464676,1775042575791464676,1775042575792158427,0.000000,0.693751,0.693751,200
1775042575808390639,1775042575808390639,1775042575809105894,0.000000,0.715255,0.715255,200
1775042575823564417,1775042575823564417,1775042575824676443,0.000000,1.112026,1.112026,200
1775042575824370111,1775042575824676443,1775042575826682001,0.306332,2.005558,2.311890,200
1775042575824492521,1775042575826682001,1775042575827635877,2.189480,0.953876,3.143356,200
1775042575881371836,1775042575881371836,1775042575881985461,0.000000,0.613625,0.613625,200
1775042575886018918,1775042575886018918,1775042575886906012,0.000000,0.887094,0.887094,200
1775042575894865739,1775042575894865739,1775042575895645942,0.000000,0.780203,0.780203,200
1775042575911359514,1775042575911359514,1775042575912700942,0.000000,1.341428,1.341428,200
1775042575911430473,1775042575912700942,1775042575914074967,1.270469,1.374025,2.644494,200
1775042575924888626,1775042575924888626,1775042575926795050,0.000000,1.906424,1.906424,200
1775042575932432414,1775042575932432414,1775042575933101860,0.000000,0.669446,0.669446,200
1775042575937896849,1775042575937896849,1775042575939174913,0.000000,1.278064,1.278064,200
1775042575960584659,1775042575960584659,1775042575961299044,0.000000,0.714385,0.714385,200
1775042575967330888,1775042575967330888,1775042575968070443,0.000000,0.739555,0.739555,200
1775042575989997864,1775042575989997864,1775042575990862059,0.000000,0.864195,0.864195,200
1775042575997310132,1775042575997310132,1775042575997978866,0.000000,0.668734,0.668734,200
1775042576003338537,1775042576003338537,1775042576004025417,0.000000,0.686880,0.686880,200
1775042576004969704,1775042576004969704,1775042576005623282,0.000000,0.653578,0.653578,200
1775042576005445832,1775042576005623282,1775042576006318439,0.177450,0.695157,0.872607,200
1775042576007304205,1775042576007304205,1775042576008053799,0.000000,0.749594,0.749594,200
1775042576013352990,1775042576013352990,1775042576015020100,0.000000,1.667110,1.667110,200
1775042576023878571,1775042576023878571,1775042576024445296,0.000000,0.566725,0.566725,200
1775042576029149555,1775042576029149555,1775042576029749855,0.000000,0.600300,0.600300,200
1775042576029418414,1775042576029749855,1775042576031490375,0.331441,1.740520,2.071961,200
1775042576048411950,1775042576048411950,1775042576049151077,0.000000,0.739127,0.739127,200
1775042576049914085,1775042576049914085,1775042576055252346,0.000000,5.338261,5.338261,200
1775042576055368121,1775042576055368121,1775042576058359019,0.000000,2.990898,2.990898,200
1775042576079749668,1775042576079749668,1775042576080471119,0.000000,0.721451,0.721451,200
1775042576082281957,1775042576082281957,1775042576083354555,0.000000,1.072598,1.072598,200
1775042576083638895,1775042576083638895,1775042576084391616,0.000000,0.752721,0.752721,200
1775042576084337068,1775042576084391616,1775042576085091292,0.054548,0.699676,0.754224,200
1775042576110998775,1775042576110998775,1775042576111718380,0.000000,0.719605,0.719605,200
1775042576112489557,1775042576112489557,1775042576113200525,0.000000,0.710968,0.710968,200
1775042576118936452,1775042576118936452,1775042576121813288,0.000000,2.876836,2.876836,200
1775042576122707123,1775042576122707123,1775042576123519541,0.000000,0.812418,0.812418,200
1775042576129070587,1775042576129070587,1775042576129924045,0.000000,0.853458,0.853458,200
1775042576133233913,1775042576133233913,1775042576134079536,0.000000,0.845623,0.845623,200
1775042576139925080,1775042576139925080,1775042576140604303,0.000000,0.679223,0.679223,200
1775042576139961832,1775042576140604303,1775042576141209795,0.642471,0.605492,1.247963,200
1775042576139984487,1775042576141209795,1775042576143249354,1.225308,2.039559,3.264867,200
1775042576160493863,1775042576160493863,1775042576161037753,0.000000,0.543890,0.543890,200
1775042576189388088,1775042576189388088,1775042576190815416,0.000000,1.427328,1.427328,200
1775042576191871662,1775042576191871662,1775042576195463410,0.000000,3.591748,3.591748,200
1775042576191944966,1775042576195463410,1775042576196053819,3.518444,0.590409,4.108853,200
1775042576193622484,1775042576196053819,1775042576196797421,2.431335,0.743602,3.174937,200
1775042576195822267,1775042576196797421,1775042576197569282,0.975154,0.771861,1.747015,200
1775042576195974756,1775042576197569282,1775042576199027880,1.594526,1.458598,3.053124,200
1775042576197130419,1775042576199027880,1775042576199590286,1.897461,0.562406,2.459867,200
1775042576225911561,1775042576225911561,1775042576226675304,0.000000,0.763743,0.763743,200
1775042576225967561,1775042576226675304,1775042576227671509,0.707743,0.996205,1.703948,200
1775042576229534136,1775042576229534136,1775042576230293927,0.000000,0.759791,0.759791,200
1775042576253487069,1775042576253487069,1775042576254785061,0.000000,1.297992,1.297992,200
1775042576254514353,1775042576254785061,1775042576255546390,0.270708,0.761329,1.032037,200
1775042576257814001,1775042576257814001,1775042576260577994,0.000000,2.763993,2.763993,200
1775042576257927434,1775042576260577994,1775042576261346785,2.650560,0.768791,3.419351,200
1775042576263043434,1775042576263043434,1775042576263611631,0.000000,0.568197,0.568197,200
1775042576263084956,1775042576263611631,1775042576264123728,0.526675,0.512097,1.038772,200
1775042576264350214,1775042576264350214,1775042576265219593,0.000000,0.869379,0.869379,200
1775042576270875100,1775042576270875100,1775042576272486643,0.000000,1.611543,1.611543,200
1775042576271768887,1775042576272486643,1775042576273350495,0.717756,0.863852,1.581608,200
1775042576277112725,1775042576277112725,1775042576277916634,0.000000,0.803909,0.803909,200
1775042576279615415,1775042576279615415,1775042576280838986,0.000000,1.223571,1.223571,200
1775042576282675663,1775042576282675663,1775042576284382931,0.000000,1.707268,1.707268,200
1775042576282742173,1775042576284382931,1775042576294521699,1.640758,10.138768,11.779526,200
1775042576286093716,1775042576294521699,1775042576295319497,8.427983,0.797798,9.225781,200
1775042576299178733,1775042576299178733,1775042576299948577,0.000000,0.769844,0.769844,200
1775042576302689856,1775042576302689856,1775042576303806564,0.000000,1.116708,1.116708,200
1775042576312997205,1775042576312997205,1775042576316162099,0.000000,3.164894,3.164894,200
1775042576313612324,1775042576316162099,1775042576316896524,2.549775,0.734425,3.284200,200
1775042576313671611,1775042576316896524,1775042576317694047,3.224913,0.797523,4.022436,200
1775042576346533856,1775042576346533856,1775042576362385780,0.000000,15.851924,15.851924,200
1775042576347410822,1775042576362385780,1775042576363129042,14.974958,0.743262,15.718220,200
1775042576347460990,1775042576363129042,1775042576363988388,15.668052,0.859346,16.527398,200
1775042576377272818,1775042576377272818,1775042576377860668,0.000000,0.587850,0.587850,200
1775042576377329780,1775042576377860668,1775042576378328189,0.530888,0.467521,0.998409,200
1775042576377568590,1775042576378328189,1775042576379116329,0.759599,0.788140,1.547739,200
1775042576382875961,1775042576382875961,1775042576383476610,0.000000,0.600649,0.600649,200
1775042576388523435,1775042576388523435,1775042576389114477,0.000000,0.591042,0.591042,200
1775042576499618316,1775042576499618316,1775042576500450234,0.000000,0.831918,0.831918,200
1775042576503154632,1775042576503154632,1775042576506477788,0.000000,3.323156,3.323156,200
1775042576503919714,1775042576506477788,1775042576507275586,2.558074,0.797798,3.355872,200
1775042576504008269,1775042576507275586,1775042576508025554,3.267317,0.749968,4.017285,200
1775042576505389514,1775042576508025554,1775042576508807462,2.636040,0.781908,3.417948,200
1775042576532923346,1775042576532923346,1775042576537436191,0.000000,4.512845,4.512845,200
1775042576538048731,1775042576538048731,1775042576538756062,0.000000,0.707331,0.707331,200
1775042576538153938,1775042576538756062,1775042576539479925,0.602124,0.723863,1.325987,200
1775042576565227472,1775042576565227472,1775042576566026639,0.000000,0.799167,0.799167,200
1775042576565320214,1775042576566026639,1775042576571952005,0.706425,5.925366,6.631791,200
1775042576568792812,1775042576571952005,1775042576573010155,3.159193,1.058150,4.217343,200
1775042576570364302,1775042576573010155,1775042576574622655,2.645853,1.612500,4.258353,200
1775042576572819602,1775042576574622655,1775042576575244167,1.803053,0.621512,2.424565,200
1775042576572881684,1775042576575244167,1775042576575832157,2.362483,0.587990,2.950473,200
1775042576575311131,1775042576575832157,1775042576576500339,0.521026,0.668182,1.189208,200
1775042576586980191,1775042576586980191,1775042576587676781,0.000000,0.696590,0.696590,200
1775042576587045921,1775042576587676781,1775042576588360149,0.630860,0.683368,1.314228,200
1775042576587171818,1775042576588360149,1775042576590217224,1.188331,1.857075,3.045406,200
1775042576587209152,1775042576590217224,1775042576591032809,3.008072,0.815585,3.823657,200
1775042576587242136,1775042576591032809,1775042576591496140,3.790673,0.463331,4.254004,200
1775042576589435860,1775042576591496140,1775042576592851916,2.060280,1.355776,3.416056,200
1775042576594867259,1775042576594867259,1775042576595449804,0.000000,0.582545,0.582545,200
1775042576595293678,1775042576595449804,1775042576595961162,0.156126,0.511358,0.667484,200
1775042576595328787,1775042576595961162,1775042576600213525,0.632375,4.252363,4.884738,200
1775042576601421200,1775042576601421200,1775042576602454194,0.000000,1.032994,1.032994,200
1775042576615846243,1775042576615846243,1775042576618841685,0.000000,2.995442,2.995442,200
1775042576616025917,1775042576618841685,1775042576619680316,2.815768,0.838631,3.654399,200
1775042576617935301,1775042576619680316,1775042576625205919,1.745015,5.525603,7.270618,200
1775042576618012533,1775042576625205919,1775042576625749809,7.193386,0.543890,7.737276,200
1775042576646333810,1775042576646333810,1775042576647067072,0.000000,0.733262,0.733262,200
1775042576664058281,1775042576664058281,1775042576665268280,0.000000,1.209999,1.209999,200
1775042576664130042,1775042576665268280,1775042576666084545,1.138238,0.816265,1.954503,200
1775042576664179228,1775042576666084545,1775042576666757470,1.905317,0.672925,2.578242,200
1775042576668119015,1775042576668119015,1775042576669235504,0.000000,1.116489,1.116489,200
1775042576668186548,1775042576669235504,1775042576669643027,1.048956,0.407523,1.456479,200
1775042576676655620,1775042576676655620,1775042576679731191,0.000000,3.075571,3.075571,200
1775042576684392430,1775042576684392430,1775042576685118074,0.000000,0.725644,0.725644,200
1775042576693142543,1775042576693142543,1775042576693683835,0.000000,0.541292,0.541292,200
1775042576693638488,1775042576693683835,1775042576694456904,0.045347,0.773069,0.818416,200
1775042576721089674,1775042576721089674,1775042576721719001,0.000000,0.629327,0.629327,200
1775042576723222648,1775042576723222648,1775042576723774141,0.000000,0.551493,0.551493,200
1775042576725289292,1775042576725289292,1775042576725972305,0.000000,0.683013,0.683013,200
1775042576733695105,1775042576733695105,1775042576734613752,0.000000,0.918647,0.918647,200
1775042576733799991,1775042576734613752,1775042576735259977,0.813761,0.646225,1.459986,200
1775042576782691269,1775042576782691269,1775042576783264488,0.000000,0.573219,0.573219,200
1775042576787648200,1775042576787648200,1775042576788255724,0.000000,0.607524,0.607524,200
1775042576791814297,1775042576791814297,1775042576792457475,0.000000,0.643178,0.643178,200
1775042576812889647,1775042576812889647,1775042576813340102,0.000000,0.450455,0.450455,200
1775042576843645771,1775042576843645771,1775042576845140313,0.000000,1.494542,1.494542,200
1775042576878246589,1775042576878246589,1775042576879039598,0.000000,0.793009,0.793009,200
1775042576878309473,1775042576879039598,1775042576882073396,0.730125,3.033798,3.763923,200
1775042576882985467,1775042576882985467,1775042576883638802,0.000000,0.653335,0.653335,200
1775042576883056817,1775042576883638802,1775042576884086535,0.581985,0.447733,1.029718,200
1775042576924284287,1775042576924284287,1775042576925439233,0.000000,1.154946,1.154946,200
1775042576926807071,1775042576926807071,1775042576927614262,0.000000,0.807191,0.807191,200
1775042576930243758,1775042576930243758,1775042576931504312,0.000000,1.260554,1.260554,200
1775042576933906127,1775042576933906127,1775042576934646856,0.000000,0.740729,0.740729,200
1775042576942830694,1775042576942830694,1775042576943427751,0.000000,0.597057,0.597057,200
1775042576945647066,1775042576945647066,1775042576946670142,0.000000,1.023076,1.023076,200
1775042576956714146,1775042576956714146,1775042576957502429,0.000000,0.788283,0.788283,200
1775042576958677105,1775042576958677105,1775042576960003067,0.000000,1.325962,1.325962,200
1775042576969521237,1775042576969521237,1775042576970193979,0.000000,0.672742,0.672742,200
1775042576969619681,1775042576970193979,1775042576970980696,0.574298,0.786717,1.361015,200
1775042576974357507,1775042576974357507,1775042576980425750,0.000000,6.068243,6.068243,200
1775042576978675517,1775042576980425750,1775042576981076868,1.750233,0.651118,2.401351,200
1775042577001629989,1775042577001629989,1775042577002403307,0.000000,0.773318,0.773318,200
1775042577006584491,1775042577006584491,1775042577007977746,0.000000,1.393255,1.393255,200
1775042577010926011,1775042577010926011,1775042577011844087,0.000000,0.918076,0.918076,200
1775042577013128151,1775042577013128151,1775042577015337393,0.000000,2.209242,2.209242,200
1775042577013335528,1775042577015337393,1775042577016020691,2.001865,0.683298,2.685163,200
1775042577013390456,1775042577016020691,1775042577016646490,2.630235,0.625799,3.256034,200
1775042577015201376,1775042577016646490,1775042577017168978,1.445114,0.522488,1.967602,200
1775042577015488962,1775042577017168978,1775042577018043292,1.680016,0.874314,2.554330,200
1775042577051722406,1775042577051722406,1775042577054662909,0.000000,2.940503,2.940503,200
1775042577051801461,1775042577054662909,1775042577055828157,2.861448,1.165248,4.026696,200
1775042577055127077,1775042577055828157,1775042577056326667,0.701080,0.498510,1.199590,200
1775042577062913571,1775042577062913571,1775042577063648405,0.000000,0.734834,0.734834,200
1775042577065926331,1775042577065926331,1775042577066582824,0.000000,0.656493,0.656493,200
1775042577070868941,1775042577070868941,1775042577071571728,0.000000,0.702787,0.702787,200
1775042577070974018,1775042577071571728,1775042577072528428,0.597710,0.956700,1.554410,200
1775042577071500495,1775042577072528428,1775042577073159691,1.027933,0.631263,1.659196,200
1775042577081570725,1775042577081570725,1775042577082552522,0.000000,0.981797,0.981797,200
1775042577093652628,1775042577093652628,1775042577094475075,0.000000,0.822447,0.822447,200
1775042577097606597,1775042577097606597,1775042577099438436,0.000000,1.831839,1.831839,200
1775042577098837973,1775042577099438436,1775042577100421852,0.600463,0.983416,1.583879,200
1775042577103655937,1775042577103655937,1775042577104157340,0.000000,0.501403,0.501403,200
1775042577108661961,1775042577108661961,1775042577109175703,0.000000,0.513742,0.513742,200
1775042577108809090,1775042577109175703,1775042577109941658,0.366613,0.765955,1.132568,200
1775042577113149117,1775042577113149117,1775042577126047097,0.000000,12.897980,12.897980,200
1775042577118231339,1775042577126047097,1775042577127499433,7.815758,1.452336,9.268094,200
1775042577121965962,1775042577127499433,1775042577128062741,5.533471,0.563308,6.096779,200
1775042577133218887,1775042577133218887,1775042577133616094,0.000000,0.397207,0.397207,200
1775042577139527722,1775042577139527722,1775042577140069200,0.000000,0.541478,0.541478,200
1775042577140892716,1775042577140892716,1775042577141682920,0.000000,0.790204,0.790204,200
1775042577142289031,1775042577142289031,1775042577142967365,0.000000,0.678334,0.678334,200
1775042577156043083,1775042577156043083,1775042577156797692,0.000000,0.754609,0.754609,200
1775042577157410843,1775042577157410843,1775042577158070119,0.000000,0.659276,0.659276,200
1775042577164384685,1775042577164384685,1775042577164865217,0.000000,0.480532,0.480532,200
1775042577165874464,1775042577165874464,1775042577166601635,0.000000,0.727171,0.727171,200
1775042577178434034,1775042577178434034,1775042577179159180,0.000000,0.725146,0.725146,200
1775042577180198914,1775042577180198914,1775042577182015918,0.000000,1.817004,1.817004,200
1775042577180254343,1775042577182015918,1775042577182789567,1.761575,0.773649,2.535224,200
1775042577196864940,1775042577196864940,1775042577197685375,0.000000,0.820435,0.820435,200
1775042577199350327,1775042577199350327,1775042577200106133,0.000000,0.755806,0.755806,200
1775042577199704433,1775042577200106133,1775042577200590038,0.401700,0.483905,0.885605,200
1775042577203135750,1775042577203135750,1775042577203690182,0.000000,0.554432,0.554432,200
1775042577203992514,1775042577203992514,1775042577205913965,0.000000,1.921451,1.921451,200
1775042577205454188,1775042577205913965,1775042577206534695,0.459777,0.620730,1.080507,200
1775042577206868058,1775042577206868058,1775042577207636760,0.000000,0.768702,0.768702,200
1775042577207378562,1775042577207636760,1775042577208211861,0.258198,0.575101,0.833299,200
1775042577207609526,1775042577208211861,1775042577209639935,0.602335,1.428074,2.030409,200
1775042577207756255,1775042577209639935,1775042577210223742,1.883680,0.583807,2.467487,200
1775042577220323185,1775042577220323185,1775042577221056786,0.000000,0.733601,0.733601,200
1775042577221806381,1775042577221806381,1775042577222389766,0.000000,0.583385,0.583385,200
1775042577223335107,1775042577223335107,1775042577238852506,0.000000,15.517399,15.517399,200
1775042577224948489,1775042577238852506,1775042577239305667,13.904017,0.453161,14.357178,200
1775042577227336815,1775042577239305667,1775042577240477700,11.968852,1.172033,13.140885,200
1775042577240473014,1775042577240477700,1775042577240913668,0.004686,0.435968,0.440654,200
1775042577253839830,1775042577253839830,1775042577254536530,0.000000,0.696700,0.696700,200
1775042577264031630,1775042577264031630,1775042577264706978,0.000000,0.675348,0.675348,200
1775042577264125274,1775042577264706978,1775042577266615305,0.581704,1.908327,2.490031,200
1775042577270454034,1775042577270454034,1775042577271081210,0.000000,0.627176,0.627176,200
1775042577272938609,1775042577272938609,1775042577273561254,0.000000,0.622645,0.622645,200
1775042577274214482,1775042577274214482,1775042577274972547,0.000000,0.758065,0.758065,200
1775042577294925443,1775042577294925443,1775042577295388263,0.000000,0.462820,0.462820,200
1775042577298620859,1775042577298620859,1775042577299583372,0.000000,0.962513,0.962513,200
1775042577311126431,1775042577311126431,1775042577311712624,0.000000,0.586193,0.586193,200
1775042577316678558,1775042577316678558,1775042577319163284,0.000000,2.484726,2.484726,200
1775042577319401472,1775042577319401472,1775042577319898582,0.000000,0.497110,0.497110,200
1775042577319754656,1775042577319898582,1775042577321053439,0.143926,1.154857,1.298783,200
1775042577319831758,1775042577321053439,1775042577322064310,1.221681,1.010871,2.232552,200
1775042577321750060,1775042577322064310,1775042577322788714,0.314250,0.724404,1.038654,200
1775042577334782094,1775042577334782094,1775042577335798775,0.000000,1.016681,1.016681,200
1775042577406604491,1775042577406604491,1775042577408454257,0.000000,1.849766,1.849766,200
1775042577406751019,1775042577408454257,1775042577409214372,1.703238,0.760115,2.463353,200
1775042577411476151,1775042577411476151,1775042577412005359,0.000000,0.529208,0.529208,200
1775042577436949791,1775042577436949791,1775042577440246722,0.000000,3.296931,3.296931,200
1775042577437080859,1775042577440246722,1775042577441008675,3.165863,0.761953,3.927816,200
1775042577437117912,1775042577441008675,1775042577441464511,3.890763,0.455836,4.346599,200
1775042577500866505,1775042577500866505,1775042577501868975,0.000000,1.002470,1.002470,200
1775042577505359548,1775042577505359548,1775042577505840662,0.000000,0.481114,0.481114,200
1775042577512652331,1775042577512652331,1775042577513417485,0.000000,0.765154,0.765154,200
1775042577512727509,1775042577513417485,1775042577514223671,0.689976,0.806186,1.496162,200
1775042577518240910,1775042577518240910,1775042577518686348,0.000000,0.445438,0.445438,200
1775042577518327079,1775042577518686348,1775042577520202384,0.359269,1.516036,1.875305,200
1775042577519586595,1775042577520202384,1775042577520997760,0.615789,0.795376,1.411165,200
1775042577522965024,1775042577522965024,1775042577523634792,0.000000,0.669768,0.669768,200
1775042577523694910,1775042577523694910,1775042577524444527,0.000000,0.749617,0.749617,200
1775042577538647776,1775042577538647776,1775042577539533147,0.000000,0.885371,0.885371,200
1775042577541918837,1775042577541918837,1775042577543401473,0.000000,1.482636,1.482636,200
1775042577567104849,1775042577567104849,1775042577567828903,0.000000,0.724054,0.724054,200
1775042577576764112,1775042577576764112,1775042577577458130,0.000000,0.694018,0.694018,200
1775042577577588562,1775042577577588562,1775042577578395830,0.000000,0.807268,0.807268,200
1775042577580459726,1775042577580459726,1775042577581440515,0.000000,0.980789,0.980789,200
1775042577581984804,1775042577581984804,1775042577583127057,0.000000,1.142253,1.142253,200
1775042577585344843,1775042577585344843,1775042577586161108,0.000000,0.816265,0.816265,200
1775042577591923840,1775042577591923840,1775042577592579389,0.000000,0.655549,0.655549,200
1775042577595841112,1775042577595841112,1775042577596365330,0.000000,0.524218,0.524218,200
1775042577620549274,1775042577620549274,1775042577621167684,0.000000,0.618410,0.618410,200
1775042577654549042,1775042577654549042,1775042577655442469,0.000000,0.893427,0.893427,200
1775042577655682551,1775042577655682551,1775042577656472714,0.000000,0.790163,0.790163,200
1775042577658200642,1775042577658200642,1775042577659059931,0.000000,0.859289,0.859289,200
1775042577660602906,1775042577660602906,1775042577661318312,0.000000,0.715406,0.715406,200
1775042577665881286,1775042577665881286,1775042577678753068,0.000000,12.871782,12.871782,200
1775042577670906269,1775042577678753068,1775042577679591699,7.846799,0.838631,8.685430,200
1775042577671608740,1775042577679591699,1775042577680475933,7.982959,0.884234,8.867193,200
1775042577671641996,1775042577680475933,1775042577681218034,8.833937,0.742101,9.576038,200
1775042577671664199,1775042577681218034,1775042577682000325,9.553835,0.782291,10.336126,200
1775042577675092256,1775042577682000325,1775042577682713297,6.908069,0.712972,7.621041,200
1775042577686544894,1775042577686544894,1775042577687338996,0.000000,0.794102,0.794102,200
1775042577696933555,1775042577696933555,1775042577698440047,0.000000,1.506492,1.506492,200
1775042577698844179,1775042577698844179,1775042577700296426,0.000000,1.452247,1.452247,200
1775042577706529604,1775042577706529604,1775042577707230390,0.000000,0.700786,0.700786,200
1775042577706610252,1775042577707230390,1775042577708007559,0.620138,0.777169,1.397307,200
1775042577708522813,1775042577708522813,1775042577709678107,0.000000,1.155294,1.155294,200
1775042577742882048,1775042577742882048,1775042577743319719,0.000000,0.437671,0.437671,200
1775042577744525623,1775042577744525623,1775042577745387657,0.000000,0.862034,0.862034,200
1775042577748076866,1775042577748076866,1775042577748588024,0.000000,0.511158,0.511158,200
1775042577748142385,1775042577748588024,1775042577749234249,0.445639,0.646225,1.091864,200
1775042577748171011,1775042577749234249,1775042577750159131,1.063238,0.924882,1.988120,200
1775042577749188782,1775042577750159131,1775042577750904103,0.970349,0.744972,1.715321,200
1775042577781581099,1775042577781581099,1775042577782279903,0.000000,0.698804,0.698804,200
1775042577807225056,1775042577807225056,1775042577807770599,0.000000,0.545543,0.545543,200
1775042577810241924,1775042577810241924,1775042577814308259,0.000000,4.066335,4.066335,200
1775042577814644651,1775042577814644651,1775042577815285090,0.000000,0.640439,0.640439,200
1775042577814752843,1775042577815285090,1775042577818204991,0.532247,2.919901,3.452148,200
1775042577815844460,1775042577818204991,1775042577819068288,2.360531,0.863297,3.223828,200
1775042577836163956,1775042577836163956,1775042577836807321,0.000000,0.643365,0.643365,200
1775042577839273998,1775042577839273998,1775042577840105916,0.000000,0.831918,0.831918,200
1775042577840933455,1775042577840933455,1775042577841521050,0.000000,0.587595,0.587595,200
1775042577844829476,1775042577844829476,1775042577850974297,0.000000,6.144821,6.144821,200
1775042577869786544,1775042577869786544,1775042577871156958,0.000000,1.370414,1.370414,200
1775042577871298727,1775042577871298727,1775042577872000945,0.000000,0.702218,0.702218,200
1775042577871867159,1775042577872000945,1775042577872447193,0.133786,0.446248,0.580034,200
1775042577872499308,1775042577872499308,1775042577873216629,0.000000,0.717321,0.717321,200
1775042577899583945,1775042577899583945,1775042577900233291,0.000000,0.649346,0.649346,200
1775042578008038784,1775042578008038784,1775042578008750587,0.000000,0.711803,0.711803,200
1775042578009213224,1775042578009213224,1775042578009896196,0.000000,0.682972,0.682972,200
1775042578009285697,1775042578009896196,1775042578010661350,0.610499,0.765154,1.375653,200
1775042578010950600,1775042578010950600,1775042578011668532,0.000000,0.717932,0.717932,200
1775042578011280440,1775042578011668532,1775042578013969829,0.388092,2.301297,2.689389,200
1775042578017004656,1775042578017004656,1775042578018658168,0.000000,1.653512,1.653512,200
1775042578020053361,1775042578020053361,1775042578020538345,0.000000,0.484984,0.484984,200
1775042578038263935,1775042578038263935,1775042578040305567,0.000000,2.041632,2.041632,200
1775042578038624064,1775042578040305567,1775042578040770681,1.681503,0.465114,2.146617,200
1775042578039293001,1775042578040770681,1775042578042687039,1.477680,1.916358,3.394038,200
1775042578044525404,1775042578044525404,1775042578045203207,0.000000,0.677803,0.677803,200
1775042578068915285,1775042578068915285,1775042578069619894,0.000000,0.704609,0.704609,200
1775042578076636814,1775042578076636814,1775042578077165046,0.000000,0.528232,0.528232,200
1775042578082455094,1775042578082455094,1775042578083085643,0.000000,0.630549,0.630549,200
1775042578085240110,1775042578085240110,1775042578086225063,0.000000,0.984953,0.984953,200
1775042578088804212,1775042578088804212,1775042578089707488,0.000000,0.903276,0.903276,200
1775042578089180107,1775042578089707488,1775042578090275785,0.527381,0.568297,1.095678,200
1775042578098003269,1775042578098003269,1775042578099499254,0.000000,1.495985,1.495985,200
1775042578100364212,1775042578100364212,1775042578101698664,0.000000,1.334452,1.334452,200
1775042578100449139,1775042578101698664,1775042578102170170,1.249525,0.471506,1.721031,200
1775042578111367958,1775042578111367958,1775042578111929672,0.000000,0.561714,0.561714,200
1775042578113815137,1775042578113815137,1775042578114472971,0.000000,0.657834,0.657834,200
1775042578115977548,1775042578115977548,1775042578116697624,0.000000,0.720076,0.720076,200
1775042578129643158,1775042578129643158,1775042578131991035,0.000000,2.347877,2.347877,200
1775042578138601786,1775042578138601786,1775042578139186664,0.000000,0.584878,0.584878,200
1775042578145848873,1775042578145848873,1775042578146608375,0.000000,0.759502,0.759502,200
1775042578155639017,1775042578155639017,1775042578156313623,0.000000,0.674606,0.674606,200
1775042578156629054,1775042578156629054,1775042578157204947,0.000000,0.575893,0.575893,200
1775042578158654627,1775042578158654627,1775042578159620089,0.000000,0.965462,0.965462,200
1775042578164515036,1775042578164515036,1775042578165500410,0.000000,0.985374,0.985374,200
1775042578164664634,1775042578165500410,1775042578166373063,0.835776,0.872653,1.708429,200
1775042578174998924,1775042578174998924,1775042578175551210,0.000000,0.552286,0.552286,200
1775042578178648560,1775042578178648560,1775042578179427131,0.000000,0.778571,0.778571,200
1775042578178726463,1775042578179427131,1775042578181480979,0.700668,2.053848,2.754516,200
1775042578186709719,1775042578186709719,1775042578192367959,0.000000,5.658240,5.658240,200
1775042578188556246,1775042578192367959,1775042578193062045,3.811713,0.694086,4.505799,200
1775042578188610593,1775042578193062045,1775042578194477885,4.451452,1.415840,5.867292,200
1775042578190977477,1775042578194477885,1775042578195253922,3.500408,0.776037,4.276445,200
1775042578192020227,1775042578195253922,1775042578196996824,3.233695,1.742902,4.976597,200
1775042578193866086,1775042578196996824,1775042578198390939,3.130738,1.394115,4.524853,200
1775042578194005420,1775042578198390939,1775042578199893512,4.385519,1.502573,5.888092,200
1775042578205245907,1775042578205245907,1775042578206052193,0.000000,0.806286,0.806286,200
1775042578210007189,1775042578210007189,1775042578210680032,0.000000,0.672843,0.672843,200
1775042578211268786,1775042578211268786,1775042578212009024,0.000000,0.740238,0.740238,200
1775042578217617041,1775042578217617041,1775042578218289713,0.000000,0.672672,0.672672,200
1775042578220122665,1775042578220122665,1775042578231363167,0.000000,11.240502,11.240502,200
1775042578226356445,1775042578231363167,1775042578231926303,5.006722,0.563136,5.569858,200
1775042578238697166,1775042578238697166,1775042578240002122,0.000000,1.304956,1.304956,200
1775042578244637748,1775042578244637748,1775042578245817084,0.000000,1.179336,1.179336,200
1775042578246588745,1775042578246588745,1775042578247157001,0.000000,0.568256,0.568256,200
1775042578253149437,1775042578253149437,1775042578254697321,0.000000,1.547884,1.547884,200
1775042578263356988,1775042578263356988,1775042578264204465,0.000000,0.847477,0.847477,200
1775042578263557151,1775042578264204465,1775042578264933849,0.647314,0.729384,1.376698,200
1775042578268576166,1775042578268576166,1775042578269438158,0.000000,0.861992,0.861992,200
1775042578273447908,1775042578273447908,1775042578274052708,0.000000,0.604800,0.604800,200
1775042578276936058,1775042578276936058,1775042578277700525,0.000000,0.764467,0.764467,200
1775042578289916596,1775042578289916596,1775042578290564831,0.000000,0.648235,0.648235,200
1775042578293552169,1775042578293552169,1775042578294061383,0.000000,0.509214,0.509214,200
1775042578294008647,1775042578294061383,1775042578295078064,0.052736,1.016681,1.069417,200
1775042578294066391,1775042578295078064,1775042578295771815,1.011673,0.693751,1.705424,200
1775042578300808858,1775042578300808858,1775042578308739006,0.000000,7.930148,7.930148,200
1775042578300917812,1775042578308739006,1775042578309513228,7.821194,0.774222,8.595416,200
1775042578303284987,1775042578309513228,1775042578310212643,6.228241,0.699415,6.927656,200
1775042578303429311,1775042578310212643,1775042578311506874,6.783332,1.294231,8.077563,200
1775042578306131193,1775042578311506874,1775042578318912631,5.375681,7.405757,12.781438,200
1775042578307476243,1775042578318912631,1775042578319630082,11.436388,0.717451,12.153839,200
1775042578338547137,1775042578338547137,1775042578339705264,0.000000,1.158127,1.158127,200
1775042578343950732,1775042578343950732,1775042578344592554,0.000000,0.641822,0.641822,200
1775042578350210818,1775042578350210818,1775042578350969821,0.000000,0.759003,0.759003,200
1775042578351632202,1775042578351632202,1775042578354150533,0.000000,2.518331,2.518331,200
1775042578358503076,1775042578358503076,1775042578359184566,0.000000,0.681490,0.681490,200
1775042578364188263,1775042578364188263,1775042578365314041,0.000000,1.125778,1.125778,200
1775042578364361245,1775042578365314041,1775042578366163849,0.952796,0.849808,1.802604,200
1775042578364399110,1775042578366163849,1775042578372193026,1.764739,6.029177,7.793916,200
1775042578397331909,1775042578397331909,1775042578397760743,0.000000,0.428834,0.428834,200
1775042578397408801,1775042578397760743,1775042578398438394,0.351942,0.677651,1.029593,200
1775042578397452257,1775042578398438394,1775042578399369946,0.986137,0.931552,1.917689,200
1775042578397626662,1775042578399369946,1775042578402329606,1.743284,2.959660,4.702944,200
1775042578427555027,1775042578427555027,1775042578427934714,0.000000,0.379687,0.379687,200
1775042578436096085,1775042578436096085,1775042578436803937,0.000000,0.707852,0.707852,200
1775042578444032799,1775042578444032799,1775042578444943577,0.000000,0.910778,0.910778,200
1775042578445583419,1775042578445583419,1775042578446141238,0.000000,0.557819,0.557819,200
1775042578448514312,1775042578448514312,1775042578461213452,0.000000,12.699140,12.699140,200
1775042578469524000,1775042578469524000,1775042578471675125,0.000000,2.151125,2.151125,200
1775042578487569150,1775042578487569150,1775042578488264126,0.000000,0.694976,0.694976,200
1775042578492860366,1775042578492860366,1775042578493559119,0.000000,0.698753,0.698753,200
1775042578494887578,1775042578494887578,1775042578497562638,0.000000,2.675060,2.675060,200
1775042578503536632,1775042578503536632,1775042578504251756,0.000000,0.715124,0.715124,200
1775042578514154306,1775042578514154306,1775042578514873770,0.000000,0.719464,0.719464,200
1775042578514287690,1775042578514873770,1775042578515577855,0.586080,0.704085,1.290165,200
1775042578537865706,1775042578537865706,1775042578539025105,0.000000,1.159399,1.159399,200
1775042578542493718,1775042578542493718,1775042578543153375,0.000000,0.659657,0.659657,200
1775042578565581116,1775042578565581116,1775042578566320892,0.000000,0.739776,0.739776,200
1775042578569592360,1775042578569592360,1775042578570000623,0.000000,0.408263,0.408263,200
1775042578595950315,1775042578595950315,1775042578599117021,0.000000,3.166706,3.166706,200
1775042578596698588,1775042578599117021,1775042578601473409,2.418433,2.356388,4.774821,200
1775042578596756744,1775042578601473409,1775042578602137158,4.716665,0.663749,5.380414,200
1775042578597658178,1775042578602137158,1775042578602989063,4.478980,0.851905,5.330885,200
1775042578629557134,1775042578629557134,1775042578630288203,0.000000,0.731069,0.731069,200
1775042578632033888,1775042578632033888,1775042578632709236,0.000000,0.675348,0.675348,200
1775042578637408664,1775042578637408664,1775042578638062208,0.000000,0.653544,0.653544,200
1775042578642001457,1775042578642001457,1775042578642435400,0.000000,0.433943,0.433943,200
1775042578649936449,1775042578649936449,1775042578650568231,0.000000,0.631782,0.631782,200
1775042578649995796,1775042578650568231,1775042578652648020,0.572435,2.079789,2.652224,200
1775042578675871063,1775042578675871063,1775042578676591159,0.000000,0.720096,0.720096,200
1775042578677256175,1775042578677256175,1775042578678094653,0.000000,0.838478,0.838478,200
1775042578678067100,1775042578678094653,1775042578678859065,0.027553,0.764412,0.791965,200
1775042578686152534,1775042578686152534,1775042578686966770,0.000000,0.814236,0.814236,200
1775042578739409644,1775042578739409644,1775042578741834076,0.000000,2.424432,2.424432,200
1775042578765772806,1775042578765772806,1775042578766361815,0.000000,0.589009,0.589009,200
1775042578768005767,1775042578768005767,1775042578768731925,0.000000,0.726158,0.726158,200
1775042578770936380,1775042578770936380,1775042578771593161,0.000000,0.656781,0.656781,200
1775042578772468954,1775042578772468954,1775042578773116387,0.000000,0.647433,0.647433,200
1775042578772795691,1775042578773116387,1775042578773859449,0.320696,0.743062,1.063758,200
1775042578778506704,1775042578778506704,1775042578779101284,0.000000,0.594580,0.594580,200
1775042578779569520,1775042578779569520,1775042578780495801,0.000000,0.926281,0.926281,200
1775042578784083780,1775042578784083780,1775042578784651077,0.000000,0.567297,0.567297,200
1775042578835324633,1775042578835324633,1775042578836098876,0.000000,0.774243,0.774243,200
1775042578848431325,1775042578848431325,1775042578849224188,0.000000,0.792863,0.792863,200
1775042578853295816,1775042578853295816,1775042578854652814,0.000000,1.356998,1.356998,200
1775042578860604612,1775042578860604612,1775042578861363497,0.000000,0.758885,0.758885,200
1775042578890173979,1775042578890173979,1775042578890904403,0.000000,0.730424,0.730424,200
1775042578893047477,1775042578893047477,1775042578893860697,0.000000,0.813220,0.813220,200
1775042578893498219,1775042578893860697,1775042578894594071,0.362478,0.733374,1.095852,200
1775042578899147434,1775042578899147434,1775042578900156287,0.000000,1.008853,1.008853,200
1775042578904375917,1775042578904375917,1775042578904906146,0.000000,0.530229,0.530229,200
1775042578905405606,1775042578905405606,1775042578909471941,0.000000,4.066335,4.066335,200
1775042578906242523,1775042578909471941,1775042578910134173,3.229418,0.662232,3.891650,200
1775042578911970153,1775042578911970153,1775042578912488173,0.000000,0.518020,0.518020,200
1775042578912269526,1775042578912488173,1775042578913051831,0.218647,0.563658,0.782305,200
1775042578932507465,1775042578932507465,1775042578933250506,0.000000,0.743041,0.743041,200
1775042578936494611,1775042578936494611,1775042578937606899,0.000000,1.112288,1.112288,200
1775042578937880996,1775042578937880996,1775042578943592815,0.000000,5.711819,5.711819,200
1775042578940631231,1775042578943592815,1775042578944309324,2.961584,0.716509,3.678093,200
1775042578941254485,1775042578944309324,1775042578945118267,3.054839,0.808943,3.863782,200
1775042578968901527,1775042578968901527,1775042578978378509,0.000000,9.476982,9.476982,200
1775042579001907644,1775042579001907644,1775042579002475981,0.000000,0.568337,0.568337,200
1775042579002978384,1775042579002978384,1775042579004005614,0.000000,1.027230,1.027230,200
1775042579004067330,1775042579004067330,1775042579004750914,0.000000,0.683584,0.683584,200
1775042579004122479,1775042579004750914,1775042579005292333,0.628435,0.541419,1.169854,200
1775042579033351934,1775042579033351934,1775042579034165349,0.000000,0.813415,0.813415,200
1775042579033656186,1775042579034165349,1775042579034793826,0.509163,0.628477,1.137640,200
1775042579036905025,1775042579036905025,1775042579037919901,0.000000,1.014876,1.014876,200
1775042579039621667,1775042579039621667,1775042579040099092,0.000000,0.477425,0.477425,200
1775042579040096948,1775042579040099092,1775042579043071203,0.002144,2.972111,2.974255,200
1775042579040942483,1775042579043071203,1775042579043673546,2.128720,0.602343,2.731063,200
1775042579041015087,1775042579043673546,1775042579045542489,2.658459,1.868943,4.527402,200
1775042579043637546,1775042579045542489,1775042579046155133,1.904943,0.612644,2.517587,200
1775042579044822851,1775042579046155133,1775042579047491520,1.332282,1.336387,2.668669,200
1775042579044874754,1775042579047491520,1775042579048173551,2.616766,0.682031,3.298797,200
1775042579047600185,1775042579048173551,1775042579048845583,0.573366,0.672032,1.245398,200
1775042579051425078,1775042579051425078,1775042579052163731,0.000000,0.738653,0.738653,200
1775042579053372363,1775042579053372363,1775042579054131195,0.000000,0.758832,0.758832,200
1775042579079741197,1775042579079741197,1775042579080377116,0.000000,0.635919,0.635919,200
1775042579079929981,1775042579080377116,1775042579081050409,0.447135,0.673293,1.120428,200
1775042579080737820,1775042579081050409,1775042579081961043,0.312589,0.910634,1.223223,200
1775042579080782108,1775042579081961043,1775042579082752309,1.178935,0.791266,1.970201,200
1775042579083630189,1775042579083630189,1775042579088419311,0.000000,4.789122,4.789122,200
1775042579089119767,1775042579089119767,1775042579090622172,0.000000,1.502405,1.502405,200
1775042579089211208,1775042579090622172,1775042579091040710,1.410964,0.418538,1.829502,200
1775042579092897357,1775042579092897357,1775042579093938575,0.000000,1.041218,1.041218,200
1775042579107115357,1775042579107115357,1775042579107910473,0.000000,0.795116,0.795116,200
1775042579112072725,1775042579112072725,1775042579112782693,0.000000,0.709968,0.709968,200
1775042579113591702,1775042579113591702,1775042579114349430,0.000000,0.757728,0.757728,200
1775042579114351477,1775042579114351477,1775042579115059058,0.000000,0.707581,0.707581,200
1775042579151595935,1775042579151595935,1775042579152301923,0.000000,0.705988,0.705988,200
1775042579151719710,1775042579152301923,1775042579154276244,0.582213,1.974321,2.556534,200
1775042579151971973,1775042579154276244,1775042579155188136,2.304271,0.911892,3.216163,200
1775042579156144020,1775042579156144020,1775042579158309471,0.000000,2.165451,2.165451,200
1775042579157288826,1775042579158309471,1775042579159169914,1.020645,0.860443,1.881088,200
1775042579199646715,1775042579199646715,1775042579200312775,0.000000,0.666060,0.666060,200
1775042579201017349,1775042579201017349,1775042579201650015,0.000000,0.632666,0.632666,200
1775042579201145202,1775042579201650015,1775042579202231349,0.504813,0.581334,1.086147,200
1775042579205979340,1775042579205979340,1775042579206681742,0.000000,0.702402,0.702402,200
1775042579231671713,1775042579231671713,1775042579232430134,0.000000,0.758421,0.758421,200
1775042579235028827,1775042579235028827,1775042579235757551,0.000000,0.728724,0.728724,200
1775042579268174434,1775042579268174434,1775042579268584035,0.000000,0.409601,0.409601,200
1775042579268274221,1775042579268584035,1775042579269010464,0.309814,0.426429,0.736243,200
1775042579273074828,1775042579273074828,1775042579274718955,0.000000,1.644127,1.644127,200
1775042579281047994,1775042579281047994,1775042579282480050,0.000000,1.432056,1.432056,200
1775042579281530970,1775042579282480050,1775042579284502026,0.949080,2.021976,2.971056,200
1775042579284009227,1775042579284502026,1775042579285017501,0.492799,0.515475,1.008274,200
1775042579314229467,1775042579314229467,1775042579315600588,0.000000,1.371121,1.371121,200
1775042579323877735,1775042579323877735,1775042579324641808,0.000000,0.764073,0.764073,200
1775042579327598742,1775042579327598742,1775042579328246660,0.000000,0.647918,0.647918,200
1775042579352988768,1775042579352988768,1775042579353767128,0.000000,0.778360,0.778360,200
1775042579361123244,1775042579361123244,1775042579361771432,0.000000,0.648188,0.648188,200
1775042579361175989,1775042579361771432,1775042579362467272,0.595443,0.695840,1.291283,200
1775042579374759805,1775042579374759805,1775042579375991720,0.000000,1.231915,1.231915,200
1775042579374822489,1775042579375991720,1775042579376650615,1.169231,0.658895,1.828126,200
1775042579374869232,1775042579376650615,1775042579378039775,1.781383,1.389160,3.170543,200
1775042579374920363,1775042579378039775,1775042579378436826,3.119412,0.397051,3.516463,200
1775042579389081271,1775042579389081271,1775042579390591230,0.000000,1.509959,1.509959,200
1775042579390493276,1775042579390591230,1775042579391237931,0.097954,0.646701,0.744655,200
1775042579390627211,1775042579391237931,1775042579392003547,0.610720,0.765616,1.376336,200
1775042579426107993,1775042579426107993,1775042579426549401,0.000000,0.441408,0.441408,200
1775042579426316576,1775042579426549401,1775042579427371828,0.232825,0.822427,1.055252,200
1775042579426380643,1775042579427371828,1775042579428186480,0.991185,0.814652,1.805837,200
1775042579429253020,1775042579429253020,1775042579430467891,0.000000,1.214871,1.214871,200
1775042579429518565,1775042579430467891,1775042579431378258,0.949326,0.910367,1.859693,200
1775042579432037362,1775042579432037362,1775042579432401539,0.000000,0.364177,0.364177,200
1775042579432078714,1775042579432401539,1775042579433344859,0.322825,0.943320,1.266145,200
1775042579432583784,1775042579433344859,1775042579434206851,0.761075,0.861992,1.623067,200
1775042579440659595,1775042579440659595,1775042579441452747,0.000000,0.793152,0.793152,200
1775042579470132749,1775042579470132749,1775042579471212729,0.000000,1.079980,1.079980,200
1775042579493700778,1775042579493700778,1775042579494385596,0.000000,0.684818,0.684818,200
1775042579493789514,1775042579494385596,1775042579494990676,0.596082,0.605080,1.201162,200
1775042579494617674,1775042579494990676,1775042579495639124,0.373002,0.648448,1.021450,200
1775042579497520535,1775042579497520535,1775042579498280326,0.000000,0.759791,0.759791,200
1775042579531934881,1775042579531934881,1775042579532718312,0.000000,0.783431,0.783431,200
1775042579537366487,1775042579537366487,1775042579538101232,0.000000,0.734745,0.734745,200
1775042579537406907,1775042579538101232,1775042579539090152,0.694325,0.988920,1.683245,200
1775042579537430684,1775042579539090152,1775042579540735684,1.659468,1.645532,3.305000,200
1775042579538114418,1775042579540735684,1775042579548239828,2.621266,7.504144,10.125410,200
1775042579538323513,1775042579548239828,1775042579548775298,9.916315,0.535470,10.451785,200
1775042579540916616,1775042579548775298,1775042579549363045,7.858682,0.587747,8.446429,200
1775042579543889613,1775042579549363045,1775042579550405881,5.473432,1.042836,6.516268,200
1775042579546855776,1775042579550405881,1775042579550855165,3.550105,0.449284,3.999389,200
1775042579546945614,1775042579550855165,1775042579553259677,3.909551,2.404512,6.314063,200
1775042579547781800,1775042579553259677,1775042579553907201,5.477877,0.647524,6.125401,200
1775042579555110931,1775042579555110931,1775042579556235021,0.000000,1.124090,1.124090,200
1775042579555168074,1775042579556235021,1775042579556659696,1.066947,0.424675,1.491622,200
1775042579563654616,1775042579563654616,1775042579564340923,0.000000,0.686307,0.686307,200
1775042579563722901,1775042579564340923,1775042579565084665,0.618022,0.743742,1.361764,200
1775042579568957455,1775042579568957455,1775042579569996719,0.000000,1.039264,1.039264,200
1775042579571059347,1775042579571059347,1775042579572552657,0.000000,1.493310,1.493310,200
1775042579573721778,1775042579573721778,1775042579574334672,0.000000,0.612894,0.612894,200
1775042579576836606,1775042579576836606,1775042579577562501,0.000000,0.725895,0.725895,200
1775042579581645486,1775042579581645486,1775042579582850745,0.000000,1.205259,1.205259,200
1775042579591590537,1775042579591590537,1775042579592892659,0.000000,1.302122,1.302122,200
1775042579591684102,1775042579592892659,1775042579593699536,1.208557,0.806877,2.015434,200
1775042579592890231,1775042579593699536,1775042579594593745,0.809305,0.894209,1.703514,200
1775042579594023785,1775042579594593745,1775042579595433549,0.569960,0.839804,1.409764,200
1775042579603672709,1775042579603672709,1775042579604384178,0.000000,0.711469,0.711469,200
1775042579607954827,1775042579607954827,1775042579609610237,0.000000,1.655410,1.655410,200
1775042579608219752,1775042579609610237,1775042579610214192,1.390485,0.603955,1.994440,200
1775042579608271334,1775042579610214192,1775042579610777991,1.942858,0.563799,2.506657,200
1775042579699414707,1775042579699414707,1775042579700722296,0.000000,1.307589,1.307589,200
1775042579727612621,1775042579727612621,1775042579728762428,0.000000,1.149807,1.149807,200
1775042579731360803,1775042579731360803,1775042579731965621,0.000000,0.604818,0.604818,200
1775042579737881168,1775042579737881168,1775042579740678647,0.000000,2.797479,2.797479,200
1775042579738029342,1775042579740678647,1775042579741407030,2.649305,0.728383,3.377688,200
1775042579738601925,1775042579741407030,1775042579741885182,2.805105,0.478152,3.283257,200
1775042579739107641,1775042579741885182,1775042579742477720,2.777541,0.592538,3.370079,200
1775042579793946153,1775042579793946153,1775042579794808405,0.000000,0.862252,0.862252,200
1775042579798036642,1775042579798036642,1775042579798934658,0.000000,0.898016,0.898016,200
1775042579798080479,1775042579798934658,1775042579799627861,0.854179,0.693203,1.547382,200
1775042579803098158,1775042579803098158,1775042579804354734,0.000000,1.256576,1.256576,200
1775042579803137977,1775042579804354734,1775042579805035086,1.216757,0.680352,1.897109,200
1775042579803528931,1775042579805035086,1775042579806322375,1.506155,1.287289,2.793444,200
1775042579808382871,1775042579808382871,1775042579808989835,0.000000,0.606964,0.606964,200
1775042579813619619,1775042579813619619,1775042579814269448,0.000000,0.649829,0.649829,200
1775042579901835777,1775042579901835777,1775042579902622885,0.000000,0.787108,0.787108,200
1775042579918788685,1775042579918788685,1775042579923045592,0.000000,4.256907,4.256907,200
1775042579921745411,1775042579923045592,1775042579923878058,1.300181,0.832466,2.132647,200
1775042579921819357,1775042579923878058,1775042579926623116,2.058701,2.745058,4.803759,200
1775042579921856571,1775042579926623116,1775042579927921108,4.766545,1.297992,6.064537,200
1775042579948844946,1775042579948844946,1775042579951033950,0.000000,2.189004,2.189004,200
1775042579949481626,1775042579951033950,1775042579951952072,1.552324,0.918122,2.470446,200
1775042579956394630,1775042579956394630,1775042579957137313,0.000000,0.742683,0.742683,200
1775042579958932274,1775042579958932274,1775042579960379709,0.000000,1.447435,1.447435,200
1775042579979587796,1775042579979587796,1775042579980229448,0.000000,0.641652,0.641652,200
1775042579983760396,1775042579983760396,1775042579984255641,0.000000,0.495245,0.495245,200
1775042580006879967,1775042580006879967,1775042580007568013,0.000000,0.688046,0.688046,200
1775042580015567814,1775042580015567814,1775042580016436141,0.000000,0.868327,0.868327,200
1775042580038152559,1775042580038152559,1775042580038981708,0.000000,0.829149,0.829149,200
1775042580041000177,1775042580041000177,1775042580042343219,0.000000,1.343042,1.343042,200
1775042580044793699,1775042580044793699,1775042580045599046,0.000000,0.805347,0.805347,200
1775042580048740558,1775042580048740558,1775042580049467054,0.000000,0.726496,0.726496,200
1775042580048813442,1775042580049467054,1775042580050367408,0.653612,0.900354,1.553966,200
1775042580048872590,1775042580050367408,1775042580051020421,1.494818,0.653013,2.147831,200
1775042580048929111,1775042580051020421,1775042580051430062,2.091310,0.409641,2.500951,200
1775042580048986345,1775042580051430062,1775042580056746655,2.443717,5.316593,7.760310,200
1775042580056953221,1775042580056953221,1775042580057675922,0.000000,0.722701,0.722701,200
1775042580058114921,1775042580058114921,1775042580058918622,0.000000,0.803701,0.803701,200
1775042580060524522,1775042580060524522,1775042580061159413,0.000000,0.634891,0.634891,200
1775042580060589531,1775042580061159413,1775042580061889939,0.569882,0.730526,1.300408,200
1775042580074792282,1775042580074792282,1775042580075725003,0.000000,0.932721,0.932721,200
1775042580077531012,1775042580077531012,1775042580078209025,0.000000,0.678013,0.678013,200
1775042580079107573,1775042580079107573,1775042580080533192,0.000000,1.425619,1.425619,200
1775042580088898302,1775042580088898302,1775042580089801108,0.000000,0.902806,0.902806,200
1775042580089786430,1775042580089801108,1775042580090523849,0.014678,0.722741,0.737419,200
1775042580089820568,1775042580090523849,1775042580091324493,0.703281,0.800644,1.503925,200
1775042580089870697,1775042580091324493,1775042580091704430,1.453796,0.379937,1.833733,200
1775042580089891989,1775042580091704430,1775042580092975818,1.812441,1.271388,3.083829,200
1775042580089912870,1775042580092975818,1775042580093468136,3.062948,0.492318,3.555266,200
1775042580089931838,1775042580093468136,1775042580094276855,3.536298,0.808719,4.345017,200
1775042580089967278,1775042580094276855,1775042580095052741,4.309577,0.775886,5.085463,200
1775042580095401237,1775042580095401237,1775042580095850521,0.000000,0.449284,0.449284,200
1775042580102935512,1775042580102935512,1775042580103359574,0.000000,0.424062,0.424062,200
1775042580103837897,1775042580103837897,1775042580104544580,0.000000,0.706683,0.706683,200
1775042580106216847,1775042580106216847,1775042580107033383,0.000000,0.816536,0.816536,200
1775042580167234239,1775042580167234239,1775042580169776255,0.000000,2.542016,2.542016,200
1775042580171978082,1775042580171978082,1775042580172760198,0.000000,0.782116,0.782116,200
1775042580189882892,1775042580189882892,1775042580190486369,0.000000,0.603477,0.603477,200
1775042580189948372,1775042580190486369,1775042580191159111,0.537997,0.672742,1.210739,200
1775042580191045053,1775042580191159111,1775042580191834309,0.114058,0.675198,0.789256,200
1775042580215848355,1775042580215848355,1775042580216611715,0.000000,0.763360,0.763360,200
1775042580216529113,1775042580216611715,1775042580217049386,0.082602,0.437671,0.520273,200
1775042580219007705,1775042580219007705,1775042580220472346,0.000000,1.464641,1.464641,200
1775042580219227430,1775042580220472346,1775042580221038650,1.244916,0.566304,1.811220,200
1775042580219277269,1775042580221038650,1775042580221834746,1.761381,0.796096,2.557477,200
1775042580221222851,1775042580221834746,1775042580222493231,0.611895,0.658485,1.270380,200
1775042580235031295,1775042580235031295,1775042580235775710,0.000000,0.744415,0.744415,200
1775042580239496823,1775042580239496823,1775042580240385110,0.000000,0.888287,0.888287,200
1775042580239555079,1775042580240385110,1775042580241543434,0.830031,1.158324,1.988355,200
1775042580246697563,1775042580246697563,1775042580247429219,0.000000,0.731656,0.731656,200
1775042580247117576,1775042580247429219,1775042580249197507,0.311643,1.768288,2.079931,200
1775042580256198004,1775042580256198004,1775042580256698560,0.000000,0.500556,0.500556,200
1775042580263025799,1775042580263025799,1775042580264916441,0.000000,1.890642,1.890642,200
1775042580271903120,1775042580271903120,1775042580272667080,0.000000,0.763960,0.763960,200
1775042580272042155,1775042580272667080,1775042580273473366,0.624925,0.806286,1.431211,200
1775042580274918270,1775042580274918270,1775042580275764354,0.000000,0.846084,0.846084,200
1775042580275060752,1775042580275764354,1775042580276303522,0.703602,0.539168,1.242770,200
1775042580275115400,1775042580276303522,1775042580277033587,1.188122,0.730065,1.918187,200
1775042580275221360,1775042580277033587,1775042580277740567,1.812227,0.706980,2.519207,200
1775042580279377525,1775042580279377525,1775042580281298976,0.000000,1.921451,1.921451,200
1775042580280563192,1775042580281298976,1775042580281786865,0.735784,0.487889,1.223673,200
1775042580285082232,1775042580285082232,1775042580285925740,0.000000,0.843508,0.843508,200
1775042580285730985,1775042580285925740,1775042580288350934,0.194755,2.425194,2.619949,200
1775042580291018805,1775042580291018805,1775042580291651930,0.000000,0.633125,0.633125,200
1775042580304431830,1775042580304431830,1775042580305032163,0.000000,0.600333,0.600333,200
1775042580311250715,1775042580311250715,1775042580312128261,0.000000,0.877546,0.877546,200
1775042580311386144,1775042580312128261,1775042580312840435,0.742117,0.712174,1.454291,200
1775042580314329180,1775042580314329180,1775042580315029108,0.000000,0.699928,0.699928,200
1775042580320764318,1775042580320764318,1775042580321791512,0.000000,1.027194,1.027194,200
1775042580327981551,1775042580327981551,1775042580328939374,0.000000,0.957823,0.957823,200
1775042580352773563,1775042580352773563,1775042580353666686,0.000000,0.893123,0.893123,200
1775042580356458400,1775042580356458400,1775042580357439248,0.000000,0.980848,0.980848,200
1775042580358350446,1775042580358350446,1775042580359591179,0.000000,1.240733,1.240733,200
1775042580361306081,1775042580361306081,1775042580362404638,0.000000,1.098557,1.098557,200
1775042580362126184,1775042580362404638,1775042580363158520,0.278454,0.753882,1.032336,200
1775042580362162115,1775042580363158520,1775042580363584036,0.996405,0.425516,1.421921,200
1775042580381793522,1775042580381793522,1775042580382332001,0.000000,0.538479,0.538479,200
1775042580408231227,1775042580408231227,1775042580418352748,0.000000,10.121521,10.121521,200
1775042580428319750,1775042580428319750,1775042580428966182,0.000000,0.646432,0.646432,200
1775042580436390198,1775042580436390198,1775042580437208136,0.000000,0.817938,0.817938,200
1775042580436457531,1775042580437208136,1775042580438084384,0.750605,0.876248,1.626853,200
1775042580438255184,1775042580438255184,1775042580438915124,0.000000,0.659940,0.659940,200
1775042580460612991,1775042580460612991,1775042580461393544,0.000000,0.780553,0.780553,200
1775042580464133532,1775042580464133532,1775042580464816545,0.000000,0.683013,0.683013,200
1775042580464204462,1775042580464816545,1775042580465686596,0.612083,0.870051,1.482134,200
1775042580464249542,1775042580465686596,1775042580466234632,1.437054,0.548036,1.985090,200
1775042580465247067,1775042580466234632,1775042580466805013,0.987565,0.570381,1.557946,200
1775042580467314075,1775042580467314075,1775042580468089961,0.000000,0.775886,0.775886,200
1775042580504620180,1775042580504620180,1775042580505421807,0.000000,0.801627,0.801627,200
1775042580561240084,1775042580561240084,1775042580562114201,0.000000,0.874117,0.874117,200
1775042580574022687,1775042580574022687,1775042580575139176,0.000000,1.116489,1.116489,200
1775042580574185279,1775042580575139176,1775042580575809524,0.953897,0.670348,1.624245,200
1775042580574260748,1775042580575809524,1775042580576444202,1.548776,0.634678,2.183454,200
1775042580576520142,1775042580576520142,1775042580577032322,0.000000,0.512180,0.512180,200
1775042580576602385,1775042580577032322,1775042580577868463,0.429937,0.836141,1.266078,200
1775042580578961896,1775042580578961896,1775042580580438321,0.000000,1.476425,1.476425,200
1775042580587954550,1775042580587954550,1775042580588706473,0.000000,0.751923,0.751923,200
1775042580589902457,1775042580589902457,1775042580591376525,0.000000,1.474068,1.474068,200
1775042580598060209,1775042580598060209,1775042580598826496,0.000000,0.766287,0.766287,200
1775042580615525607,1775042580615525607,1775042580616203931,0.000000,0.678324,0.678324,200
1775042580623511586,1775042580623511586,1775042580624351857,0.000000,0.840271,0.840271,200
1775042580634775308,1775042580634775308,1775042580645622257,0.000000,10.846949,10.846949,200
1775042580636723736,1775042580645622257,1775042580646954385,8.898521,1.332128,10.230649,200
1775042580639252142,1775042580646954385,1775042580648311399,7.702243,1.357014,9.059257,200
1775042580658861738,1775042580658861738,1775042580659562015,0.000000,0.700277,0.700277,200
1775042580665451244,1775042580665451244,1775042580665869207,0.000000,0.417963,0.417963,200
1775042580685792313,1775042580685792313,1775042580686542759,0.000000,0.750446,0.750446,200
1775042580692902129,1775042580692902129,1775042580693653327,0.000000,0.751198,0.751198,200
1775042580700980781,1775042580700980781,1775042580701725374,0.000000,0.744593,0.744593,200
1775042580701657580,1775042580701725374,1775042580702390681,0.067794,0.665307,0.733101,200
1775042580706312667,1775042580706312667,1775042580706884331,0.000000,0.571664,0.571664,200
1775042580720751958,1775042580720751958,1775042580722050822,0.000000,1.298864,1.298864,200
1775042580740344888,1775042580740344888,1775042580743631601,0.000000,3.286713,3.286713,200
1775042580757370891,1775042580757370891,1775042580758122964,0.000000,0.752073,0.752073,200
1775042580757485107,1775042580758122964,1775042580758985530,0.637857,0.862566,1.500423,200
1775042580763297816,1775042580763297816,1775042580764000638,0.000000,0.702822,0.702822,200
1775042580777379587,1775042580777379587,1775042580777842407,0.000000,0.462820,0.462820,200
1775042580792051575,1775042580792051575,1775042580792701695,0.000000,0.650120,0.650120,200
1775042580794056665,1775042580794056665,1775042580794917438,0.000000,0.860773,0.860773,200
1775042580795337190,1775042580795337190,1775042580795782592,0.000000,0.445402,0.445402,200
1775042580810948100,1775042580810948100,1775042580812399215,0.000000,1.451115,1.451115,200
1775042580821323244,1775042580821323244,1775042580822256319,0.000000,0.933075,0.933075,200
1775042580821934475,1775042580822256319,1775042580822667486,0.321844,0.411167,0.733011,200
1775042580824812102,1775042580824812102,1775042580825557074,0.000000,0.744972,0.744972,200
1775042580827014913,1775042580827014913,1775042580827639441,0.000000,0.624528,0.624528,200
1775042580828329626,1775042580828329626,1775042580828864438,0.000000,0.534812,0.534812,200
1775042580832437800,1775042580832437800,1775042580833144439,0.000000,0.706639,0.706639,200
1775042580839648076,1775042580839648076,1775042580840123992,0.000000,0.475916,0.475916,200
1775042580846512855,1775042580846512855,1775042580848370233,0.000000,1.857378,1.857378,200
1775042580849612593,1775042580849612593,1775042580850583583,0.000000,0.970990,0.970990,200
1775042580863255273,1775042580863255273,1775042580864078271,0.000000,0.822998,0.822998,200
1775042580863401492,1775042580864078271,1775042580864835723,0.676779,0.757452,1.434231,200
1775042580863616919,1775042580864835723,1775042580865460429,1.218804,0.624706,1.843510,200
1775042580869383196,1775042580869383196,1775042580877083839,0.000000,7.700643,7.700643,200
1775042580869738920,1775042580877083839,1775042580879527414,7.344919,2.443575,9.788494,200
1775042580873849761,1775042580879527414,1775042580880660969,5.677653,1.133555,6.811208,200
1775042580884594607,1775042580884594607,1775042580885247241,0.000000,0.652634,0.652634,200
1775042580887601301,1775042580887601301,1775042580888249856,0.000000,0.648555,0.648555,200
1775042580898306195,1775042580898306195,1775042580899600782,0.000000,1.294587,1.294587,200
1775042580899837257,1775042580899837257,1775042580901139265,0.000000,1.302008,1.302008,200
1775042580911975060,1775042580911975060,1775042580912584499,0.000000,0.609439,0.609439,200
1775042580912044427,1775042580912584499,1775042580913245492,0.540072,0.660993,1.201065,200
1775042580912331676,1775042580913245492,1775042580915803331,0.913816,2.557839,3.471655,200
1775042580923722977,1775042580923722977,1775042580925222173,0.000000,1.499196,1.499196,200
1775042580955260487,1775042580955260487,1775042580956004902,0.000000,0.744415,0.744415,200
1775042580963173887,1775042580963173887,1775042580964020080,0.000000,0.846193,0.846193,200
1775042580970822178,1775042580970822178,1775042580971560894,0.000000,0.738716,0.738716,200
1775042580970903699,1775042580971560894,1775042580971981742,0.657195,0.420848,1.078043,200
1775042580979895715,1775042580979895715,1775042580981228976,0.000000,1.333261,1.333261,200
1775042580981101963,1775042580981228976,1775042580981952899,0.127013,0.723923,0.850936,200
1775042580984304296,1775042580984304296,1775042580985050211,0.000000,0.745915,0.745915,200
1775042580986419844,1775042580986419844,1775042580987416577,0.000000,0.996733,0.996733,200
1775042580986508821,1775042580987416577,1775042580988793059,0.907756,1.376482,2.284238,200
1775042580999530632,1775042580999530632,1775042581000499077,0.000000,0.968445,0.968445,200
1775042581001707072,1775042581001707072,1775042581002672675,0.000000,0.965603,0.965603,200
1775042581048318114,1775042581048318114,1775042581049221440,0.000000,0.903326,0.903326,200
1775042581052351514,1775042581052351514,1775042581053687590,0.000000,1.336076,1.336076,200
1775042581093277190,1775042581093277190,1775042581099689317,0.000000,6.412127,6.412127,200
1775042581096352830,1775042581099689317,1775042581100369970,3.336487,0.680653,4.017140,200
1775042581097602354,1775042581100369970,1775042581100977365,2.767616,0.607395,3.375011,200
1775042581098892108,1775042581100977365,1775042581101574349,2.085257,0.596984,2.682241,200
1775042581098948539,1775042581101574349,1775042581102115583,2.625810,0.541234,3.167044,200
1775042581116809964,1775042581116809964,1775042581117519409,0.000000,0.709445,0.709445,200
1775042581116865053,1775042581117519409,1775042581120859594,0.654356,3.340185,3.994541,200
1775042581118244855,1775042581120859594,1775042581123578259,2.614739,2.718665,5.333404,200
1775042581143431995,1775042581143431995,1775042581143801783,0.000000,0.369788,0.369788,200
1775042581145760488,1775042581145760488,1775042581146190223,0.000000,0.429735,0.429735,200
1775042581154489440,1775042581154489440,1775042581156509379,0.000000,2.019939,2.019939,200
1775042581156021113,1775042581156509379,1775042581157671337,0.488266,1.161958,1.650224,200
1775042581156226039,1775042581157671337,1775042581158833037,1.445298,1.161700,2.606998,200
1775042581157466455,1775042581158833037,1775042581159374712,1.366582,0.541675,1.908257,200
1775042581162162943,1775042581162162943,1775042581162909519,0.000000,0.746576,0.746576,200
1775042581165735036,1775042581165735036,1775042581166366158,0.000000,0.631122,0.631122,200
1775042581168806257,1775042581168806257,1775042581169412797,0.000000,0.606540,0.606540,200
1775042581176577254,1775042581176577254,1775042581184146603,0.000000,7.569349,7.569349,200
1775042581178450793,1775042581184146603,1775042581184814246,5.695810,0.667643,6.363453,200
1775042581178532094,1775042581184814246,1775042581185431749,6.282152,0.617503,6.899655,200
1775042581184793229,1775042581185431749,1775042581186108498,0.638520,0.676749,1.315269,200
1775042581185099652,1775042581186108498,1775042581188152871,1.008846,2.044373,3.053219,200
1775042581185826772,1775042581188152871,1775042581189072713,2.326099,0.919842,3.245941,200
1775042581196620142,1775042581196620142,1775042581199686521,0.000000,3.066379,3.066379,200
1775042581204853503,1775042581204853503,1775042581205261461,0.000000,0.407958,0.407958,200
1775042581211729259,1775042581211729259,1775042581212368987,0.000000,0.639728,0.639728,200
1775042581261252113,1775042581261252113,1775042581261892743,0.000000,0.640630,0.640630,200
1775042581274966362,1775042581274966362,1775042581276663048,0.000000,1.696686,1.696686,200
1775042581280514617,1775042581280514617,1775042581281209774,0.000000,0.695157,0.695157,200
1775042581307049815,1775042581307049815,1775042581307756498,0.000000,0.706683,0.706683,200
1775042581307327224,1775042581307756498,1775042581308357509,0.429274,0.601011,1.030285,200
1775042581311200725,1775042581311200725,1775042581311906713,0.000000,0.705988,0.705988,200
1775042581314073236,1775042581314073236,1775042581314847028,0.000000,0.773792,0.773792,200
1775042581314132403,1775042581314847028,1775042581315257175,0.714625,0.410147,1.124772,200
1775042581331688248,1775042581331688248,1775042581333940436,0.000000,2.252188,2.252188,200
1775042581337304489,1775042581337304489,1775042581337947412,0.000000,0.642923,0.642923,200
1775042581353663391,1775042581353663391,1775042581354352414,0.000000,0.689023,0.689023,200
1775042581383799425,1775042581383799425,1775042581384391700,0.000000,0.592275,0.592275,200
1775042581383898622,1775042581384391700,1775042581384858106,0.493078,0.466406,0.959484,200
1775042581387157244,1775042581387157244,1775042581387865927,0.000000,0.708683,0.708683,200
1775042581411104767,1775042581411104767,1775042581411796147,0.000000,0.691380,0.691380,200
1775042581411192370,1775042581411796147,1775042581412547990,0.603777,0.751843,1.355620,200
1775042581417511895,1775042581417511895,1775042581418136124,0.000000,0.624229,0.624229,200
1775042581442290083,1775042581442290083,1775042581442948077,0.000000,0.657994,0.657994,200
1775042581449116900,1775042581449116900,1775042581449819431,0.000000,0.702531,0.702531,200
1775042581465037495,1775042581465037495,1775042581470689308,0.000000,5.651813,5.651813,200
1775042581467629235,1775042581470689308,1775042581471415737,3.060073,0.726429,3.786502,200
1775042581467710125,1775042581471415737,1775042581471929908,3.705612,0.514171,4.219783,200
1775042581467738211,1775042581471929908,1775042581472763697,4.191697,0.833789,5.025486,200
1775042581471617731,1775042581472763697,1775042581473514724,1.145966,0.751027,1.896993,200
1775042581473235545,1775042581473514724,1775042581474361273,0.279179,0.846549,1.125728,200
1775042581473802768,1775042581474361273,1775042581474799685,0.558505,0.438412,0.996917,200
1775042581476068454,1775042581476068454,1775042581476673965,0.000000,0.605511,0.605511,200
1775042581479575798,1775042581479575798,1775042581481269108,0.000000,1.693310,1.693310,200
1775042581486632430,1775042581486632430,1775042581487373817,0.000000,0.741387,0.741387,200
1775042581505381602,1775042581505381602,1775042581509957904,0.000000,4.576302,4.576302,200
1775042581505535708,1775042581509957904,1775042581510491581,4.422196,0.533677,4.955873,200
1775042581507956216,1775042581510491581,1775042581510893381,2.535365,0.401800,2.937165,200
1775042581508033289,1775042581510893381,1775042581511980722,2.860092,1.087341,3.947433,200
1775042581534931279,1775042581534931279,1775042581537044914,0.000000,2.113635,2.113635,200
1775042581534981859,1775042581537044914,1775042581538868931,2.063055,1.824017,3.887072,200
1775042581539816912,1775042581539816912,1775042581540369468,0.000000,0.552556,0.552556,200
1775042581570577815,1775042581570577815,1775042581571231719,0.000000,0.653904,0.653904,200
1775042581571715297,1775042581571715297,1775042581581730683,0.000000,10.015386,10.015386,200
1775042581572652403,1775042581581730683,1775042581582380189,9.078280,0.649506,9.727786,200
1775042581585015270,1775042581585015270,1775042581585616935,0.000000,0.601665,0.601665,200
1775042581587672260,1775042581587672260,1775042581596802877,0.000000,9.130617,9.130617,200
1775042581588405001,1775042581596802877,1775042581597310545,8.397876,0.507668,8.905544,200
1775042581588438207,1775042581597310545,1775042581597857813,8.872338,0.547268,9.419606,200
1775042581589406153,1775042581597857813,1775042581598581676,8.451660,0.723863,9.175523,200
1775042581589453827,1775042581598581676,1775042581599780214,9.127849,1.198538,10.326387,200
1775042581590971793,1775042581599780214,1775042581600355869,8.808421,0.575655,9.384076,200
1775042581615233830,1775042581615233830,1775042581616529587,0.000000,1.295757,1.295757,200
1775042581615864999,1775042581616529587,1775042581617126831,0.664588,0.597244,1.261832,200
1775042581624012963,1775042581624012963,1775042581624812128,0.000000,0.799165,0.799165,200
1775042581624072591,1775042581624812128,1775042581626813995,0.739537,2.001867,2.741404,200
1775042581624108201,1775042581626813995,1775042581627644603,2.705794,0.830608,3.536402,200
1775042581628195092,1775042581628195092,1775042581629126216,0.000000,0.931124,0.931124,200
1775042581633074403,1775042581633074403,1775042581633773818,0.000000,0.699415,0.699415,200
1775042581644910033,1775042581644910033,1775042581645757048,0.000000,0.847015,0.847015,200
1775042581649940666,1775042581649940666,1775042581650657047,0.000000,0.716381,0.716381,200
1775042581677328349,1775042581677328349,1775042581677969841,0.000000,0.641492,0.641492,200
1775042581678372276,1775042581678372276,1775042581679188382,0.000000,0.816106,0.816106,200
1775042581681081510,1775042581681081510,1775042581681618986,0.000000,0.537476,0.537476,200
1775042581710675167,1775042581710675167,1775042581711371938,0.000000,0.696771,0.696771,200
1775042581714873786,1775042581714873786,1775042581715483514,0.000000,0.609728,0.609728,200
1775042581727732807,1775042581727732807,1775042581728166750,0.000000,0.433943,0.433943,200
1775042581727791212,1775042581728166750,1775042581728731292,0.375538,0.564542,0.940080,200
1775042581727830350,1775042581728731292,1775042581729340159,0.900942,0.608867,1.509809,200
1775042581728182417,1775042581729340159,1775042581730779062,1.157742,1.438903,2.596645,200
1775042581728609502,1775042581730779062,1775042581731362442,2.169560,0.583380,2.752940,200
1775042581755691445,1775042581755691445,1775042581756383308,0.000000,0.691863,0.691863,200
1775042581757082069,1775042581757082069,1775042581758887032,0.000000,1.804963,1.804963,200
1775042581757221064,1775042581758887032,1775042581759623280,1.665968,0.736248,2.402216,200
1775042581757293748,1775042581759623280,1775042581760462861,2.329532,0.839581,3.169113,200
1775042581778913344,1775042581778913344,1775042581779736635,0.000000,0.823291,0.823291,200
1775042581778990156,1775042581779736635,1775042581780428706,0.746479,0.692071,1.438550,200
1775042581782366541,1775042581782366541,1775042581782902739,0.000000,0.536198,0.536198,200
1775042581786439085,1775042581786439085,1775042581786995169,0.000000,0.556084,0.556084,200
1775042581786912542,1775042581786995169,1775042581787900880,0.082627,0.905711,0.988338,200
1775042581787164281,1775042581787900880,1775042581788476773,0.736599,0.575893,1.312492,200
1775042581805444199,1775042581805444199,1775042581806103285,0.000000,0.659086,0.659086,200
1775042581811745034,1775042581811745034,1775042581814130707,0.000000,2.385673,2.385673,200
1775042581811816476,1775042581814130707,1775042581815242733,2.314231,1.112026,3.426257,200
1775042581815699348,1775042581815699348,1775042581816591358,0.000000,0.892010,0.892010,200
1775042581816277162,1775042581816591358,1775042581817013007,0.314196,0.421649,0.735845,200
1775042581828121118,1775042581828121118,1775042581828843128,0.000000,0.722010,0.722010,200
1775042581837821918,1775042581837821918,1775042581838330057,0.000000,0.508139,0.508139,200
1775042581837923740,1775042581838330057,1775042581839039384,0.406317,0.709327,1.115644,200
1775042581847318071,1775042581847318071,1775042581847952749,0.000000,0.634678,0.634678,200
1775042581849654873,1775042581849654873,1775042581850704618,0.000000,1.049745,1.049745,200
1775042581854314028,1775042581854314028,1775042581854926374,0.000000,0.612346,0.612346,200
1775042581874335984,1775042581874335984,1775042581875556399,0.000000,1.220415,1.220415,200
1775042581876944015,1775042581876944015,1775042581877387359,0.000000,0.443344,0.443344,200
1775042581877070185,1775042581877387359,1775042581878826262,0.317174,1.438903,1.756077,200
1775042581877116647,1775042581878826262,1775042581883187162,1.709615,4.360900,6.070515,200
1775042581877246457,1775042581883187162,1775042581884126278,5.940705,0.939116,6.879821,200
1775042581879347673,1775042581884126278,1775042581885048163,4.778605,0.921885,5.700490,200
1775042581882256752,1775042581885048163,1775042581885888765,2.791411,0.840602,3.632013,200
1775042581882300238,1775042581885888765,1775042581886521652,3.588527,0.632887,4.221414,200
1775042581884345388,1775042581886521652,1775042581887141829,2.176264,0.620177,2.796441,200
1775042581885913667,1775042581887141829,1775042581887973386,1.228162,0.831557,2.059719,200
1775042581889233540,1775042581889233540,1775042581891057557,0.000000,1.824017,1.824017,200
1775042581910049494,1775042581910049494,1775042581910759073,0.000000,0.709579,0.709579,200
1775042581910192387,1775042581910759073,1775042581911255690,0.566686,0.496617,1.063303,200
1775042581952316088,1775042581952316088,1775042581952920801,0.000000,0.604713,0.604713,200
1775042581970158404,1775042581970158404,1775042581973856598,0.000000,3.698194,3.698194,200
1775042581975956284,1775042581975956284,1775042581976674629,0.000000,0.718345,0.718345,200
1775042581994902105,1775042581994902105,1775042581995830118,0.000000,0.928013,0.928013,200
1775042581997277776,1775042581997277776,1775042581997941949,0.000000,0.664173,0.664173,200
1775042581998084596,1775042581998084596,1775042582001888790,0.000000,3.804194,3.804194,200
1775042582005372034,1775042582005372034,1775042582007273342,0.000000,1.901308,1.901308,200
1775042582008796032,1775042582008796032,1775042582009621357,0.000000,0.825325,0.825325,200
1775042582026788884,1775042582026788884,1775042582027492909,0.000000,0.704025,0.704025,200
1775042582034204356,1775042582034204356,1775042582034906386,0.000000,0.702030,0.702030,200
1775042582038361457,1775042582038361457,1775042582039072926,0.000000,0.711469,0.711469,200
1775042582040943530,1775042582040943530,1775042582042336785,0.000000,1.393255,1.393255,200
1775042582047030546,1775042582047030546,1775042582047614936,0.000000,0.584390,0.584390,200
1775042582056186010,1775042582056186010,1775042582057257057,0.000000,1.071047,1.071047,200
1775042582058100180,1775042582058100180,1775042582058893700,0.000000,0.793520,0.793520,200
1775042582079082746,1775042582079082746,1775042582079576794,0.000000,0.494048,0.494048,200
1775042582079129147,1775042582079576794,1775042582081177564,0.447647,1.600770,2.048417,200
1775042582080573848,1775042582081177564,1775042582081794816,0.603716,0.617252,1.220968,200
1775042582083831546,1775042582083831546,1775042582084379536,0.000000,0.547990,0.547990,200
1775042582093882474,1775042582093882474,1775042582094826431,0.000000,0.943957,0.943957,200
1775042582094206309,1775042582094826431,1775042582095394067,0.620122,0.567636,1.187758,200
1775042582095786277,1775042582095786277,1775042582096408150,0.000000,0.621873,0.621873,200
1775042582112368199,1775042582112368199,1775042582112978779,0.000000,0.610580,0.610580,200
1775042582112419951,1775042582112978779,1775042582113804131,0.558828,0.825352,1.384180,200
1775042582119940432,1775042582119940432,1775042582121314022,0.000000,1.373590,1.373590,200
1775042582120199114,1775042582121314022,1775042582122955830,1.114908,1.641808,2.756716,200
1775042582120400623,1775042582122955830,1775042582123678182,2.555207,0.722352,3.277559,200
1775042582120473246,1775042582123678182,1775042582124561319,3.204936,0.883137,4.088073,200
1775042582123319568,1775042582124561319,1775042582125323137,1.241751,0.761818,2.003569,200
1775042582128563682,1775042582128563682,1775042582129211768,0.000000,0.648086,0.648086,200
1775042582161247154,1775042582161247154,1775042582161848547,0.000000,0.601393,0.601393,200
1775042582163056797,1775042582163056797,1775042582163617570,0.000000,0.560773,0.560773,200
1775042582163129481,1775042582163617570,1775042582164598359,0.488089,0.980789,1.468878,200
1775042582165955967,1775042582165955967,1775042582167511015,0.000000,1.555048,1.555048,200
1775042582176464132,1775042582176464132,1775042582178274182,0.000000,1.810050,1.810050,200
1775042582183128500,1775042582183128500,1775042582183830732,0.000000,0.702232,0.702232,200
1775042582185373575,1775042582185373575,1775042582185830465,0.000000,0.456890,0.456890,200
1775042582185412001,1775042582185830465,1775042582186628735,0.418464,0.798270,1.216734,200
1775042582198652056,1775042582198652056,1775042582199279660,0.000000,0.627604,0.627604,200
1775042582198709249,1775042582199279660,1775042582199882155,0.570411,0.602495,1.172906,200
1775042582201645821,1775042582201645821,1775042582202291449,0.000000,0.645628,0.645628,200
1775042582227862015,1775042582227862015,1775042582228471201,0.000000,0.609186,0.609186,200
1775042582229976482,1775042582229976482,1775042582230473188,0.000000,0.496706,0.496706,200
1775042582230755274,1775042582230755274,1775042582231213896,0.000000,0.458622,0.458622,200
1775042582242096333,1775042582242096333,1775042582242804810,0.000000,0.708477,0.708477,200
1775042582242161381,1775042582242804810,1775042582243274482,0.643429,0.469672,1.113101,200
1775042582242200058,1775042582243274482,1775042582243788224,1.074424,0.513742,1.588166,200
1775042582245645826,1775042582245645826,1775042582248403871,0.000000,2.758045,2.758045,200
1775042582246139383,1775042582248403871,1775042582248865459,2.264488,0.461588,2.726076,200
1775042582246287506,1775042582248865459,1775042582249527309,2.577953,0.661850,3.239803,200
1775042582246319780,1775042582249527309,1775042582250029456,3.207529,0.502147,3.709676,200
1775042582263610845,1775042582263610845,1775042582264170263,0.000000,0.559418,0.559418,200
1775042582264886731,1775042582264886731,1775042582265669650,0.000000,0.782919,0.782919,200
1775042582265206264,1775042582265669650,1775042582266331138,0.463386,0.661488,1.124874,200
1775042582291727227,1775042582291727227,1775042582292548156,0.000000,0.820929,0.820929,200
1775042582293305057,1775042582293305057,1775042582294480668,0.000000,1.175611,1.175611,200
1775042582326883394,1775042582326883394,1775042582327355382,0.000000,0.471988,0.471988,200
1775042582347590561,1775042582347590561,1775042582348230429,0.000000,0.639868,0.639868,200
1775042582364277137,1775042582364277137,1775042582365073584,0.000000,0.796447,0.796447,200
1775042582364789942,1775042582365073584,1775042582365914269,0.283642,0.840685,1.124327,200
1775042582373261409,1775042582373261409,1775042582374190365,0.000000,0.928956,0.928956,200
1775042582374000192,1775042582374190365,1775042582375023585,0.190173,0.833220,1.023393,200
1775042582375407619,1775042582375407619,1775042582376061679,0.000000,0.654060,0.654060,200
1775042582401017013,1775042582401017013,1775042582402133253,0.000000,1.116240,1.116240,200
1775042582406037279,1775042582406037279,1775042582406658722,0.000000,0.621443,0.621443,200
1775042582420009604,1775042582420009604,1775042582420630793,0.000000,0.621189,0.621189,200
1775042582420296365,1775042582420630793,1775042582421450645,0.334428,0.819852,1.154280,200
1775042582421037529,1775042582421450645,1775042582434887349,0.413116,13.436704,13.849820,200
1775042582422043560,1775042582434887349,1775042582435724515,12.843789,0.837166,13.680955,200
1775042582428329610,1775042582435724515,1775042582437491313,7.394905,1.766798,9.161703,200
1775042582432168608,1775042582437491313,1775042582438578768,5.322705,1.087455,6.410160,200
1775042582436072280,1775042582438578768,1775042582440061788,2.506488,1.483020,3.989508,200
1775042582443492290,1775042582443492290,1775042582443898379,0.000000,0.406089,0.406089,200
1775042582445445738,1775042582445445738,1775042582446104443,0.000000,0.658705,0.658705,200
1775042582447379317,1775042582447379317,1775042582448073335,0.000000,0.694018,0.694018,200
1775042582470221679,1775042582470221679,1775042582470898630,0.000000,0.676951,0.676951,200
1775042582474146853,1775042582474146853,1775042582475014949,0.000000,0.868096,0.868096,200
1775042582476469431,1775042582476469431,1775042582479275485,0.000000,2.806054,2.806054,200
1775042582486848852,1775042582486848852,1775042582487633559,0.000000,0.784707,0.784707,200
1775042582496964730,1775042582496964730,1775042582498678096,0.000000,1.713366,1.713366,200
1775042582497486072,1775042582498678096,1775042582499325517,1.192024,0.647421,1.839445,200
1775042582507311216,1775042582507311216,1775042582508021143,0.000000,0.709927,0.709927,200
1775042582516495923,1775042582516495923,1775042582517203174,0.000000,0.707251,0.707251,200
1775042582547624164,1775042582547624164,1775042582548304532,0.000000,0.680368,0.680368,200
1775042582547672470,1775042582548304532,1775042582549105197,0.632062,0.800665,1.432727,200
1775042582547701878,1775042582549105197,1775042582549808369,1.403319,0.703172,2.106491,200
1775042582548929178,1775042582549808369,1775042582550538793,0.879191,0.730424,1.609615,200
1775042582548964698,1775042582550538793,1775042582551376608,1.574095,0.837815,2.411910,200
1775042582553668060,1775042582553668060,1775042582554430950,0.000000,0.762890,0.762890,200
1775042582563224752,1775042582563224752,1775042582563947082,0.000000,0.722330,0.722330,200
1775042582586628747,1775042582586628747,1775042582587370606,0.000000,0.741859,0.741859,200
1775042582586743053,1775042582587370606,1775042582588107679,0.627553,0.737073,1.364626,200
1775042582586791779,1775042582588107679,1775042582588943031,1.315900,0.835352,2.151252,200
1775042582590362574,1775042582590362574,1775042582591060342,0.000000,0.697768,0.697768,200
1775042582591501757,1775042582591501757,1775042582592202034,0.000000,0.700277,0.700277,200
1775042582591925936,1775042582592202034,1775042582592970685,0.276098,0.768651,1.044749,200
1775042582597417923,1775042582597417923,1775042582598073441,0.000000,0.655518,0.655518,200
1775042582603041297,1775042582603041297,1775042582604041325,0.000000,1.000028,1.000028,200
1775042582606901138,1775042582606901138,1775042582608389986,0.000000,1.488848,1.488848,200
1775042582609212765,1775042582609212765,1775042582609734262,0.000000,0.521497,0.521497,200
1775042582610884234,1775042582610884234,1775042582611657535,0.000000,0.773301,0.773301,200
1775042582617989902,1775042582617989902,1775042582618797550,0.000000,0.807648,0.807648,200
1775042582623558597,1775042582623558597,1775042582624297178,0.000000,0.738581,0.738581,200
1775042582627354252,1775042582627354252,1775042582630945504,0.000000,3.591252,3.591252,200
1775042582630338743,1775042582630945504,1775042582632006338,0.606761,1.060834,1.667595,200
1775042582638630697,1775042582638630697,1775042582639437965,0.000000,0.807268,0.807268,200
1775042582642050438,1775042582642050438,1775042582642835883,0.000000,0.785445,0.785445,200
1775042582642094715,1775042582642835883,1775042582643457485,0.741168,0.621602,1.362770,200
1775042582648299841,1775042582648299841,1775042582648992797,0.000000,0.692956,0.692956,200
1775042582660042620,1775042582660042620,1775042582661197566,0.000000,1.154946,1.154946,200
1775042582672332285,1775042582672332285,1775042582672977775,0.000000,0.645490,0.645490,200
1775042582673434728,1775042582673434728,1775042582674251273,0.000000,0.816545,0.816545,200
1775042582677789639,1775042582677789639,1775042582683857882,0.000000,6.068243,6.068243,200
1775042582678901370,1775042582683857882,1775042582686544676,4.956512,2.686794,7.643306,200
1775042582702960350,1775042582702960350,1775042582703595506,0.000000,0.635156,0.635156,200
1775042582703078393,1775042582703595506,1775042582704292617,0.517113,0.697111,1.214224,200
1775042582704738831,1775042582704738831,1775042582706164450,0.000000,1.425619,1.425619,200
1775042582714194823,1775042582714194823,1775042582718438204,0.000000,4.243381,4.243381,200
1775042582718625020,1775042582718625020,1775042582719195441,0.000000,0.570421,0.570421,200
1775042582721952017,1775042582721952017,1775042582723576385,0.000000,1.624368,1.624368,200
1775042582754864551,1775042582754864551,1775042582755684493,0.000000,0.819942,0.819942,200
1775042582755789512,1775042582755789512,1775042582756487474,0.000000,0.697962,0.697962,200
1775042582755843038,1775042582756487474,1775042582757011505,0.644436,0.524031,1.168467,200
1775042582780272668,1775042582780272668,1775042582782082731,0.000000,1.810063,1.810063,200
1775042582780331345,1775042582782082731,1775042582783325347,1.751386,1.242616,2.994002,200
1775042582815588444,1775042582815588444,1775042582816295784,0.000000,0.707340,0.707340,200
1775042582816932225,1775042582816932225,1775042582817780728,0.000000,0.848503,0.848503,200
1775042582816999869,1775042582817780728,1775042582818589479,0.780859,0.808751,1.589610,200
1775042582836068530,1775042582836068530,1775042582836763797,0.000000,0.695267,0.695267,200
1775042582840483164,1775042582840483164,1775042582844583384,0.000000,4.100220,4.100220,200
1775042582840826904,1775042582844583384,1775042582845299502,3.756480,0.716118,4.472598,200
1775042582878133889,1775042582878133889,1775042582878978944,0.000000,0.845055,0.845055,200
1775042582885846906,1775042582885846906,1775042582886533098,0.000000,0.686192,0.686192,200
1775042582897227510,1775042582897227510,1775042582911188532,0.000000,13.961022,13.961022,200
1775042582900913818,1775042582911188532,1775042582913064561,10.274714,1.876029,12.150743,200
1775042582907398136,1775042582913064561,1775042582914819357,5.666425,1.754796,7.421221,200
1775042582922270134,1775042582922270134,1775042582924913758,0.000000,2.643624,2.643624,200
1775042582931380183,1775042582931380183,1775042582932617287,0.000000,1.237104,1.237104,200
1775042582931454861,1775042582932617287,1775042582933386969,1.162426,0.769682,1.932108,200
1775042582952838986,1775042582952838986,1775042582953482962,0.000000,0.643976,0.643976,200
1775042582952949415,1775042582953482962,1775042582954299619,0.533547,0.816657,1.350204,200
1775042582958910477,1775042582958910477,1775042582959548634,0.000000,0.638157,0.638157,200
1775042582959266562,1775042582959548634,1775042582960313118,0.282072,0.764484,1.046556,200
1775042582974116678,1775042582974116678,1775042582974839759,0.000000,0.723081,0.723081,200
1775042582976886227,1775042582976886227,1775042582977706419,0.000000,0.820192,0.820192,200
1775042582976961436,1775042582977706419,1775042582978109260,0.744983,0.402841,1.147824,200
1775042582978192323,1775042582978192323,1775042582978932099,0.000000,0.739776,0.739776,200
1775042582980827465,1775042582980827465,1775042582982888520,0.000000,2.061055,2.061055,200
1775042582984041409,1775042582984041409,1775042582984697519,0.000000,0.656110,0.656110,200
1775042582988191526,1775042582988191526,1775042582988709526,0.000000,0.518000,0.518000,200
1775042582988684091,1775042582988709526,1775042582990006767,0.025435,1.297241,1.322676,200
1775042582988807325,1775042582990006767,1775042582990441933,1.199442,0.435166,1.634608,200
1775042582992528799,1775042582992528799,1775042582993148910,0.000000,0.620111,0.620111,200
1775042582996265186,1775042582996265186,1775042582996796202,0.000000,0.531016,0.531016,200
1775042582999647763,1775042582999647763,1775042583000279265,0.000000,0.631502,0.631502,200
1775042582999706790,1775042583000279265,1775042583000991585,0.572475,0.712320,1.284795,200
1775042583004461278,1775042583004461278,1775042583005201516,0.000000,0.740238,0.740238,200
1775042583012124868,1775042583012124868,1775042583012744327,0.000000,0.619459,0.619459,200
1775042583082757109,1775042583082757109,1775042583083562107,0.000000,0.804998,0.804998,200
1775042583095394696,1775042583095394696,1775042583096313443,0.000000,0.918747,0.918747,200
1775042583095510515,1775042583096313443,1775042583097340673,0.802928,1.027230,1.830158,200
1775042583106626528,1775042583106626528,1775042583107960000,0.000000,1.333472,1.333472,200
1775042583108114190,1775042583108114190,1775042583108741241,0.000000,0.627051,0.627051,200
1775042583112698747,1775042583112698747,1775042583113262035,0.000000,0.563288,0.563288,200
1775042583115262738,1775042583115262738,1775042583115878831,0.000000,0.616093,0.616093,200
1775042583119288424,1775042583119288424,1775042583120905222,0.000000,1.616798,1.616798,200
1775042583121757868,1775042583121757868,1775042583123761880,0.000000,2.004012,2.004012,200
1775042583126922042,1775042583126922042,1775042583129091388,0.000000,2.169346,2.169346,200
1775042583134347985,1775042583134347985,1775042583135787089,0.000000,1.439104,1.439104,200
1775042583164063830,1775042583164063830,1775042583165359658,0.000000,1.295828,1.295828,200
1775042583167332790,1775042583167332790,1775042583168199175,0.000000,0.866385,0.866385,200
1775042583175201658,1775042583175201658,1775042583175610622,0.000000,0.408964,0.408964,200
1775042583177844431,1775042583177844431,1775042583178484759,0.000000,0.640328,0.640328,200
1775042583216022240,1775042583216022240,1775042583216720286,0.000000,0.698046,0.698046,200
1775042583227337884,1775042583227337884,1775042583228149390,0.000000,0.811506,0.811506,200
1775042583227488533,1775042583228149390,1775042583228928857,0.660857,0.779467,1.440324,200
1775042583228998081,1775042583228998081,1775042583229593763,0.000000,0.595682,0.595682,200
1775042583244013301,1775042583244013301,1775042583244832509,0.000000,0.819208,0.819208,200
1775042583244791135,1775042583244832509,1775042583245291162,0.041374,0.458653,0.500027,200
1775042583251996316,1775042583251996316,1775042583253042931,0.000000,1.046615,1.046615,200
1775042583255086286,1775042583255086286,1775042583255658671,0.000000,0.572385,0.572385,200
1775042583257021385,1775042583257021385,1775042583257640712,0.000000,0.619327,0.619327,200
1775042583261274912,1775042583261274912,1775042583262020937,0.000000,0.746025,0.746025,200
1775042583261517441,1775042583262020937,1775042583263279332,0.503496,1.258395,1.761891,200
1775042583272777326,1775042583272777326,1775042583273527064,0.000000,0.749738,0.749738,200
1775042583293596486,1775042583293596486,1775042583294729691,0.000000,1.133205,1.133205,200
1775042583301132553,1775042583301132553,1775042583301806051,0.000000,0.673498,0.673498,200
1775042583301203333,1775042583301806051,1775042583302717493,0.602718,0.911442,1.514160,200
1775042583303145438,1775042583303145438,1775042583304006283,0.000000,0.860845,0.860845,200
1775042583333184453,1775042583333184453,1775042583333657714,0.000000,0.473261,0.473261,200
1775042583340298121,1775042583340298121,1775042583341009971,0.000000,0.711850,0.711850,200
1775042583342130530,1775042583342130530,1775042583354829670,0.000000,12.699140,12.699140,200
1775042583342201250,1775042583354829670,1775042583355565667,12.628420,0.735997,13.364417,200
1775042583345195909,1775042583355565667,1775042583356016645,10.369758,0.450978,10.820736,200
1775042583348147582,1775042583356016645,1775042583356478263,7.869063,0.461618,8.330681,200
1775042583372506518,1775042583372506518,1775042583373395491,0.000000,0.888973,0.888973,200
1775042583373483765,1775042583373483765,1775042583374121057,0.000000,0.637292,0.637292,200
1775042583386733015,1775042583386733015,1775042583391749469,0.000000,5.016454,5.016454,200
1775042583396296150,1775042583396296150,1775042583397019231,0.000000,0.723081,0.723081,200
1775042583407722643,1775042583407722643,1775042583408560936,0.000000,0.838293,0.838293,200
1775042583413036257,1775042583413036257,1775042583413880397,0.000000,0.844140,0.844140,200
1775042583414243458,1775042583414243458,1775042583415633411,0.000000,1.389953,1.389953,200
1775042583423241423,1775042583423241423,1775042583423753089,0.000000,0.511666,0.511666,200
1775042583424439565,1775042583424439565,1775042583425057860,0.000000,0.618295,0.618295,200
1775042583428878714,1775042583428878714,1775042583429938901,0.000000,1.060187,1.060187,200
1775042583428960806,1775042583429938901,1775042583430543413,0.978095,0.604512,1.582607,200
1775042583430892707,1775042583430892707,1775042583431504775,0.000000,0.612068,0.612068,200
1775042583441801406,1775042583441801406,1775042583442924256,0.000000,1.122850,1.122850,200
1775042583442998746,1775042583442998746,1775042583443524970,0.000000,0.526224,0.526224,200
1775042583469489910,1775042583469489910,1775042583472614215,0.000000,3.124305,3.124305,200
1775042583469637863,1775042583472614215,1775042583473559345,2.976352,0.945130,3.921482,200
1775042583473494184,1775042583473559345,1775042583476219012,0.065161,2.659667,2.724828,200
1775042583473537660,1775042583476219012,1775042583476742832,2.681352,0.523820,3.205172,200
1775042583474808406,1775042583476742832,1775042583477559628,1.934426,0.816796,2.751222,200
1775042583480978081,1775042583480978081,1775042583481838566,0.000000,0.860485,0.860485,200
1775042583486688157,1775042583486688157,1775042583487384690,0.000000,0.696533,0.696533,200
1775042583488790570,1775042583488790570,1775042583489407063,0.000000,0.616493,0.616493,200
1775042583495834787,1775042583495834787,1775042583496527298,0.000000,0.692511,0.692511,200
1775042583503223781,1775042583503223781,1775042583503869409,0.000000,0.645628,0.645628,200
1775042583504495976,1775042583504495976,1775042583505890549,0.000000,1.394573,1.394573,200
1775042583507293920,1775042583507293920,1775042583507898940,0.000000,0.605020,0.605020,200
1775042583507391513,1775042583507898940,1775042583508616248,0.507427,0.717308,1.224735,200
1775042583507447534,1775042583508616248,1775042583509087484,1.168714,0.471236,1.639950,200
1775042583507491811,1775042583509087484,1775042583509880574,1.595673,0.793090,2.388763,200
1775042583536237345,1775042583536237345,1775042583537172321,0.000000,0.934976,0.934976,200
1775042583538029483,1775042583538029483,1775042583538811158,0.000000,0.781675,0.781675,200
1775042583542723858,1775042583542723858,1775042583543911471,0.000000,1.187613,1.187613,200
1775042583543073941,1775042583543911471,1775042583544700463,0.837530,0.788992,1.626522,200
1775042583555925427,1775042583555925427,1775042583556870580,0.000000,0.945153,0.945153,200
1775042583565231473,1775042583565231473,1775042583566569543,0.000000,1.338070,1.338070,200
1775042583570611745,1775042583570611745,1775042583571419748,0.000000,0.808003,0.808003,200
1775042583577917900,1775042583577917900,1775042583578699977,0.000000,0.782077,0.782077,200
1775042583580035042,1775042583580035042,1775042583580921265,0.000000,0.886223,0.886223,200
1775042583589145961,1775042583589145961,1775042583595642995,0.000000,6.497034,6.497034,200
1775042583595497582,1775042583595642995,1775042583596309738,0.145413,0.666743,0.812156,200
1775042583595993805,1775042583596309738,1775042583597812311,0.315933,1.502573,1.818506,200
1775042583598047131,1775042583598047131,1775042583600242345,0.000000,2.195214,2.195214,200
1775042583605525437,1775042583605525437,1775042583606248168,0.000000,0.722731,0.722731,200
1775042583607011931,1775042583607011931,1775042583607603193,0.000000,0.591262,0.591262,200
1775042583663405971,1775042583663405971,1775042583664169380,0.000000,0.763409,0.763409,200
1775042583666067200,1775042583666067200,1775042583666664257,0.000000,0.597057,0.597057,200
1775042583671769389,1775042583671769389,1775042583673566394,0.000000,1.797005,1.797005,200
1775042583680286840,1775042583680286840,1775042583681247769,0.000000,0.960929,0.960929,200
1775042583693830898,1775042583693830898,1775042583694564499,0.000000,0.733601,0.733601,200
1775042583693962037,1775042583694564499,1775042583695140181,0.602462,0.575682,1.178144,200
1775042583694012778,1775042583695140181,1775042583695838013,1.127403,0.697832,1.825235,200
1775042583700498740,1775042583700498740,1775042583701608557,0.000000,1.109817,1.109817,200
1775042583713982264,1775042583713982264,1775042583714495042,0.000000,0.512778,0.512778,200
1775042583724296997,1775042583724296997,1775042583725262438,0.000000,0.965441,0.965441,200
1775042583725226998,1775042583725262438,1775042583725978486,0.035440,0.716048,0.751488,200
1775042583736533285,1775042583736533285,1775042583737440711,0.000000,0.907426,0.907426,200
1775042583736619206,1775042583737440711,1775042583738302025,0.821505,0.861314,1.682819,200
1775042583736671218,1775042583738302025,1775042583739905884,1.630807,1.603859,3.234666,200
1775042583747338670,1775042583747338670,1775042583748045921,0.000000,0.707251,0.707251,200
1775042583755929732,1775042583755929732,1775042583756497118,0.000000,0.567386,0.567386,200
1775042583761589468,1775042583761589468,1775042583761998432,0.000000,0.408964,0.408964,200
1775042583761635990,1775042583761998432,1775042583762517482,0.362442,0.519050,0.881492,200
1775042583762265406,1775042583762517482,1775042583763956643,0.252076,1.439161,1.691237,200
1775042583771244322,1775042583771244322,1775042583771841938,0.000000,0.597616,0.597616,200
1775042583771902392,1775042583771902392,1775042583772554682,0.000000,0.652290,0.652290,200
1775042583775291652,1775042583775291652,1775042583776064912,0.000000,0.773260,0.773260,200
1775042583777041479,1775042583777041479,1775042583777790933,0.000000,0.749454,0.749454,200
1775042583800023029,1775042583800023029,1775042583800678008,0.000000,0.654979,0.654979,200
1775042583833440206,1775042583833440206,1775042583833943514,0.000000,0.503308,0.503308,200
1775042583864782913,1775042583864782913,1775042583865447250,0.000000,0.664337,0.664337,200
1775042583864844295,1775042583865447250,1775042583866229030,0.602955,0.781780,1.384735,200
1775042583865872140,1775042583866229030,1775042583866862115,0.356890,0.633085,0.989975,200
1775042583867903351,1775042583867903351,1775042583868588169,0.000000,0.684818,0.684818,200
1775042583895613141,1775042583895613141,1775042583908557698,0.000000,12.944557,12.944557,200
1775042583899884091,1775042583908557698,1775042583909190273,8.673607,0.632575,9.306182,200
1775042583935149680,1775042583935149680,1775042583935677014,0.000000,0.527334,0.527334,200
1775042583938287203,1775042583938287203,1775042583940439120,0.000000,2.151917,2.151917,200
1775042583938500816,1775042583940439120,1775042583945205765,1.938304,4.766645,6.704949,200
1775042583938551917,1775042583945205765,1775042583945739442,6.653848,0.533677,7.187525,200
1775042583961315380,1775042583961315380,1775042583962079453,0.000000,0.764073,0.764073,200
1775042583961388104,1775042583962079453,1775042583962599758,0.691349,0.520305,1.211654,200
1775042583976325530,1775042583976325530,1775042583977289997,0.000000,0.964467,0.964467,200
1775042583979039670,1775042583979039670,1775042583980200573,0.000000,1.160903,1.160903,200
1775042583994430085,1775042583994430085,1775042583995192532,0.000000,0.762447,0.762447,200
1775042584020961276,1775042584020961276,1775042584021446038,0.000000,0.484762,0.484762,200
1775042584054799068,1775042584054799068,1775042584055405721,0.000000,0.606653,0.606653,200
1775042584063717866,1775042584063717866,1775042584064177620,0.000000,0.459754,0.459754,200
1775042584084271301,1775042584084271301,1775042584085042596,0.000000,0.771295,0.771295,200
1775042584088769056,1775042584088769056,1775042584089297084,0.000000,0.528028,0.528028,200
1775042584091338343,1775042584091338343,1775042584092002100,0.000000,0.663757,0.663757,200
1775042584091852191,1775042584092002100,1775042584092863333,0.149909,0.861233,1.011142,200
1775042584119846812,1775042584119846812,1775042584120391873,0.000000,0.545061,0.545061,200
1775042584119947180,1775042584120391873,1775042584121066479,0.444693,0.674606,1.119299,200
1775042584120269619,1775042584121066479,1775042584122009728,0.796860,0.943249,1.740109,200
1775042584123417728,1775042584123417728,1775042584124402844,0.000000,0.985116,0.985116,200
1775042584125896385,1775042584125896385,1775042584127363827,0.000000,1.467442,1.467442,200
1775042584129798927,1775042584129798927,1775042584130742176,0.000000,0.943249,0.943249,200
1775042584162593193,1775042584162593193,1775042584163244554,0.000000,0.651361,0.651361,200
1775042584163950530,1775042584163950530,1775042584164886651,0.000000,0.936121,0.936121,200
1775042584164098713,1775042584164886651,1775042584167653882,0.787938,2.767231,3.555169,200
1775042584164726617,1775042584167653882,1775042584168709987,2.927265,1.056105,3.983370,200
1775042584164801395,1775042584168709987,1775042584169606144,3.908592,0.896157,4.804749,200
1775042584231208401,1775042584231208401,1775042584235890695,0.000000,4.682294,4.682294,200
1775042584231273590,1775042584235890695,1775042584236303517,4.617105,0.412822,5.029927,200
1775042584231323358,1775042584236303517,1775042584237037438,4.980159,0.733921,5.714080,200
1775042584239784340,1775042584239784340,1775042584240425239,0.000000,0.640899,0.640899,200
1775042584243049122,1775042584243049122,1775042584261129375,0.000000,18.080253,18.080253,200
1775042584246226734,1775042584261129375,1775042584262032910,14.902641,0.903535,15.806176,200
1775042584246287805,1775042584262032910,1775042584262769645,15.745105,0.736735,16.481840,200
1775042584247455537,1775042584262769645,1775042584263809706,15.314108,1.040061,16.354169,200
1775042584253537488,1775042584263809706,1775042584264580322,10.272218,0.770616,11.042834,200
1775042584253595453,1775042584264580322,1775042584265245629,10.984869,0.665307,11.650176,200
1775042584253717097,1775042584265245629,1775042584266581705,11.528532,1.336076,12.864608,200
1775042584258371623,1775042584266581705,1775042584267407934,8.210082,0.826229,9.036311,200
1775042584259555416,1775042584267407934,1775042584267810545,7.852518,0.402611,8.255129,200
1775042584264005297,1775042584267810545,1775042584269160516,3.805248,1.349971,5.155219,200
1775042584265121617,1775042584269160516,1775042584270047671,4.038899,0.887155,4.926054,200
1775042584265156256,1775042584270047671,1775042584270911523,4.891415,0.863852,5.755267,200
1775042584267915838,1775042584270911523,1775042584272683217,2.995685,1.771694,4.767379,200
1775042584275065682,1775042584275065682,1775042584275678615,0.000000,0.612933,0.612933,200
1775042584299331976,1775042584299331976,1775042584300108383,0.000000,0.776407,0.776407,200
1775042584302578628,1775042584302578628,1775042584303943876,0.000000,1.365248,1.365248,200
1775042584303129699,1775042584303943876,1775042584304635896,0.814177,0.692020,1.506197,200
1775042584305786039,1775042584305786039,1775042584306969191,0.000000,1.183152,1.183152,200
1775042584311299294,1775042584311299294,1775042584314163157,0.000000,2.863863,2.863863,200
1775042584330877036,1775042584330877036,1775042584333530241,0.000000,2.653205,2.653205,200
1775042584332905640,1775042584333530241,1775042584334141616,0.624601,0.611375,1.235976,200
1775042584340565189,1775042584340565189,1775042584341143086,0.000000,0.577897,0.577897,200
1775042584341555620,1775042584341555620,1775042584342481309,0.000000,0.925689,0.925689,200
1775042584342827809,1775042584342827809,1775042584343435922,0.000000,0.608113,0.608113,200
1775042584355762867,1775042584355762867,1775042584356360982,0.000000,0.598115,0.598115,200
1775042584371343238,1775042584371343238,1775042584372232211,0.000000,0.888973,0.888973,200
1775042584373110868,1775042584373110868,1775042584377072122,0.000000,3.961254,3.961254,200
1775042584373794952,1775042584377072122,1775042584378372759,3.277170,1.300637,4.577807,200
1775042584373868288,1775042584378372759,1775042584380346733,4.504471,1.973974,6.478445,200
1775042584378260294,1775042584380346733,1775042584380963168,2.086439,0.616435,2.702874,200
1775042584380427855,1775042584380963168,1775042584381645138,0.535313,0.681970,1.217283,200
1775042584383190425,1775042584383190425,1775042584385576142,0.000000,2.385717,2.385717,200
1775042584384205394,1775042584385576142,1775042584386418188,1.370748,0.842046,2.212794,200
1775042584424429786,1775042584424429786,1775042584424915671,0.000000,0.485885,0.485885,200
1775042584434776978,1775042584434776978,1775042584435946097,0.000000,1.169119,1.169119,200
1775042584434886605,1775042584435946097,1775042584436561740,1.059492,0.615643,1.675135,200
1775042584437956628,1775042584437956628,1775042584439600486,0.000000,1.643858,1.643858,200
1775042584439693006,1775042584439693006,1775042584440838645,0.000000,1.145639,1.145639,200
1775042584449842889,1775042584449842889,1775042584451045652,0.000000,1.202763,1.202763,200
1775042584449911014,1775042584451045652,1775042584451931745,1.134638,0.886093,2.020731,200
1775042584449962155,1775042584451931745,1775042584452395055,1.969590,0.463310,2.432900,200
1775042584450516142,1775042584452395055,1775042584453108558,1.878913,0.713503,2.592416,200
1775042584456567323,1775042584456567323,1775042584458397852,0.000000,1.830529,1.830529,200
1775042584462293132,1775042584462293132,1775042584464561094,0.000000,2.267962,2.267962,200
1775042584464021249,1775042584464561094,1775042584465617854,0.539845,1.056760,1.596605,200
1775042584487556047,1775042584487556047,1775042584489093530,0.000000,1.537483,1.537483,200
1775042584497908344,1775042584497908344,1775042584498413908,0.000000,0.505564,0.505564,200
1775042584511586146,1775042584511586146,1775042584512213167,0.000000,0.627021,0.627021,200
1775042584511927512,1775042584512213167,1775042584512967455,0.285655,0.754288,1.039943,200
1775042584533724822,1775042584533724822,1775042584535031739,0.000000,1.306917,1.306917,200
1775042584547276529,1775042584547276529,1775042584548082134,0.000000,0.805605,0.805605,200
1775042584554917472,1775042584554917472,1775042584555637932,0.000000,0.720460,0.720460,200
1775042584556429696,1775042584556429696,1775042584557059515,0.000000,0.629819,0.629819,200
1775042584559383103,1775042584559383103,1775042584560218105,0.000000,0.835002,0.835002,200
1775042584586972146,1775042584586972146,1775042584587432097,0.000000,0.459951,0.459951,200
1775042584587435313,1775042584587435313,1775042584588192171,0.000000,0.756858,0.756858,200
1775042584588067144,1775042584588192171,1775042584588816618,0.125027,0.624447,0.749474,200
1775042584644839838,1775042584644839838,1775042584645304528,0.000000,0.464690,0.464690,200
1775042584646908764,1775042584646908764,1775042584647333799,0.000000,0.425035,0.425035,200
1775042584654936540,1775042584654936540,1775042584655726703,0.000000,0.790163,0.790163,200
1775042584673109404,1775042584673109404,1775042584673581392,0.000000,0.471988,0.471988,200
1775042584681573562,1775042584681573562,1775042584682145226,0.000000,0.571664,0.571664,200
1775042584704788913,1775042584704788913,1775042584705475164,0.000000,0.686251,0.686251,200
1775042584704879422,1775042584705475164,1775042584706182344,0.595742,0.707180,1.302922,200
1775042584704916155,1775042584706182344,1775042584707563949,1.266189,1.381605,2.647794,200
1775042584704958829,1775042584707563949,1775042584708384694,2.605120,0.820745,3.425865,200
1775042584704985412,1775042584708384694,1775042584709406920,3.399282,1.022226,4.421508,200
1775042584708599832,1775042584709406920,1775042584709975392,0.807088,0.568472,1.375560,200
1775042584709806852,1775042584709975392,1775042584710756638,0.168540,0.781246,0.949786,200
1775042584709927852,1775042584710756638,1775042584712015180,0.828786,1.258542,2.087328,200
1775042584734251218,1775042584734251218,1775042584734810710,0.000000,0.559492,0.559492,200
1775042584736045350,1775042584736045350,1775042584737226100,0.000000,1.180750,1.180750,200
1775042584736454258,1775042584737226100,1775042584737923211,0.771842,0.697111,1.468953,200
1775042584768115188,1775042584768115188,1775042584768637826,0.000000,0.522638,0.522638,200
1775042584771718512,1775042584771718512,1775042584772577801,0.000000,0.859289,0.859289,200
1775042584773521372,1775042584773521372,1775042584774293921,0.000000,0.772549,0.772549,200
1775042584798233360,1775042584798233360,1775042584801187116,0.000000,2.953756,2.953756,200
1775042584799102938,1775042584801187116,1775042584801738591,2.084178,0.551475,2.635653,200
1775042584799175301,1775042584801738591,1775042584802382807,2.563290,0.644216,3.207506,200
1775042584803309370,1775042584803309370,1775042584804248293,0.000000,0.938923,0.938923,200
1775042584813723690,1775042584813723690,1775042584815834857,0.000000,2.111167,2.111167,200
1775042584814816720,1775042584815834857,1775042584816968062,1.018137,1.133205,2.151342,200
1775042584844969060,1775042584844969060,1775042584845667130,0.000000,0.698070,0.698070,200
1775042584854810265,1775042584854810265,1775042584855531163,0.000000,0.720898,0.720898,200
1775042584865575772,1775042584865575772,1775042584866215539,0.000000,0.639767,0.639767,200
1775042584869952046,1775042584869952046,1775042584872688007,0.000000,2.735961,2.735961,200
1775042584872225106,1775042584872688007,1775042584886649029,0.462901,13.961022,14.423923,200
1775042584880540479,1775042584886649029,1775042584887117400,6.108550,0.468371,6.576921,200
1775042584883160717,1775042584887117400,1775042584887900942,3.956683,0.783542,4.740225,200
1775042584883216808,1775042584887900942,1775042584888895983,4.684134,0.995041,5.679175,200
1775042584883249974,1775042584888895983,1775042584898026600,5.646009,9.130617,14.776626,200
1775042584905813943,1775042584905813943,1775042584906421101,0.000000,0.607158,0.607158,200
1775042584906012596,1775042584906421101,1775042584908208877,0.408505,1.787776,2.196281,200
1775042584916117770,1775042584916117770,1775042584916832666,0.000000,0.714896,0.714896,200
1775042584916194882,1775042584916832666,1775042584917684907,0.637784,0.852241,1.490025,200
1775042584938248828,1775042584938248828,1775042584939095021,0.000000,0.846193,0.846193,200
1775042584946100695,1775042584946100695,1775042584946794140,0.000000,0.693445,0.693445,200
1775042584946169571,1775042584946794140,1775042584947520882,0.624569,0.726742,1.351311,200
1775042584946260070,1775042584947520882,1775042584948288987,1.260812,0.768105,2.028917,200
1775042584955687285,1775042584955687285,1775042584956447076,0.000000,0.759791,0.759791,200
1775042584956665071,1775042584956665071,1775042584957504875,0.000000,0.839804,0.839804,200
1775042584963307344,1775042584963307344,1775042584964054072,0.000000,0.746728,0.746728,200
1775042584963375659,1775042584964054072,1775042584964458949,0.678413,0.404877,1.083290,200
1775042584965724810,1775042584965724810,1775042584966479013,0.000000,0.754203,0.754203,200
1775042584971783155,1775042584971783155,1775042584972632307,0.000000,0.849152,0.849152,200
1775042584971964895,1775042584972632307,1775042584973212929,0.667412,0.580622,1.248034,200
1775042585014923119,1775042585014923119,1775042585016022724,0.000000,1.099605,1.099605,200
1775042585019346627,1775042585019346627,1775042585020667459,0.000000,1.320832,1.320832,200
1775042585019579297,1775042585020667459,1775042585021266047,1.088162,0.598588,1.686750,200
1775042585020305064,1775042585021266047,1775042585021999857,0.960983,0.733810,1.694793,200
1775042585020590830,1775042585021999857,1775042585023174529,1.409027,1.174672,2.583699,200
1775042585022292940,1775042585023174529,1775042585023976156,0.881589,0.801627,1.683216,200
1775042585023715156,1775042585023976156,1775042585027231359,0.261000,3.255203,3.516203,200
1775042585051606080,1775042585051606080,1775042585052347067,0.000000,0.740987,0.740987,200
1775042585057769790,1775042585057769790,1775042585059122876,0.000000,1.353086,1.353086,200
1775042585059163740,1775042585059163740,1775042585060025054,0.000000,0.861314,0.861314,200
1775042585060310511,1775042585060310511,1775042585060944639,0.000000,0.634128,0.634128,200
1775042585069358299,1775042585069358299,1775042585072386377,0.000000,3.028078,3.028078,200
1775042585071278632,1775042585072386377,1775042585073087737,1.107745,0.701360,1.809105,200
1775042585074189154,1775042585074189154,1775042585075280887,0.000000,1.091733,1.091733,200
1775042585080205867,1775042585080205867,1775042585080861295,0.000000,0.655428,0.655428,200
1775042585082354891,1775042585082354891,1775042585083304549,0.000000,0.949658,0.949658,200
1775042585084393047,1775042585084393047,1775042585085773962,0.000000,1.380915,1.380915,200
1775042585088707266,1775042585088707266,1775042585089388736,0.000000,0.681470,0.681470,200
1775042585089011488,1775042585089388736,1775042585089858079,0.377248,0.469343,0.846591,200
1775042585089467120,1775042585089858079,1775042585090532154,0.390959,0.674075,1.065034,200
1775042585090775603,1775042585090775603,1775042585103506290,0.000000,12.730687,12.730687,200
1775042585094214072,1775042585103506290,1775042585103953800,9.292218,0.447510,9.739728,200
1775042585111805548,1775042585111805548,1775042585112608877,0.000000,0.803329,0.803329,200
1775042585117362931,1775042585117362931,1775042585118074281,0.000000,0.711350,0.711350,200
1775042585124169911,1775042585124169911,1775042585124860961,0.000000,0.691050,0.691050,200
1775042585124957321,1775042585124957321,1775042585125448768,0.000000,0.491447,0.491447,200
1775042585134602648,1775042585134602648,1775042585139759772,0.000000,5.157124,5.157124,200
1775042585135864226,1775042585139759772,1775042585140474668,3.895546,0.714896,4.610442,200
1775042585135910177,1775042585140474668,1775042585141627247,4.564491,1.152579,5.717070,200
1775042585185831487,1775042585185831487,1775042585186241594,0.000000,0.410107,0.410107,200
1775042585189587560,1775042585189587560,1775042585190276454,0.000000,0.688894,0.688894,200
1775042585199424717,1775042585199424717,1775042585203259698,0.000000,3.834981,3.834981,200
1775042585227995114,1775042585227995114,1775042585228488355,0.000000,0.493241,0.493241,200
1775042585265428800,1775042585265428800,1775042585266127063,0.000000,0.698263,0.698263,200
1775042585265583226,1775042585266127063,1775042585266874815,0.543837,0.747752,1.291589,200
1775042585280505211,1775042585280505211,1775042585281237901,0.000000,0.732690,0.732690,200
1775042585311173415,1775042585311173415,1775042585312994867,0.000000,1.821452,1.821452,200
1775042585314032071,1775042585314032071,1775042585314804828,0.000000,0.772757,0.772757,200
1775042585318550708,1775042585318550708,1775042585319035470,0.000000,0.484762,0.484762,200
1775042585324440480,1775042585324440480,1775042585327093685,0.000000,2.653205,2.653205,200
1775042585329099868,1775042585329099868,1775042585329821477,0.000000,0.721609,0.721609,200
1775042585367770854,1775042585367770854,1775042585371802499,0.000000,4.031645,4.031645,200
1775042585375241035,1775042585375241035,1775042585375943609,0.000000,0.702574,0.702574,200
1775042585375326584,1775042585375943609,1775042585376667342,0.617025,0.723733,1.340758,200
1775042585375378968,1775042585376667342,1775042585377387012,1.288374,0.719670,2.008044,200
1775042585377983084,1775042585377983084,1775042585379634582,0.000000,1.651498,1.651498,200
1775042585381571309,1775042585381571309,1775042585382257372,0.000000,0.686063,0.686063,200
1775042585387026249,1775042585387026249,1775042585387936249,0.000000,0.910000,0.910000,200
1775042585388521379,1775042585388521379,1775042585389055018,0.000000,0.533639,0.533639,200
1775042585388572420,1775042585389055018,1775042585390161122,0.482598,1.106104,1.588702,200
1775042585389689372,1775042585390161122,1775042585390934067,0.471750,0.772945,1.244695,200
1775042585395444516,1775042585395444516,1775042585397502151,0.000000,2.057635,2.057635,200
1775042585395643940,1775042585397502151,1775042585398182662,1.858211,0.680511,2.538722,200
1775042585395712446,1775042585398182662,1775042585398689759,2.470216,0.507097,2.977313,200
1775042585400963311,1775042585400963311,1775042585401640553,0.000000,0.677242,0.677242,200
1775042585401138137,1775042585401640553,1775042585402584824,0.502416,0.944271,1.446687,200
1775042585413828372,1775042585413828372,1775042585414573442,0.000000,0.745070,0.745070,200
1775042585417876980,1775042585417876980,1775042585418341349,0.000000,0.464369,0.464369,200
1775042585423666694,1775042585423666694,1775042585424479914,0.000000,0.813220,0.813220,200
1775042585455405755,1775042585455405755,1775042585456301733,0.000000,0.895978,0.895978,200
1775042585460133355,1775042585460133355,1775042585461779089,0.000000,1.645734,1.645734,200
1775042585460290396,1775042585461779089,1775042585462617186,1.488693,0.838097,2.326790,200
1775042585461681230,1775042585462617186,1775042585463226053,0.935956,0.608867,1.544823,200
1775042585499233327,1775042585499233327,1775042585501276182,0.000000,2.042855,2.042855,200
1775042585500570346,1775042585501276182,1775042585501921230,0.705836,0.645048,1.350884,200
1775042585507216517,1775042585507216517,1775042585517530728,0.000000,10.314211,10.314211,200
1775042585518262788,1775042585518262788,1775042585519088390,0.000000,0.825602,0.825602,200
1775042585528024170,1775042585528024170,1775042585528636132,0.000000,0.611962,0.611962,200
1775042585528085081,1775042585528636132,1775042585529212896,0.551051,0.576764,1.127815,200
1775042585529487207,1775042585529487207,1775042585530094724,0.000000,0.607517,0.607517,200
1775042585538332585,1775042585538332585,1775042585539154241,0.000000,0.821656,0.821656,200
1775042585544006558,1775042585544006558,1775042585544674692,0.000000,0.668134,0.668134,200
1775042585544073581,1775042585544674692,1775042585545340331,0.601111,0.665639,1.266750,200
1775042585564604587,1775042585564604587,1775042585565391074,0.000000,0.786487,0.786487,200
1775042585564874321,1775042585565391074,1775042585568752486,0.516753,3.361412,3.878165,200
1775042585565480882,1775042585568752486,1775042585569962435,3.271604,1.209949,4.481553,200
1775042585566075671,1775042585569962435,1775042585571428168,3.886764,1.465733,5.352497,200
1775042585569281348,1775042585571428168,1775042585571986586,2.146820,0.558418,2.705238,200
1775042585586044391,1775042585586044391,1775042585586843893,0.000000,0.799502,0.799502,200
1775042585602883919,1775042585602883919,1775042585603585198,0.000000,0.701279,0.701279,200
1775042585607750304,1775042585607750304,1775042585608504385,0.000000,0.754081,0.754081,200
1775042585625457042,1775042585625457042,1775042585626044857,0.000000,0.587815,0.587815,200
1775042585639907531,1775042585639907531,1775042585640641666,0.000000,0.734135,0.734135,200
1775042585640174660,1775042585640641666,1775042585641286965,0.467006,0.645299,1.112305,200
1775042585643115343,1775042585643115343,1775042585643841829,0.000000,0.726486,0.726486,200
1775042585643215912,1775042585643841829,1775042585644606603,0.625917,0.764774,1.390691,200
1775042585643279247,1775042585644606603,1775042585645480719,1.327356,0.874116,2.201472,200
1775042585645912571,1775042585645912571,1775042585646998852,0.000000,1.086281,1.086281,200
1775042585646045103,1775042585646998852,1775042585647546329,0.953749,0.547477,1.501226,200
1775042585657951730,1775042585657951730,1775042585659847078,0.000000,1.895348,1.895348,200
1775042585660466680,1775042585660466680,1775042585661224791,0.000000,0.758111,0.758111,200
1775042585660882363,1775042585661224791,1775042585662861455,0.342428,1.636664,1.979092,200
1775042585662264349,1775042585662861455,1775042585664499865,0.597106,1.638410,2.235516,200
1775042585675473132,1775042585675473132,1775042585676001331,0.000000,0.528199,0.528199,200
1775042585675681274,1775042585676001331,1775042585677889038,0.320057,1.887707,2.207764,200
1775042585711405662,1775042585711405662,1775042585712282498,0.000000,0.876836,0.876836,200
1775042585720658562,1775042585720658562,1775042585721497129,0.000000,0.838567,0.838567,200
1775042585722621459,1775042585722621459,1775042585723447373,0.000000,0.825914,0.825914,200
1775042585727305066,1775042585727305066,1775042585728018038,0.000000,0.712972,0.712972,200
1775042585736948667,1775042585736948667,1775042585737713972,0.000000,0.765305,0.765305,200
1775042585739936513,1775042585739936513,1775042585740584431,0.000000,0.647918,0.647918,200
1775042585739998035,1775042585740584431,1775042585741069595,0.586396,0.485164,1.071560,200
1775042585741919239,1775042585741919239,1775042585744088585,0.000000,2.169346,2.169346,200
1775042585742251236,1775042585744088585,1775042585748899899,1.837349,4.811314,6.648663,200
1775042585743891794,1775042585748899899,1775042585749640963,5.008105,0.741064,5.749169,200
1775042585764860581,1775042585764860581,1775042585765847178,0.000000,0.986597,0.986597,200
1775042585782044471,1775042585782044471,1775042585782757964,0.000000,0.713493,0.713493,200
1775042585787208827,1775042585787208827,1775042585788580494,0.000000,1.371667,1.371667,200
1775042585787755239,1775042585788580494,1775042585789436678,0.825255,0.856184,1.681439,200
1775042585787817472,1775042585789436678,1775042585791091021,1.619206,1.654343,3.273549,200
1775042585802807851,1775042585802807851,1775042585805075110,0.000000,2.267259,2.267259,200
1775042585809826989,1775042585809826989,1775042585810523348,0.000000,0.696359,0.696359,200
1775042585809943399,1775042585810523348,1775042585815189207,0.579949,4.665859,5.245808,200
1775042585821764263,1775042585821764263,1775042585822471366,0.000000,0.707103,0.707103,200
1775042585839608488,1775042585839608488,1775042585840643218,0.000000,1.034730,1.034730,200
1775042585854437045,1775042585854437045,1775042585855703566,0.000000,1.266521,1.266521,200
1775042585858129376,1775042585858129376,1775042585858794512,0.000000,0.665136,0.665136,200
1775042585861090469,1775042585861090469,1775042585861625542,0.000000,0.535073,0.535073,200
1775042585867643772,1775042585867643772,1775042585868278892,0.000000,0.635120,0.635120,200
1775042585868951331,1775042585868951331,1775042585869472866,0.000000,0.521535,0.521535,200
1775042585870039609,1775042585870039609,1775042585870436329,0.000000,0.396720,0.396720,200
1775042585873413345,1775042585873413345,1775042585874312415,0.000000,0.899070,0.899070,200
1775042585873485228,1775042585874312415,1775042585874868388,0.827187,0.555973,1.383160,200
1775042585876663500,1775042585876663500,1775042585880113119,0.000000,3.449619,3.449619,200
1775042585876996810,1775042585880113119,1775042585880786263,3.116309,0.673144,3.789453,200
1775042585884072274,1775042585884072274,1775042585884600464,0.000000,0.528190,0.528190,200
1775042585885765865,1775042585885765865,1775042585886417676,0.000000,0.651811,0.651811,200
1775042585890095786,1775042585890095786,1775042585890590389,0.000000,0.494603,0.494603,200
1775042585894120889,1775042585894120889,1775042585895034964,0.000000,0.914075,0.914075,200
1775042585907752188,1775042585907752188,1775042585908754658,0.000000,1.002470,1.002470,200
1775042585916679260,1775042585916679260,1775042585919199583,0.000000,2.520323,2.520323,200
1775042585916751744,1775042585919199583,1775042585920059705,2.447839,0.860122,3.307961,200
1775042585944699569,1775042585944699569,1775042585945426055,0.000000,0.726486,0.726486,200
1775042585944847632,1775042585945426055,1775042585946281883,0.578423,0.855828,1.434251,200
1775042585954993633,1775042585954993633,1775042585955514809,0.000000,0.521176,0.521176,200
1775042585955077599,1775042585955514809,1775042585956053849,0.437210,0.539040,0.976250,200
1775042585955170413,1775042585956053849,1775042585957386077,0.883436,1.332228,2.215664,200
1775042585971190262,1775042585971190262,1775042585972407709,0.000000,1.217447,1.217447,200
1775042585977926899,1775042585977926899,1775042585978612454,0.000000,0.685555,0.685555,200
1775042585985938551,1775042585985938551,1775042585987136994,0.000000,1.198443,1.198443,200
1775042585989955314,1775042585989955314,1775042585990858860,0.000000,0.903546,0.903546,200
1775042586003901688,1775042586003901688,1775042586004613218,0.000000,0.711530,0.711530,200
1775042586015664758,1775042586015664758,1775042586016100726,0.000000,0.435968,0.435968,200
1775042586015750929,1775042586016100726,1775042586016796805,0.349797,0.696079,1.045876,200
1775042586015817631,1775042586016796805,1775042586017377296,0.979174,0.580491,1.559665,200
1775042586019030512,1775042586019030512,1775042586019847448,0.000000,0.816936,0.816936,200
1775042586034147382,1775042586034147382,1775042586034675971,0.000000,0.528589,0.528589,200
1775042586037641421,1775042586037641421,1775042586038136383,0.000000,0.494962,0.494962,200
1775042586047074546,1775042586047074546,1775042586047668042,0.000000,0.593496,0.593496,200
1775042586048356641,1775042586048356641,1775042586049122787,0.000000,0.766146,0.766146,200
1775042586048408083,1775042586049122787,1775042586050691602,0.714704,1.568815,2.283519,200
1775042586050629601,1775042586050691602,1775042586051339225,0.062001,0.647623,0.709624,200
1775042586055013282,1775042586055013282,1775042586055767645,0.000000,0.754363,0.754363,200
1775042586058243466,1775042586058243466,1775042586059049416,0.000000,0.805950,0.805950,200
1775042586060913215,1775042586060913215,1775042586061547225,0.000000,0.634010,0.634010,200
1775042586060986180,1775042586061547225,1775042586062003061,0.561045,0.455836,1.016881,200
1775042586064383493,1775042586064383493,1775042586065787783,0.000000,1.404290,1.404290,200
1775042586066311590,1775042586066311590,1775042586066812146,0.000000,0.500556,0.500556,200
1775042586071281795,1775042586071281795,1775042586072397302,0.000000,1.115507,1.115507,200
1775042586071553744,1775042586072397302,1775042586072992103,0.843558,0.594801,1.438359,200
1775042586099171452,1775042586099171452,1775042586099955764,0.000000,0.784312,0.784312,200
1775042586100204497,1775042586100204497,1775042586100751683,0.000000,0.547186,0.547186,200
1775042586100916557,1775042586100916557,1775042586101541022,0.000000,0.624465,0.624465,200
1775042586102442338,1775042586102442338,1775042586108658482,0.000000,6.216144,6.216144,200
1775042586103552817,1775042586108658482,1775042586109395505,5.105665,0.737023,5.842688,200
1775042586124860507,1775042586124860507,1775042586125685879,0.000000,0.825372,0.825372,200
1775042586126989518,1775042586126989518,1775042586127426767,0.000000,0.437249,0.437249,200
1775042586129552934,1775042586129552934,1775042586130060524,0.000000,0.507590,0.507590,200
1775042586154325282,1775042586154325282,1775042586154867297,0.000000,0.542015,0.542015,200
1775042586158119427,1775042586158119427,1775042586159331367,0.000000,1.211940,1.211940,200
1775042586163132178,1775042586163132178,1775042586163659512,0.000000,0.527334,0.527334,200
1775042586165649013,1775042586165649013,1775042586166561166,0.000000,0.912153,0.912153,200
1775042586166827908,1775042586166827908,1775042586167300798,0.000000,0.472890,0.472890,200
1775042586171001320,1775042586171001320,1775042586171623293,0.000000,0.621973,0.621973,200
1775042586187021061,1775042586187021061,1775042586199063029,0.000000,12.041968,12.041968,200
1775042586190177820,1775042586199063029,1775042586199869135,8.885209,0.806106,9.691315,200
1775042586227883151,1775042586227883151,1775042586231332332,0.000000,3.449181,3.449181,200
1775042586240978053,1775042586240978053,1775042586241731935,0.000000,0.753882,0.753882,200
1775042586253331262,1775042586253331262,1775042586254051338,0.000000,0.720076,0.720076,200
1775042586255620384,1775042586255620384,1775042586256142613,0.000000,0.522229,0.522229,200
1775042586255688448,1775042586256142613,1775042586256566958,0.454165,0.424345,0.878510,200
1775042586268007374,1775042586268007374,1775042586269717985,0.000000,1.710611,1.710611,200
1775042586296110400,1775042586296110400,1775042586302287238,0.000000,6.176838,6.176838,200
1775042586296196982,1775042586302287238,1775042586302939528,6.090256,0.652290,6.742546,200
1775042586322103721,1775042586322103721,1775042586323292261,0.000000,1.188540,1.188540,200
1775042586323546860,1775042586323546860,1775042586325228070,0.000000,1.681210,1.681210,200
1775042586333616235,1775042586333616235,1775042586334341336,0.000000,0.725101,0.725101,200
1775042586333692436,1775042586334341336,1775042586335713815,0.648900,1.372479,2.021379,200
1775042586336230124,1775042586336230124,1775042586337024396,0.000000,0.794272,0.794272,200
1775042586337014324,1775042586337024396,1775042586337720325,0.010072,0.695929,0.706001,200
1775042586356200801,1775042586356200801,1775042586357093493,0.000000,0.892692,0.892692,200
1775042586357719261,1775042586357719261,1775042586358714809,0.000000,0.995548,0.995548,200
1775042586358657329,1775042586358714809,1775042586359597164,0.057480,0.882355,0.939835,200
1775042586359008294,1775042586359597164,1775042586361388580,0.588870,1.791416,2.380286,200
1775042586372867532,1775042586372867532,1775042586373734809,0.000000,0.867277,0.867277,200
1775042586372948932,1775042586373734809,1775042586376160003,0.785877,2.425194,3.211071,200
1775042586391640556,1775042586391640556,1775042586392420149,0.000000,0.779593,0.779593,200
1775042586410646187,1775042586410646187,1775042586411514283,0.000000,0.868096,0.868096,200
1775042586412857829,1775042586412857829,1775042586414112997,0.000000,1.255168,1.255168,200
1775042586412951554,1775042586414112997,1775042586416315846,1.161443,2.202849,3.364292,200
1775042586413000761,1775042586416315846,1775042586418736817,3.315085,2.420971,5.736056,200
1775042586419155897,1775042586419155897,1775042586419913587,0.000000,0.757690,0.757690,200
1775042586462273818,1775042586462273818,1775042586462867525,0.000000,0.593707,0.593707,200
1775042586463007154,1775042586463007154,1775042586463409676,0.000000,0.402522,0.402522,200
1775042586463878542,1775042586463878542,1775042586464847192,0.000000,0.968650,0.968650,200
1775042586463911798,1775042586464847192,1775042586465572724,0.935394,0.725532,1.660926,200
1775042586464930918,1775042586465572724,1775042586467531736,0.641806,1.959012,2.600818,200
1775042586479129635,1775042586479129635,1775042586479725608,0.000000,0.595973,0.595973,200
1775042586479172370,1775042586479725608,1775042586483508362,0.553238,3.782754,4.335992,200
1775042586482818150,1775042586483508362,1775042586484195037,0.690212,0.686675,1.376887,200
1775042586487760609,1775042586487760609,1775042586488506375,0.000000,0.745766,0.745766,200
1775042586520668096,1775042586520668096,1775042586521303214,0.000000,0.635118,0.635118,200
1775042586524258398,1775042586524258398,1775042586524941336,0.000000,0.682938,0.682938,200
1775042586547979755,1775042586547979755,1775042586548570136,0.000000,0.590381,0.590381,200
1775042586574481144,1775042586574481144,1775042586575309082,0.000000,0.827938,0.827938,200
1775042586575778573,1775042586575778573,1775042586576542670,0.000000,0.764097,0.764097,200
1775042586577041347,1775042586577041347,1775042586577609603,0.000000,0.568256,0.568256,200
1775042586582833030,1775042586582833030,1775042586583414142,0.000000,0.581112,0.581112,200
1775042586589722059,1775042586589722059,1775042586590560678,0.000000,0.838619,0.838619,200
1775042586596896104,1775042586596896104,1775042586602563734,0.000000,5.667630,5.667630,200
1775042586597005751,1775042586602563734,1775042586604508808,5.557983,1.945074,7.503057,200
1775042586597050960,1775042586604508808,1775042586611525625,7.457848,7.016817,14.474665,200
1775042586602846221,1775042586611525625,1775042586612213298,8.679404,0.687673,9.367077,200
1775042586615794183,1775042586615794183,1775042586618229107,0.000000,2.434924,2.434924,200
1775042586618042959,1775042586618229107,1775042586618907250,0.186148,0.678143,0.864291,200
1775042586618317621,1775042586618907250,1775042586619752021,0.589629,0.844771,1.434400,200
1775042586631301610,1775042586631301610,1775042586631979934,0.000000,0.678324,0.678324,200
1775042586637918859,1775042586637918859,1775042586638780396,0.000000,0.861537,0.861537,200
1775042586647845669,1775042586647845669,1775042586648429146,0.000000,0.583477,0.583477,200
1775042586649221652,1775042586649221652,1775042586649671778,0.000000,0.450126,0.450126,200
1775042586649269697,1775042586649671778,1775042586650181080,0.402081,0.509302,0.911383,200
1775042586649301770,1775042586650181080,1775042586650935573,0.879310,0.754493,1.633803,200
1775042586652825024,1775042586652825024,1775042586653654856,0.000000,0.829832,0.829832,200
1775042586652902977,1775042586653654856,1775042586654475550,0.751879,0.820694,1.572573,200
1775042586654220356,1775042586654475550,1775042586654971516,0.255194,0.495966,0.751160,200
1775042586682475974,1775042586682475974,1775042586683242472,0.000000,0.766498,0.766498,200
1775042586682575330,1775042586683242472,1775042586683931507,0.667142,0.689035,1.356177,200
1775042586689802158,1775042586689802158,1775042586690645075,0.000000,0.842917,0.842917,200
1775042586691389640,1775042586691389640,1775042586692088393,0.000000,0.698753,0.698753,200
1775042586696087072,1775042586696087072,1775042586696738643,0.000000,0.651571,0.651571,200
1775042586699992605,1775042586699992605,1775042586700846725,0.000000,0.854120,0.854120,200
1775042586733451893,1775042586733451893,1775042586735088100,0.000000,1.636207,1.636207,200
1775042586739024823,1775042586739024823,1775042586740083824,0.000000,1.059001,1.059001,200
1775042586743909848,1775042586743909848,1775042586744855317,0.000000,0.945469,0.945469,200
1775042586745108933,1775042586745108933,1775042586745746888,0.000000,0.637955,0.637955,200
1775042586756315386,1775042586756315386,1775042586757668524,0.000000,1.353138,1.353138,200
1775042586760961961,1775042586760961961,1775042586762426636,0.000000,1.464675,1.464675,200
1775042586770610843,1775042586770610843,1775042586771846085,0.000000,1.235242,1.235242,200
1775042586773883612,1775042586773883612,1775042586774458784,0.000000,0.575172,0.575172,200
1775042586783531036,1775042586783531036,1775042586784413072,0.000000,0.882036,0.882036,200
1775042586785411956,1775042586785411956,1775042586786238743,0.000000,0.826787,0.826787,200
1775042586785516151,1775042586786238743,1775042586786832781,0.722592,0.594038,1.316630,200
1775042586785624796,1775042586786832781,1775042586787544211,1.207985,0.711430,1.919415,200
1775042586789997972,1775042586789997972,1775042586790548141,0.000000,0.550169,0.550169,200
1775042586808929517,1775042586808929517,1775042586809608740,0.000000,0.679223,0.679223,200
1775042586809574508,1775042586809608740,1775042586811319334,0.034232,1.710594,1.744826,200
1775042586818494108,1775042586818494108,1775042586818872934,0.000000,0.378826,0.378826,200
1775042586872286178,1775042586872286178,1775042586873182420,0.000000,0.896242,0.896242,200
1775042586872404521,1775042586873182420,1775042586873749399,0.777899,0.566979,1.344878,200
1775042586872458067,1775042586873749399,1775042586874485638,1.291332,0.736239,2.027571,200
1775042586886661356,1775042586886661356,1775042586888187303,0.000000,1.525947,1.525947,200
1775042586919065828,1775042586919065828,1775042586919905388,0.000000,0.839560,0.839560,200
1775042586946480834,1775042586946480834,1775042586947541021,0.000000,1.060187,1.060187,200
1775042586950609387,1775042586950609387,1775042586953774281,0.000000,3.164894,3.164894,200
1775042586951806398,1775042586953774281,1775042586954432163,1.967883,0.657882,2.625765,200
1775042586957530489,1775042586957530489,1775042586958332075,0.000000,0.801586,0.801586,200
1775042586959494218,1775042586959494218,1775042586960198243,0.000000,0.704025,0.704025,200
1775042586963267110,1775042586963267110,1775042586963904846,0.000000,0.637736,0.637736,200
1775042586965281824,1775042586965281824,1775042586965900108,0.000000,0.618284,0.618284,200
1775042586965358755,1775042586965900108,1775042586967713619,0.541353,1.813511,2.354864,200
1775042586966754919,1775042586967713619,1775042586968356757,0.958700,0.643138,1.601838,200
1775042586978049671,1775042586978049671,1775042586979837447,0.000000,1.787776,1.787776,200
1775042586984997481,1775042586984997481,1775042586985798241,0.000000,0.800760,0.800760,200
1775042586986032002,1775042586986032002,1775042586987008828,0.000000,0.976826,0.976826,200
1775042586987537761,1775042586987537761,1775042586988536766,0.000000,0.999005,0.999005,200
1775042586993708135,1775042586993708135,1775042586994434213,0.000000,0.726078,0.726078,200
1775042587024046316,1775042587024046316,1775042587024773586,0.000000,0.727270,0.727270,200
1775042587024124049,1775042587024773586,1775042587026125843,0.649537,1.352257,2.001794,200
1775042587024172444,1775042587026125843,1775042587026698199,1.953399,0.572356,2.525755,200
1775042587031613241,1775042587031613241,1775042587032408276,0.000000,0.795035,0.795035,200
1775042587041276387,1775042587041276387,1775042587042155646,0.000000,0.879259,0.879259,200
1775042587048278107,1775042587048278107,1775042587049190732,0.000000,0.912625,0.912625,200
1775042587051654797,1775042587051654797,1775042587052500667,0.000000,0.845870,0.845870,200
1775042587051808049,1775042587052500667,1775042587052925702,0.692618,0.425035,1.117653,200
1775042587060081052,1775042587060081052,1775042587068541395,0.000000,8.460343,8.460343,200
1775042587064087210,1775042587068541395,1775042587069258755,4.454185,0.717360,5.171545,200
1775042587069814297,1775042587069814297,1775042587070769409,0.000000,0.955112,0.955112,200
1775042587070799500,1775042587070799500,1775042587071323806,0.000000,0.524306,0.524306,200
1775042587120278551,1775042587120278551,1775042587120741311,0.000000,0.462760,0.462760,200
1775042587140350716,1775042587140350716,1775042587141015427,0.000000,0.664711,0.664711,200
1775042587143514576,1775042587143514576,1775042587144164262,0.000000,0.649686,0.649686,200
1775042587143854136,1775042587144164262,1775042587148498644,0.310126,4.334382,4.644508,200
1775042587145971142,1775042587148498644,1775042587148975011,2.527502,0.476367,3.003869,200
1775042587146681072,1775042587148975011,1775042587160308385,2.293939,11.333374,13.627313,200
1775042587183257815,1775042587183257815,1775042587183772186,0.000000,0.514371,0.514371,200
1775042587192730987,1775042587192730987,1775042587193430524,0.000000,0.699537,0.699537,200
1775042587199883576,1775042587199883576,1775042587200958239,0.000000,1.074663,1.074663,200
1775042587201041210,1775042587201041210,1775042587201699294,0.000000,0.658084,0.658084,200
1775042587202124516,1775042587202124516,1775042587203371496,0.000000,1.246980,1.246980,200
1775042587204950851,1775042587204950851,1775042587205676445,0.000000,0.725594,0.725594,200
1775042587207139317,1775042587207139317,1775042587208021672,0.000000,0.882355,0.882355,200
1775042587219115219,1775042587219115219,1775042587219658771,0.000000,0.543552,0.543552,200
1775042587219213844,1775042587219658771,1775042587220417103,0.444927,0.758332,1.203259,200
1775042587234038749,1775042587234038749,1775042587234695078,0.000000,0.656329,0.656329,200
1775042587240344927,1775042587240344927,1775042587241071074,0.000000,0.726147,0.726147,200
1775042587245181503,1775042587245181503,1775042587245853765,0.000000,0.672262,0.672262,200
1775042587250379646,1775042587250379646,1775042587250972683,0.000000,0.593037,0.593037,200
1775042587252792878,1775042587252792878,1775042587253600165,0.000000,0.807287,0.807287,200
1775042587254107120,1775042587254107120,1775042587254658784,0.000000,0.551664,0.551664,200
1775042587257646832,1775042587257646832,1775042587258112900,0.000000,0.466068,0.466068,200
1775042587259630094,1775042587259630094,1775042587260622065,0.000000,0.991971,0.991971,200
1775042587262341291,1775042587262341291,1775042587265790910,0.000000,3.449619,3.449619,200
1775042587274199413,1775042587274199413,1775042587274733592,0.000000,0.534179,0.534179,200
1775042587278840498,1775042587278840498,1775042587279439990,0.000000,0.599492,0.599492,200
1775042587281840595,1775042587281840595,1775042587282679033,0.000000,0.838438,0.838438,200
1775042587312151486,1775042587312151486,1775042587312860061,0.000000,0.708575,0.708575,200
1775042587334167851,1775042587334167851,1775042587335003917,0.000000,0.836066,0.836066,200
1775042587335461052,1775042587335461052,1775042587339223578,0.000000,3.762526,3.762526,200
1775042587345208943,1775042587345208943,1775042587345651444,0.000000,0.442501,0.442501,200
1775042587362607337,1775042587362607337,1775042587363220210,0.000000,0.612873,0.612873,200
1775042587364289343,1775042587364289343,1775042587364880827,0.000000,0.591484,0.591484,200
1775042587384279255,1775042587384279255,1775042587384985201,0.000000,0.705946,0.705946,200
1775042587400381111,1775042587400381111,1775042587401145239,0.000000,0.764128,0.764128,200
1775042587425504885,1775042587425504885,1775042587426325579,0.000000,0.820694,0.820694,200
1775042587429401591,1775042587429401591,1775042587430071469,0.000000,0.669878,0.669878,200
1775042587435394652,1775042587435394652,1775042587436284294,0.000000,0.889642,0.889642,200
1775042587436659711,1775042587436659711,1775042587443364766,0.000000,6.705055,6.705055,200
1775042587444390399,1775042587444390399,1775042587445149522,0.000000,0.759123,0.759123,200
1775042587444448264,1775042587445149522,1775042587446530092,0.701258,1.380570,2.081828,200
1775042587463073781,1775042587463073781,1775042587463854185,0.000000,0.780404,0.780404,200
1775042587484769945,1775042587484769945,1775042587485946138,0.000000,1.176193,1.176193,200
1775042587487899678,1775042587487899678,1775042587488578089,0.000000,0.678411,0.678411,200
1775042587491580438,1775042587491580438,1775042587492244376,0.000000,0.663938,0.663938,200
1775042587508691757,1775042587508691757,1775042587509606445,0.000000,0.914688,0.914688,200
1775042587516589996,1775042587516589996,1775042587517388867,0.000000,0.798871,0.798871,200
1775042587518615732,1775042587518615732,1775042587519305047,0.000000,0.689315,0.689315,200
1775042587522131917,1775042587522131917,1775042587522790383,0.000000,0.658466,0.658466,200
1775042587525836574,1775042587525836574,1775042587527009884,0.000000,1.173310,1.173310,200
1775042587539543126,1775042587539543126,1775042587540316176,0.000000,0.773050,0.773050,200
1775042587546492121,1775042587546492121,1775042587550054284,0.000000,3.562163,3.562163,200
1775042587565342795,1775042587565342795,1775042587566448943,0.000000,1.106148,1.106148,200
1775042587586273770,1775042587586273770,1775042587586968705,0.000000,0.694935,0.694935,200
1775042587588551663,1775042587588551663,1775042587589334035,0.000000,0.782372,0.782372,200
1775042587590930253,1775042587590930253,1775042587593102675,0.000000,2.172422,2.172422,200
1775042587592709064,1775042587593102675,1775042587594180129,0.393611,1.077454,1.471065,200
1775042587595730785,1775042587595730785,1775042587596490891,0.000000,0.760106,0.760106,200
1775042587596706910,1775042587596706910,1775042587597329743,0.000000,0.622833,0.622833,200
1775042587597628859,1775042587597628859,1775042587598126518,0.000000,0.497659,0.497659,200
1775042587598678399,1775042587598678399,1775042587599530304,0.000000,0.851905,0.851905,200
1775042587599738349,1775042587599738349,1775042587600500168,0.000000,0.761819,0.761819,200
1775042587600731799,1775042587600731799,1775042587602091473,0.000000,1.359674,1.359674,200
1775042587602109145,1775042587602109145,1775042587602875349,0.000000,0.766204,0.766204,200
1775042587602365681,1775042587602875349,1775042587603507913,0.509668,0.632564,1.142232,200
1775042587603385493,1775042587603507913,1775042587604156813,0.122420,0.648900,0.771320,200
1775042587604302812,1775042587604302812,1775042587605036084,0.000000,0.733272,0.733272,200
1775042587604412108,1775042587605036084,1775042587605554634,0.623976,0.518550,1.142526,200
1775042587605235983,1775042587605554634,1775042587606246582,0.318651,0.691948,1.010599,200
1775042587606070640,1775042587606246582,1775042587606708139,0.175942,0.461557,0.637499,200
1775042587609918327,1775042587609918327,1775042587610677330,0.000000,0.759003,0.759003,200
1775042587635838841,1775042587635838841,1775042587636586529,0.000000,0.747688,0.747688,200
1775042587657871911,1775042587657871911,1775042587664368945,0.000000,6.497034,6.497034,200
1775042587662975719,1775042587664368945,1775042587664903624,1.393226,0.534679,1.927905,200
1775042587680536061,1775042587680536061,1775042587681274724,0.000000,0.738663,0.738663,200
1775042587705029446,1775042587705029446,1775042587705722681,0.000000,0.693235,0.693235,200
1775042587709076429,1775042587709076429,1775042587709835230,0.000000,0.758801,0.758801,200
1775042587754020372,1775042587754020372,1775042587754636763,0.000000,0.616391,0.616391,200
1775042587774540618,1775042587774540618,1775042587780989139,0.000000,6.448521,6.448521,200
1775042587774648281,1775042587780989139,1775042587781852617,6.340858,0.863478,7.204336,200
1775042587804402581,1775042587804402581,1775042587805412740,0.000000,1.010159,1.010159,200
1775042587804482478,1775042587805412740,1775042587806346659,0.930262,0.933919,1.864181,200
1775042587808788251,1775042587808788251,1775042587809597820,0.000000,0.809569,0.809569,200
1775042587812199810,1775042587812199810,1775042587813012718,0.000000,0.812908,0.812908,200
1775042587812917322,1775042587813012718,1775042587813605755,0.095396,0.593037,0.688433,200
1775042587813818132,1775042587813818132,1775042587814549619,0.000000,0.731487,0.731487,200
1775042587822132268,1775042587822132268,1775042587822691400,0.000000,0.559132,0.559132,200
1775042587835848675,1775042587835848675,1775042587836341145,0.000000,0.492470,0.492470,200
1775042587838987888,1775042587838987888,1775042587839470787,0.000000,0.482899,0.482899,200
1775042587839038568,1775042587839470787,1775042587840320307,0.432219,0.849520,1.281739,200
1775042587842601145,1775042587842601145,1775042587842934970,0.000000,0.333825,0.333825,200
1775042587845437078,1775042587845437078,1775042587846068955,0.000000,0.631877,0.631877,200
1775042587877274731,1775042587877274731,1775042587877968665,0.000000,0.693934,0.693934,200
1775042587880509682,1775042587880509682,1775042587881253194,0.000000,0.743512,0.743512,200
1775042587942758923,1775042587942758923,1775042587943480099,0.000000,0.721176,0.721176,200
1775042587942839522,1775042587943480099,1775042587945081491,0.640577,1.601392,2.241969,200
1775042587942884480,1775042587945081491,1775042587945752074,2.197011,0.670583,2.867594,200
1775042587945519809,1775042587945752074,1775042587946724032,0.232265,0.971958,1.204223,200
1775042587970616243,1775042587970616243,1775042587971752987,0.000000,1.136744,1.136744,200
1775042587977157495,1775042587977157495,1775042587977974604,0.000000,0.817109,0.817109,200
1775042587979551216,1775042587979551216,1775042587980081609,0.000000,0.530393,0.530393,200
1775042587981485480,1775042587981485480,1775042587982433425,0.000000,0.947945,0.947945,200
1775042587983321740,1775042587983321740,1775042587984769931,0.000000,1.448191,1.448191,200
1775042587990286697,1775042587990286697,1775042587990947531,0.000000,0.660834,0.660834,200
1775042587990587194,1775042587990947531,1775042587992839353,0.360337,1.891822,2.252159,200
1775042588017856671,1775042588017856671,1775042588025037140,0.000000,7.180469,7.180469,200
1775042588020214287,1775042588025037140,1775042588025830483,4.822853,0.793343,5.616196,200
1775042588025933702,1775042588025933702,1775042588026391062,0.000000,0.457360,0.457360,200
1775042588034443086,1775042588034443086,1775042588036463025,0.000000,2.019939,2.019939,200
1775042588047456734,1775042588047456734,1775042588048068007,0.000000,0.611273,0.611273,200
1775042588066438605,1775042588066438605,1775042588067241935,0.000000,0.803330,0.803330,200
1775042588079265260,1775042588079265260,1775042588081984685,0.000000,2.719425,2.719425,200
1775042588079766439,1775042588081984685,1775042588082587240,2.218246,0.602555,2.820801,200
1775042588079819704,1775042588082587240,1775042588089163211,2.767536,6.575971,9.343507,200
1775042588094034645,1775042588094034645,1775042588094742127,0.000000,0.707482,0.707482,200
1775042588095788735,1775042588095788735,1775042588096432381,0.000000,0.643646,0.643646,200
1775042588098255641,1775042588098255641,1775042588099985092,0.000000,1.729451,1.729451,200
1775042588112576256,1775042588112576256,1775042588115281270,0.000000,2.705014,2.705014,200
1775042588117149727,1775042588117149727,1775042588117677959,0.000000,0.528232,0.528232,200
1775042588117224124,1775042588117677959,1775042588118365210,0.453835,0.687251,1.141086,200
1775042588162142782,1775042588162142782,1775042588162569170,0.000000,0.426388,0.426388,200
1775042588175425151,1775042588175425151,1775042588187073365,0.000000,11.648214,11.648214,200
1775042588179454979,1775042588187073365,1775042588187727108,7.618386,0.653743,8.272129,200
1775042588184642270,1775042588187727108,1775042588188200720,3.084838,0.473612,3.558450,200
1775042588196853287,1775042588196853287,1775042588197412480,0.000000,0.559193,0.559193,200
1775042588204656984,1775042588204656984,1775042588205239373,0.000000,0.582389,0.582389,200
1775042588215759975,1775042588215759975,1775042588216553085,0.000000,0.793110,0.793110,200
1775042588215974148,1775042588216553085,1775042588216989023,0.578937,0.435938,1.014875,200
1775042588216124404,1775042588216989023,1775042588217682286,0.864619,0.693263,1.557882,200
1775042588217719220,1775042588217719220,1775042588218418284,0.000000,0.699064,0.699064,200
1775042588217924886,1775042588218418284,1775042588219902681,0.493398,1.484397,1.977795,200
1775042588218090322,1775042588219902681,1775042588220664085,1.812359,0.761404,2.573763,200
1775042588219687041,1775042588220664085,1775042588223542252,0.977044,2.878167,3.855211,200
1775042588219935872,1775042588223542252,1775042588224366941,3.606380,0.824689,4.431069,200
1775042588220488993,1775042588224366941,1775042588225612908,3.877948,1.245967,5.123915,200
1775042588220883321,1775042588225612908,1775042588227205453,4.729587,1.592545,6.322132,200
1775042588221387064,1775042588227205453,1775042588228158153,5.818389,0.952700,6.771089,200
1775042588233148756,1775042588233148756,1775042588233936234,0.000000,0.787478,0.787478,200
1775042588237740925,1775042588237740925,1775042588238600104,0.000000,0.859179,0.859179,200
1775042588238846966,1775042588238846966,1775042588239421827,0.000000,0.574861,0.574861,200
1775042588240322046,1775042588240322046,1775042588244661731,0.000000,4.339685,4.339685,200
1775042588241741555,1775042588244661731,1775042588245561591,2.920176,0.899860,3.820036,200
1775042588243382151,1775042588245561591,1775042588246321074,2.179440,0.759483,2.938923,200
1775042588243674117,1775042588246321074,1775042588247033530,2.646957,0.712456,3.359413,200
1775042588243819584,1775042588247033530,1775042588247812492,3.213946,0.778962,3.992908,200
1775042588247195983,1775042588247812492,1775042588248717420,0.616509,0.904928,1.521437,200
1775042588265392855,1775042588265392855,1775042588265865410,0.000000,0.472555,0.472555,200
1775042588272776799,1775042588272776799,1775042588273642384,0.000000,0.865585,0.865585,200
1775042588279054080,1775042588279054080,1775042588279572038,0.000000,0.517958,0.517958,200
1775042588296581662,1775042588296581662,1775042588298189591,0.000000,1.607929,1.607929,200
1775042588301420466,1775042588301420466,1775042588302552522,0.000000,1.132056,1.132056,200
1775042588315611215,1775042588315611215,1775042588317464530,0.000000,1.853315,1.853315,200
1775042588326595918,1775042588326595918,1775042588327494200,0.000000,0.898282,0.898282,200
1775042588328290080,1775042588328290080,1775042588329018362,0.000000,0.728282,0.728282,200
1775042588329814291,1775042588329814291,1775042588332386557,0.000000,2.572266,2.572266,200
1775042588341151488,1775042588341151488,1775042588341982673,0.000000,0.831185,0.831185,200
1775042588354195620,1775042588354195620,1775042588359551264,0.000000,5.355644,5.355644,200
1775042588370111579,1775042588370111579,1775042588370460445,0.000000,0.348866,0.348866,200
1775042588370179704,1775042588370460445,1775042588371111855,0.280741,0.651410,0.932151,200
1775042588376398393,1775042588376398393,1775042588377183628,0.000000,0.785235,0.785235,200
1775042588376463402,1775042588377183628,1775042588377729388,0.720226,0.545760,1.265986,200
1775042588401977712,1775042588401977712,1775042588402595527,0.000000,0.617815,0.617815,200
1775042588420215850,1775042588420215850,1775042588420912570,0.000000,0.696720,0.696720,200
1775042588423715763,1775042588423715763,1775042588424649949,0.000000,0.934186,0.934186,200
1775042588447502310,1775042588447502310,1775042588448437569,0.000000,0.935259,0.935259,200
1775042588447945279,1775042588448437569,1775042588449042081,0.492290,0.604512,1.096802,200
1775042588448306786,1775042588449042081,1775042588450218352,0.735295,1.176271,1.911566,200
1775042588451204723,1775042588451204723,1775042588451860122,0.000000,0.655399,0.655399,200
1775042588478463804,1775042588478463804,1775042588479073022,0.000000,0.609218,0.609218,200
1775042588479347498,1775042588479347498,1775042588479954038,0.000000,0.606540,0.606540,200
1775042588483027316,1775042588483027316,1775042588483788584,0.000000,0.761268,0.761268,200
1775042588484401436,1775042588484401436,1775042588485172501,0.000000,0.771065,0.771065,200
1775042588485191334,1775042588485191334,1775042588486075568,0.000000,0.884234,0.884234,200
1775042588497457659,1775042588497457659,1775042588498195998,0.000000,0.738339,0.738339,200
1775042588500323461,1775042588500323461,1775042588501131318,0.000000,0.807857,0.807857,200
1775042588529421218,1775042588529421218,1775042588530180019,0.000000,0.758801,0.758801,200
1775042588529575663,1775042588530180019,1775042588536196005,0.604356,6.015986,6.620342,200
1775042588533859392,1775042588536196005,1775042588536983935,2.336613,0.787930,3.124543,200
1775042588569583260,1775042588569583260,1775042588570876302,0.000000,1.293042,1.293042,200
1775042588615567984,1775042588615567984,1775042588616006355,0.000000,0.438371,0.438371,200
1775042588616377993,1775042588616377993,1775042588618996498,0.000000,2.618505,2.618505,200
1775042588626017163,1775042588626017163,1775042588626790032,0.000000,0.772869,0.772869,200
1775042588627412798,1775042588627412798,1775042588628261429,0.000000,0.848631,0.848631,200
1775042588637554240,1775042588637554240,1775042588638184628,0.000000,0.630388,0.630388,200
1775042588645225682,1775042588645225682,1775042588646010352,0.000000,0.784670,0.784670,200
1775042588646822018,1775042588646822018,1775042588647836101,0.000000,1.014083,1.014083,200
1775042588650096295,1775042588650096295,1775042588651747316,0.000000,1.651021,1.651021,200
1775042588664498587,1775042588664498587,1775042588664948713,0.000000,0.450126,0.450126,200
1775042588664550439,1775042588664948713,1775042588665918419,0.398274,0.969706,1.367980,200
1775042588668687977,1775042588668687977,1775042588669544161,0.000000,0.856184,0.856184,200
1775042588669935548,1775042588669935548,1775042588677959219,0.000000,8.023671,8.023671,200
1775042588670056907,1775042588677959219,1775042588678631115,7.902312,0.671896,8.574208,200
1775042588727564085,1775042588727564085,1775042588728146902,0.000000,0.582817,0.582817,200
1775042588728257061,1775042588728257061,1775042588729415394,0.000000,1.158333,1.158333,200
1775042588728305026,1775042588729415394,1775042588730952045,1.110368,1.536651,2.647019,200
1775042588729396729,1775042588730952045,1775042588731398882,1.555316,0.446837,2.002153,200
1775042588779408442,1775042588779408442,1775042588780639759,0.000000,1.231317,1.231317,200
1775042588780781109,1775042588780781109,1775042588781561082,0.000000,0.779973,0.779973,200
1775042588781965526,1775042588781965526,1775042588788349432,0.000000,6.383906,6.383906,200
1775042588782019292,1775042588788349432,1775042588789182351,6.330140,0.832919,7.163059,200
1775042588782063048,1775042588789182351,1775042588790029366,7.119303,0.847015,7.966318,200
1775042588784973498,1775042588790029366,1775042588791908872,5.055868,1.879506,6.935374,200
1775042588788400859,1775042588791908872,1775042588792345641,3.508013,0.436769,3.944782,200
1775042588799708136,1775042588799708136,1775042588800324999,0.000000,0.616863,0.616863,200
1775042588805201732,1775042588805201732,1775042588805904238,0.000000,0.702506,0.702506,200
1775042588818624065,1775042588818624065,1775042588819033420,0.000000,0.409355,0.409355,200
1775042588818700195,1775042588819033420,1775042588819790179,0.333225,0.756759,1.089984,200
1775042588819904500,1775042588819904500,1775042588820402226,0.000000,0.497726,0.497726,200
1775042588819987444,1775042588820402226,1775042588820921296,0.414782,0.519070,0.933852,200
1775042588843424299,1775042588843424299,1775042588844320209,0.000000,0.895910,0.895910,200
1775042588847975685,1775042588847975685,1775042588852131243,0.000000,4.155558,4.155558,200
1775042588850128301,1775042588852131243,1775042588853541496,2.002942,1.410253,3.413195,200
1775042588876335492,1775042588876335492,1775042588878395051,0.000000,2.059559,2.059559,200
1775042588889581092,1775042588889581092,1775042588890004545,0.000000,0.423453,0.423453,200
1775042588897619313,1775042588897619313,1775042588898264954,0.000000,0.645641,0.645641,200
1775042588899107057,1775042588899107057,1775042588900443318,0.000000,1.336261,1.336261,200
1775042588901303750,1775042588901303750,1775042588901884782,0.000000,0.581032,0.581032,200
1775042588911801920,1775042588911801920,1775042588912470825,0.000000,0.668905,0.668905,200
1775042588911928810,1775042588912470825,1775042588913291570,0.542015,0.820745,1.362760,200
1775042588914658324,1775042588914658324,1775042588915553436,0.000000,0.895112,0.895112,200
1775042588916871639,1775042588916871639,1775042588921201790,0.000000,4.330151,4.330151,200
1775042588920068466,1775042588921201790,1775042588921808593,1.133324,0.606803,1.740127,200
1775042588928960731,1775042588928960731,1775042588929447857,0.000000,0.487126,0.487126,200
1775042588930769849,1775042588930769849,1775042588931620250,0.000000,0.850401,0.850401,200
1775042588931947011,1775042588931947011,1775042588932484027,0.000000,0.537016,0.537016,200
1775042588932906363,1775042588932906363,1775042588934109126,0.000000,1.202763,1.202763,200
1775042588933943870,1775042588934109126,1775042588936431386,0.165256,2.322260,2.487516,200
1775042588937538654,1775042588937538654,1775042588938821654,0.000000,1.283000,1.283000,200
1775042588942672908,1775042588942672908,1775042588943451376,0.000000,0.778468,0.778468,200
1775042588946648192,1775042588946648192,1775042588947203685,0.000000,0.555493,0.555493,200
1775042588948375940,1775042588948375940,1775042588949043503,0.000000,0.667563,0.667563,200
1775042588953316013,1775042588953316013,1775042588954179301,0.000000,0.863288,0.863288,200
1775042588964226082,1775042588964226082,1775042588964811332,0.000000,0.585250,0.585250,200
1775042588965823703,1775042588965823703,1775042588966637032,0.000000,0.813329,0.813329,200
1775042588968796066,1775042588968796066,1775042588969521712,0.000000,0.725646,0.725646,200
1775042588972531434,1775042588972531434,1775042588973205791,0.000000,0.674357,0.674357,200
1775042588978693088,1775042588978693088,1775042588984600162,0.000000,5.907074,5.907074,200
1775042588979416745,1775042588984600162,1775042588985254779,5.183417,0.654617,5.838034,200
1775042588980034674,1775042588985254779,1775042588985909354,5.220105,0.654575,5.874680,200
1775042589020209054,1775042589020209054,1775042589021069508,0.000000,0.860454,0.860454,200
1775042589080210812,1775042589080210812,1775042589080977310,0.000000,0.766498,0.766498,200
1775042589081193848,1775042589081193848,1775042589082042861,0.000000,0.849013,0.849013,200
1775042589088052044,1775042589088052044,1775042589088476714,0.000000,0.424670,0.424670,200
1775042589107570643,1775042589107570643,1775042589108258397,0.000000,0.687754,0.687754,200
1775042589107662545,1775042589108258397,1775042589109332668,0.595852,1.074271,1.670123,200
1775042589126630697,1775042589126630697,1775042589127404960,0.000000,0.774263,0.774263,200
1775042589134449311,1775042589134449311,1775042589135067606,0.000000,0.618295,0.618295,200
1775042589148858554,1775042589148858554,1775042589149299161,0.000000,0.440607,0.440607,200
1775042589151092290,1775042589151092290,1775042589151792689,0.000000,0.700399,0.700399,200
1775042589151157489,1775042589151792689,1775042589152528475,0.635200,0.735786,1.370986,200
1775042589159053821,1775042589159053821,1775042589159971548,0.000000,0.917727,0.917727,200
1775042589191982871,1775042589191982871,1775042589192694340,0.000000,0.711469,0.711469,200
1775042589192352881,1775042589192694340,1775042589193460838,0.341459,0.766498,1.107957,200
1775042589203429837,1775042589203429837,1775042589204197326,0.000000,0.767489,0.767489,200
1775042589208069553,1775042589208069553,1775042589209788059,0.000000,1.718506,1.718506,200
1775042589215842765,1775042589215842765,1775042589216661675,0.000000,0.818910,0.818910,200
1775042589227903183,1775042589227903183,1775042589228575845,0.000000,0.672662,0.672662,200
1775042589235816752,1775042589235816752,1775042589236391346,0.000000,0.574594,0.574594,200
1775042589238375429,1775042589238375429,1775042589239701688,0.000000,1.326259,1.326259,200
1775042589243952760,1775042589243952760,1775042589244494656,0.000000,0.541896,0.541896,200
1775042589267270691,1775042589267270691,1775042589268044803,0.000000,0.774112,0.774112,200
1775042589267500584,1775042589268044803,1775042589269477521,0.544219,1.432718,1.976937,200
1775042589271826417,1775042589271826417,1775042589273714759,0.000000,1.888342,1.888342,200
1775042589273494246,1775042589273714759,1775042589274184929,0.220513,0.470170,0.690683,200
1775042589275012100,1775042589275012100,1775042589275736554,0.000000,0.724454,0.724454,200
1775042589313828800,1775042589313828800,1775042589314503308,0.000000,0.674508,0.674508,200
1775042589348380364,1775042589348380364,1775042589349747964,0.000000,1.367600,1.367600,200
1775042589351085115,1775042589351085115,1775042589351934673,0.000000,0.849558,0.849558,200
1775042589351430861,1775042589351934673,1775042589352714958,0.503812,0.780285,1.284097,200
1775042589376542332,1775042589376542332,1775042589377360390,0.000000,0.818058,0.818058,200
1775042589376653361,1775042589377360390,1775042589378840876,0.707029,1.480486,2.187515,200
1775042589383823544,1775042589383823544,1775042589384446248,0.000000,0.622704,0.622704,200
1775042589384714747,1775042589384714747,1775042589385548617,0.000000,0.833870,0.833870,200
1775042589389659620,1775042589389659620,1775042589390301973,0.000000,0.642353,0.642353,200
1775042589403902233,1775042589403902233,1775042589404673531,0.000000,0.771298,0.771298,200
1775042589403963884,1775042589404673531,1775042589405259287,0.709647,0.585756,1.295403,200
1775042589404007751,1775042589405259287,1775042589405868726,1.251536,0.609439,1.860975,200
1775042589406270975,1775042589406270975,1775042589407337534,0.000000,1.066559,1.066559,200
1775042589406338468,1775042589407337534,1775042589411120288,0.999066,3.782754,4.781820,200
1775042589406677457,1775042589411120288,1775042589411901301,4.442831,0.781013,5.223844,200
1775042589406726163,1775042589411901301,1775042589412506321,5.175138,0.605020,5.780158,200
1775042589408618195,1775042589412506321,1775042589414407629,3.888126,1.901308,5.789434,200
1775042589408784312,1775042589414407629,1775042589416040250,5.623317,1.632621,7.255938,200
1775042589415315539,1775042589416040250,1775042589416665844,0.724711,0.625594,1.350305,200
1775042589416290862,1775042589416665844,1775042589417314740,0.374982,0.648896,1.023878,200
1775042589442477150,1775042589442477150,1775042589443127688,0.000000,0.650538,0.650538,200
1775042589460449582,1775042589460449582,1775042589461211441,0.000000,0.761859,0.761859,200
1775042589492571539,1775042589492571539,1775042589493388475,0.000000,0.816936,0.816936,200
1775042589503114442,1775042589503114442,1775042589503835340,0.000000,0.720898,0.720898,200
1775042589507469184,1775042589507469184,1775042589508262178,0.000000,0.792994,0.792994,200
1775042589513868085,1775042589513868085,1775042589514383773,0.000000,0.515688,0.515688,200
1775042589521167483,1775042589521167483,1775042589521988979,0.000000,0.821496,0.821496,200
1775042589531829512,1775042589531829512,1775042589532924776,0.000000,1.095264,1.095264,200
1775042589534647406,1775042589534647406,1775042589535354746,0.000000,0.707340,0.707340,200
1775042589534761381,1775042589535354746,1775042589536176483,0.593365,0.821737,1.415102,200
1775042589538460820,1775042589538460820,1775042589539280091,0.000000,0.819271,0.819271,200
1775042589542148055,1775042589542148055,1775042589544654000,0.000000,2.505945,2.505945,200
1775042589542236269,1775042589544654000,1775042589545366141,2.417731,0.712141,3.129872,200
1775042589562716554,1775042589562716554,1775042589563330550,0.000000,0.613996,0.613996,200
1775042589562786943,1775042589563330550,1775042589563920228,0.543607,0.589678,1.133285,200
1775042589599425498,1775042589599425498,1775042589600311069,0.000000,0.885571,0.885571,200
1775042589601141003,1775042589601141003,1775042589602036913,0.000000,0.895910,0.895910,200
1775042589601520389,1775042589602036913,1775042589602738266,0.516524,0.701353,1.217877,200
1775042589651687978,1775042589651687978,1775042589652585065,0.000000,0.897087,0.897087,200
1775042589651785591,1775042589652585065,1775042589653105109,0.799474,0.520044,1.319518,200
1775042589660419573,1775042589660419573,1775042589661216575,0.000000,0.797002,0.797002,200
1775042589667615364,1775042589667615364,1775042589668484806,0.000000,0.869442,0.869442,200
1775042589668303556,1775042589668484806,1775042589669831072,0.181250,1.346266,1.527516,200
1775042589689383149,1775042589689383149,1775042589690020021,0.000000,0.636872,0.636872,200
1775042589692378207,1775042589692378207,1775042589693386819,0.000000,1.008612,1.008612,200
1775042589694368042,1775042589694368042,1775042589695382066,0.000000,1.014024,1.014024,200
1775042589696225956,1775042589696225956,1775042589697015198,0.000000,0.789242,0.789242,200
1775042589696291616,1775042589697015198,1775042589697786615,0.723582,0.771417,1.494999,200
1775042589720862934,1775042589720862934,1775042589721627317,0.000000,0.764383,0.764383,200
1775042589726031378,1775042589726031378,1775042589726656972,0.000000,0.625594,0.625594,200
1775042589733427657,1775042589733427657,1775042589734189036,0.000000,0.761379,0.761379,200
1775042589733498828,1775042589734189036,1775042589735560703,0.690208,1.371667,2.061875,200
1775042589740374707,1775042589740374707,1775042589741072777,0.000000,0.698070,0.698070,200
1775042589740537117,1775042589741072777,1775042589741877589,0.535660,0.804812,1.340472,200
1775042589744312586,1775042589744312586,1775042589745072285,0.000000,0.759699,0.759699,200
1775042589748177969,1775042589748177969,1775042589748955138,0.000000,0.777169,0.777169,200
1775042589772429972,1775042589772429972,1775042589773123723,0.000000,0.693751,0.693751,200
1775042589772527274,1775042589773123723,1775042589774507514,0.596449,1.383791,1.980240,200
1775042589773735377,1775042589774507514,1775042589775137954,0.772137,0.630440,1.402577,200
1775042589788746897,1775042589788746897,1775042589789625387,0.000000,0.878490,0.878490,200
1775042589789637705,1775042589789637705,1775042589790442703,0.000000,0.804998,0.804998,200
1775042589798001153,1775042589798001153,1775042589798647263,0.000000,0.646110,0.646110,200
1775042589804506460,1775042589804506460,1775042589805388882,0.000000,0.882422,0.882422,200
1775042589807589782,1775042589807589782,1775042589808702070,0.000000,1.112288,1.112288,200
1775042589811286423,1775042589811286423,1775042589812008592,0.000000,0.722169,0.722169,200
1775042589816884700,1775042589816884700,1775042589817818002,0.000000,0.933302,0.933302,200
1775042589817061759,1775042589817818002,1775042589822202491,0.756243,4.384489,5.140732,200
1775042589817196896,1775042589822202491,1775042589822858405,5.005595,0.655914,5.661509,200
1775042589832285877,1775042589832285877,1775042589833076040,0.000000,0.790163,0.790163,200
1775042589833787929,1775042589833787929,1775042589834270348,0.000000,0.482419,0.482419,200
1775042589838836336,1775042589838836336,1775042589839572193,0.000000,0.735857,0.735857,200
1775042589872955931,1775042589872955931,1775042589873790345,0.000000,0.834414,0.834414,200
1775042589893277928,1775042589893277928,1775042589893975760,0.000000,0.697832,0.697832,200
1775042589895175882,1775042589895175882,1775042589896423974,0.000000,1.248092,1.248092,200
1775042589895728632,1775042589896423974,1775042589897180341,0.695342,0.756367,1.451709,200
1775042589907892201,1775042589907892201,1775042589910347325,0.000000,2.455124,2.455124,200
1775042589909113019,1775042589910347325,1775042589910940362,1.234306,0.593037,1.827343,200
1775042589909435154,1775042589910940362,1775042589911403182,1.505208,0.462820,1.968028,200
1775042589909490023,1775042589911403182,1775042589912081206,1.913159,0.678024,2.591183,200
1775042589922161449,1775042589922161449,1775042589923009469,0.000000,0.848020,0.848020,200
1775042589923905639,1775042589923905639,1775042589925265493,0.000000,1.359854,1.359854,200
1775042589923955237,1775042589925265493,1775042589925978685,1.310256,0.713192,2.023448,200
1775042589927157623,1775042589927157623,1775042589927966699,0.000000,0.809076,0.809076,200
1775042589961253350,1775042589961253350,1775042589962493015,0.000000,1.239665,1.239665,200
1775042589965227229,1775042589965227229,1775042589965682277,0.000000,0.455048,0.455048,200
1775042589977078605,1775042589977078605,1775042589986555587,0.000000,9.476982,9.476982,200
1775042589984431828,1775042589986555587,1775042589987187980,2.123759,0.632393,2.756152,200
1775042589985632827,1775042589987187980,1775042589987915090,1.555153,0.727110,2.282263,200
1775042589988273676,1775042589988273676,1775042589988863264,0.000000,0.589588,0.589588,200
1775042589989075868,1775042589989075868,1775042589989583496,0.000000,0.507628,0.507628,200
1775042589989424866,1775042589989583496,1775042589990869097,0.158630,1.285601,1.444231,200
1775042589999757547,1775042589999757547,1775042590000579996,0.000000,0.822449,0.822449,200
1775042590001100856,1775042590001100856,1775042590002296557,0.000000,1.195701,1.195701,200
1775042590007082184,1775042590007082184,1775042590007698997,0.000000,0.616813,0.616813,200
1775042590007794599,1775042590007794599,1775042590008457934,0.000000,0.663335,0.663335,200
1775042590030088351,1775042590030088351,1775042590030826662,0.000000,0.738311,0.738311,200
1775042590040029469,1775042590040029469,1775042590040760959,0.000000,0.731490,0.731490,200
1775042590041278643,1775042590041278643,1775042590041867492,0.000000,0.588849,0.588849,200
1775042590062763214,1775042590062763214,1775042590069201422,0.000000,6.438208,6.438208,200
1775042590099618395,1775042590099618395,1775042590100499460,0.000000,0.881065,0.881065,200
1775042590103133118,1775042590103133118,1775042590104010022,0.000000,0.876904,0.876904,200
1775042590104688506,1775042590104688506,1775042590105447608,0.000000,0.759102,0.759102,200
1775042590107606572,1775042590107606572,1775042590108764699,0.000000,1.158127,1.158127,200
1775042590120243700,1775042590120243700,1775042590120838319,0.000000,0.594619,0.594619,200
1775042590132545334,1775042590132545334,1775042590133247374,0.000000,0.702040,0.702040,200
1775042590216085194,1775042590216085194,1775042590216863093,0.000000,0.777899,0.777899,200
1775042590250127242,1775042590250127242,1775042590252327846,0.000000,2.200604,2.200604,200
1775042590286622336,1775042590286622336,1775042590287201325,0.000000,0.578989,0.578989,200
1775042590288921742,1775042590288921742,1775042590289317340,0.000000,0.395598,0.395598,200
1775042590291250114,1775042590291250114,1775042590291962403,0.000000,0.712289,0.712289,200
1775042590292574997,1775042590292574997,1775042590293194846,0.000000,0.619849,0.619849,200
1775042590316297403,1775042590316297403,1775042590316787969,0.000000,0.490566,0.490566,200
1775042590321493033,1775042590321493033,1775042590322150389,0.000000,0.657356,0.657356,200
1775042590323618616,1775042590323618616,1775042590324425921,0.000000,0.807305,0.807305,200
1775042590323703814,1775042590324425921,1775042590325574154,0.722107,1.148233,1.870340,200
1775042590324564742,1775042590325574154,1775042590326272932,1.009412,0.698778,1.708190,200
1775042590325575676,1775042590326272932,1775042590331165253,0.697256,4.892321,5.589577,200
1775042590325619082,1775042590331165253,1775042590331603055,5.546171,0.437802,5.983973,200
1775042590331170571,1775042590331603055,1775042590332298185,0.432484,0.695130,1.127614,200
1775042590346067643,1775042590346067643,1775042590346820213,0.000000,0.752570,0.752570,200
1775042590349817892,1775042590349817892,1775042590350423011,0.000000,0.605119,0.605119,200
1775042590353707156,1775042590353707156,1775042590354669376,0.000000,0.962220,0.962220,200
1775042590355982303,1775042590355982303,1775042590356582976,0.000000,0.600673,0.600673,200
1775042590383375920,1775042590383375920,1775042590383830997,0.000000,0.455077,0.455077,200
1775042590385542664,1775042590385542664,1775042590386286116,0.000000,0.743452,0.743452,200
1775042590406804696,1775042590406804696,1775042590409738956,0.000000,2.934260,2.934260,200
1775042590407943852,1775042590409738956,1775042590410511645,1.795104,0.772689,2.567793,200
1775042590408297460,1775042590410511645,1775042590411203976,2.214185,0.692331,2.906516,200
1775042590411099216,1775042590411203976,1775042590411983999,0.104760,0.780023,0.884783,200
1775042590425393607,1775042590425393607,1775042590426093544,0.000000,0.699937,0.699937,200
1775042590440115676,1775042590440115676,1775042590440725976,0.000000,0.610300,0.610300,200
1775042590440195243,1775042590440725976,1775042590441278080,0.530733,0.552104,1.082837,200
1775042590440247836,1775042590441278080,1775042590442642924,1.030244,1.364844,2.395088,200
1775042590441896398,1775042590442642924,1775042590443473257,0.746526,0.830333,1.576859,200
1775042590456380790,1775042590456380790,1775042590457041370,0.000000,0.660580,0.660580,200
1775042590456449435,1775042590457041370,1775042590458448370,0.591935,1.407000,1.998935,200
1775042590456714789,1775042590458448370,1775042590459052882,1.733581,0.604512,2.338093,200
1775042590456950423,1775042590459052882,1775042590459862840,2.102459,0.809958,2.912417,200
1775042590463336279,1775042590463336279,1775042590464180540,0.000000,0.844261,0.844261,200
1775042590471413370,1775042590471413370,1775042590472044271,0.000000,0.630901,0.630901,200
1775042590493192698,1775042590493192698,1775042590493729513,0.000000,0.536815,0.536815,200
1775042590495330455,1775042590495330455,1775042590496293558,0.000000,0.963103,0.963103,200
1775042590497802851,1775042590497802851,1775042590498634744,0.000000,0.831893,0.831893,200
1775042590499917863,1775042590499917863,1775042590500462845,0.000000,0.544982,0.544982,200
1775042590529726845,1775042590529726845,1775042590530589519,0.000000,0.862674,0.862674,200
1775042590535293996,1775042590535293996,1775042590535996818,0.000000,0.702822,0.702822,200
1775042590555844882,1775042590555844882,1775042590556608208,0.000000,0.763326,0.763326,200
1775042590571081423,1775042590571081423,1775042590571491024,0.000000,0.409601,0.409601,200
1775042590586615926,1775042590586615926,1775042590587260593,0.000000,0.644667,0.644667,200
1775042590588669626,1775042590588669626,1775042590589623636,0.000000,0.954010,0.954010,200
1775042590615528644,1775042590615528644,1775042590616151520,0.000000,0.622876,0.622876,200
1775042590617708743,1775042590617708743,1775042590618421455,0.000000,0.712712,0.712712,200
1775042590619590445,1775042590619590445,1775042590620057304,0.000000,0.466859,0.466859,200
1775042590620474208,1775042590620474208,1775042590621808032,0.000000,1.333824,1.333824,200
1775042590632044229,1775042590632044229,1775042590632739927,0.000000,0.695698,0.695698,200
1775042590649781195,1775042590649781195,1775042590654120077,0.000000,4.338882,4.338882,200
1775042590655353214,1775042590655353214,1775042590656195118,0.000000,0.841904,0.841904,200
1775042590659704795,1775042590659704795,1775042590661474465,0.000000,1.769670,1.769670,200
1775042590671517345,1775042590671517345,1775042590672212442,0.000000,0.695097,0.695097,200
1775042590674986457,1775042590674986457,1775042590676887765,0.000000,1.901308,1.901308,200
1775042590677382483,1775042590677382483,1775042590677982544,0.000000,0.600061,0.600061,200
1775042590681771901,1775042590681771901,1775042590682424251,0.000000,0.652350,0.652350,200
1775042590694133276,1775042590694133276,1775042590696092960,0.000000,1.959684,1.959684,200
1775042590694339974,1775042590696092960,1775042590696750794,1.752986,0.657834,2.410820,200
1775042590695835634,1775042590696750794,1775042590697536844,0.915160,0.786050,1.701210,200
1775042590724881304,1775042590724881304,1775042590725332367,0.000000,0.451063,0.451063,200
1775042590728846902,1775042590728846902,1775042590733960403,0.000000,5.113501,5.113501,200
1775042590749548564,1775042590749548564,1775042590750363228,0.000000,0.814664,0.814664,200
1775042590749601789,1775042590750363228,1775042590751024833,0.761439,0.661605,1.423044,200
1775042590754564652,1775042590754564652,1775042590755372160,0.000000,0.807508,0.807508,200
1775042590756867693,1775042590756867693,1775042590758693320,0.000000,1.825627,1.825627,200
1775042590758267193,1775042590758693320,1775042590759362876,0.426127,0.669556,1.095683,200
1775042590758571874,1775042590759362876,1775042590759994348,0.791002,0.631472,1.422474,200
1775042590783855081,1775042590783855081,1775042590784662881,0.000000,0.807800,0.807800,200
1775042590784139382,1775042590784662881,1775042590785329250,0.523499,0.666369,1.189868,200
1775042590786457083,1775042590786457083,1775042590787400664,0.000000,0.943581,0.943581,200
1775042590800067188,1775042590800067188,1775042590801333441,0.000000,1.266253,1.266253,200
1775042590811507256,1775042590811507256,1775042590812074642,0.000000,0.567386,0.567386,200
1775042590813847252,1775042590813847252,1775042590814540334,0.000000,0.693082,0.693082,200
1775042590815607113,1775042590815607113,1775042590816502225,0.000000,0.895112,0.895112,200
1775042590823327992,1775042590823327992,1775042590823834258,0.000000,0.506266,0.506266,200
1775042590836475159,1775042590836475159,1775042590837222911,0.000000,0.747752,0.747752,200
1775042590838547577,1775042590838547577,1775042590840350036,0.000000,1.802459,1.802459,200
1775042590839143362,1775042590840350036,1775042590840795212,1.206674,0.445176,1.651850,200
1775042590874717841,1775042590874717841,1775042590875360585,0.000000,0.642744,0.642744,200
1775042590876025531,1775042590876025531,1775042590876864162,0.000000,0.838631,0.838631,200
1775042590884632400,1775042590884632400,1775042590885590129,0.000000,0.957729,0.957729,200
1775042590899283969,1775042590899283969,1775042590899685859,0.000000,0.401890,0.401890,200
1775042590900752886,1775042590900752886,1775042590901749666,0.000000,0.996780,0.996780,200
1775042590920873327,1775042590920873327,1775042590921687224,0.000000,0.813897,0.813897,200
1775042590920959788,1775042590921687224,1775042590922096579,0.727436,0.409355,1.136791,200
1775042590923710383,1775042590923710383,1775042590924957817,0.000000,1.247434,1.247434,200
1775042590923763799,1775042590924957817,1775042590925486406,1.194018,0.528589,1.722607,200
1775042590923804188,1775042590925486406,1775042590928295418,1.682218,2.809012,4.491230,200
1775042590941905682,1775042590941905682,1775042590942757005,0.000000,0.851323,0.851323,200
1775042590978716560,1775042590978716560,1775042590979289787,0.000000,0.573227,0.573227,200
1775042591011211025,1775042591011211025,1775042591012907500,0.000000,1.696475,1.696475,200
1775042591011323437,1775042591012907500,1775042591013755788,1.584063,0.848288,2.432351,200
1775042591011380810,1775042591013755788,1775042591014488992,2.374978,0.733204,3.108182,200
1775042591011430078,1775042591014488992,1775042591016075666,3.058914,1.586674,4.645588,200
1775042591014591323,1775042591016075666,1775042591016645541,1.484343,0.569875,2.054218,200
1775042591015951095,1775042591016645541,1775042591018251411,0.694446,1.605870,2.300316,200
1775042591029208409,1775042591029208409,1775042591030406747,0.000000,1.198338,1.198338,200
1775042591032761497,1775042591032761497,1775042591033589985,0.000000,0.828488,0.828488,200
1775042591032836235,1775042591033589985,1775042591034294410,0.753750,0.704425,1.458175,200
1775042591032945109,1775042591034294410,1775042591034873662,1.349301,0.579252,1.928553,200
1775042591036087157,1775042591036087157,1775042591036778257,0.000000,0.691100,0.691100,200
1775042591036234157,1775042591036778257,1775042591037475742,0.544100,0.697485,1.241585,200
1775042591044465502,1775042591044465502,1775042591045215427,0.000000,0.749925,0.749925,200
1775042591079107933,1775042591079107933,1775042591079724735,0.000000,0.616802,0.616802,200
1775042591087529868,1775042591087529868,1775042591088347335,0.000000,0.817467,0.817467,200
1775042591104959266,1775042591104959266,1775042591105883323,0.000000,0.924057,0.924057,200
1775042591107670559,1775042591107670559,1775042591108477525,0.000000,0.806966,0.806966,200
1775042591108118723,1775042591108477525,1775042591109194075,0.358802,0.716550,1.075352,200
1775042591121529065,1775042591121529065,1775042591123799039,0.000000,2.269974,2.269974,200
1775042591125975054,1775042591125975054,1775042591126430890,0.000000,0.455836,0.455836,200
1775042591126036856,1775042591126430890,1775042591127507339,0.394034,1.076449,1.470483,200
1775042591137724529,1775042591137724529,1775042591151139927,0.000000,13.415398,13.415398,200
1775042591138495019,1775042591151139927,1775042591151614751,12.644908,0.474824,13.119732,200
1775042591138584205,1775042591151614751,1775042591152217747,13.030546,0.602996,13.633542,200
1775042591142665595,1775042591152217747,1775042591152939877,9.552152,0.722130,10.274282,200
1775042591143696378,1775042591152939877,1775042591153374121,9.243499,0.434244,9.677743,200
1775042591156864024,1775042591156864024,1775042591157436489,0.000000,0.572465,0.572465,200
1775042591156958841,1775042591157436489,1775042591159588406,0.477648,2.151917,2.629565,200
1775042591158883638,1775042591159588406,1775042591164180463,0.704768,4.592057,5.296825,200
1775042591158953315,1775042591164180463,1775042591166010992,5.227148,1.830529,7.057677,200
1775042591180494379,1775042591180494379,1775042591186523556,0.000000,6.029177,6.029177,200
1775042591197857327,1775042591197857327,1775042591198307453,0.000000,0.450126,0.450126,200
1775042591217072369,1775042591217072369,1775042591217876421,0.000000,0.804052,0.804052,200
1775042591232618793,1775042591232618793,1775042591233167362,0.000000,0.548569,0.548569,200
1775042591234495225,1775042591234495225,1775042591235271335,0.000000,0.776110,0.776110,200
1775042591266987369,1775042591266987369,1775042591270205755,0.000000,3.218386,3.218386,200
1775042591269946485,1775042591270205755,1775042591271311903,0.259270,1.106148,1.365418,200
1775042591291884337,1775042591291884337,1775042591292514118,0.000000,0.629781,0.629781,200
1775042591301181523,1775042591301181523,1775042591302015343,0.000000,0.833820,0.833820,200
1775042591307051195,1775042591307051195,1775042591307628500,0.000000,0.577305,0.577305,200
1775042591308418662,1775042591308418662,1775042591311701548,0.000000,3.282886,3.282886,200
1775042591311911892,1775042591311911892,1775042591317558081,0.000000,5.646189,5.646189,200
1775042591325871747,1775042591325871747,1775042591326527704,0.000000,0.655957,0.655957,200
1775042591329074935,1775042591329074935,1775042591329919506,0.000000,0.844571,0.844571,200
1775042591330899554,1775042591330899554,1775042591331333417,0.000000,0.433863,0.433863,200
1775042591341678842,1775042591341678842,1775042591342296617,0.000000,0.617775,0.617775,200
1775042591351130925,1775042591351130925,1775042591351604268,0.000000,0.473343,0.473343,200
1775042591356882542,1775042591356882542,1775042591357622256,0.000000,0.739714,0.739714,200
1775042591363700061,1775042591363700061,1775042591374071970,0.000000,10.371909,10.371909,200
1775042591367856349,1775042591374071970,1775042591374964843,6.215621,0.892873,7.108494,200
1775042591371993268,1775042591374964843,1775042591376097593,2.971575,1.132750,4.104325,200
1775042591379738422,1775042591379738422,1775042591380516199,0.000000,0.777777,0.777777,200
1775042591386341960,1775042591386341960,1775042591388967480,0.000000,2.625520,2.625520,200
1775042591389170996,1775042591389170996,1775042591389811895,0.000000,0.640899,0.640899,200
1775042591393296393,1775042591393296393,1775042591395518475,0.000000,2.222082,2.222082,200
1775042591406001183,1775042591406001183,1775042591406725768,0.000000,0.724585,0.724585,200
1775042591409616974,1775042591409616974,1775042591410380753,0.000000,0.763779,0.763779,200
1775042591411478356,1775042591411478356,1775042591412171309,0.000000,0.692953,0.692953,200
1775042591421476601,1775042591421476601,1775042591422291062,0.000000,0.814461,0.814461,200
1775042591424147468,1775042591424147468,1775042591428195839,0.000000,4.048371,4.048371,200
1775042591425685602,1775042591428195839,1775042591428633689,2.510237,0.437850,2.948087,200
1775042591440305028,1775042591440305028,1775042591440984024,0.000000,0.678996,0.678996,200
1775042591447178785,1775042591447178785,1775042591448631532,0.000000,1.452747,1.452747,200
1775042591448673524,1775042591448673524,1775042591449416207,0.000000,0.742683,0.742683,200
1775042591460958112,1775042591460958112,1775042591462881883,0.000000,1.923771,1.923771,200
1775042591463770248,1775042591463770248,1775042591464410341,0.000000,0.640093,0.640093,200
1775042591472113508,1775042591472113508,1775042591473256356,0.000000,1.142848,1.142848,200
1775042591473763257,1775042591473763257,1775042591474194874,0.000000,0.431617,0.431617,200
1775042591482573378,1775042591482573378,1775042591483729111,0.000000,1.155733,1.155733,200
1775042591485595268,1775042591485595268,1775042591486356951,0.000000,0.761683,0.761683,200
1775042591485736036,1775042591486356951,1775042591487000458,0.620915,0.643507,1.264422,200
1775042591488046133,1775042591488046133,1775042591490133209,0.000000,2.087076,2.087076,200
1775042591490630105,1775042591490630105,1775042591491334110,0.000000,0.704005,0.704005,200
1775042591491879725,1775042591491879725,1775042591492594732,0.000000,0.715007,0.715007,200
1775042591498249127,1775042591498249127,1775042591498929495,0.000000,0.680368,0.680368,200
1775042591500111318,1775042591500111318,1775042591500652884,0.000000,0.541566,0.541566,200
1775042591501598000,1775042591501598000,1775042591502228320,0.000000,0.630320,0.630320,200
1775042591505037885,1775042591505037885,1775042591505511936,0.000000,0.474051,0.474051,200
1775042591515168540,1775042591515168540,1775042591515881744,0.000000,0.713204,0.713204,200
1775042591531980089,1775042591531980089,1775042591532647652,0.000000,0.667563,0.667563,200
1775042591536643713,1775042591536643713,1775042591537379499,0.000000,0.735786,0.735786,200
1775042591537215020,1775042591537379499,1775042591538681507,0.164479,1.302008,1.466487,200
1775042591538973258,1775042591538973258,1775042591539806185,0.000000,0.832927,0.832927,200
1775042591541422739,1775042591541422739,1775042591541857905,0.000000,0.435166,0.435166,200
1775042591543494375,1775042591543494375,1775042591544147110,0.000000,0.652735,0.652735,200
1775042591546159833,1775042591546159833,1775042591546958165,0.000000,0.798332,0.798332,200
1775042591556563327,1775042591556563327,1775042591561078451,0.000000,4.515124,4.515124,200
1775042591557216155,1775042591561078451,1775042591562035316,3.862296,0.956865,4.819161,200
1775042591577156455,1775042591577156455,1775042591579000054,0.000000,1.843599,1.843599,200
1775042591577275680,1775042591579000054,1775042591579766445,1.724374,0.766391,2.490765,200
1775042591584596227,1775042591584596227,1775042591586605631,0.000000,2.009404,2.009404,200
1775042591586320460,1775042591586605631,1775042591587314805,0.285171,0.709174,0.994345,200
1775042591591360391,1775042591591360391,1775042591600466695,0.000000,9.106304,9.106304,200
1775042591609590729,1775042591609590729,1775042591610099640,0.000000,0.508911,0.508911,200
1775042591612876470,1775042591612876470,1775042591613687735,0.000000,0.811265,0.811265,200
1775042591616115197,1775042591616115197,1775042591616704359,0.000000,0.589162,0.589162,200
1775042591616159916,1775042591616704359,1775042591617560880,0.544443,0.856521,1.400964,200
1775042591671228776,1775042591671228776,1775042591671971897,0.000000,0.743121,0.743121,200
1775042591671814831,1775042591671971897,1775042591672671503,0.157066,0.699606,0.856672,200
1775042591679103898,1775042591679103898,1775042591679720659,0.000000,0.616761,0.616761,200
1775042591684229235,1775042591684229235,1775042591687168418,0.000000,2.939183,2.939183,200
1775042591703815589,1775042591703815589,1775042591704702683,0.000000,0.887094,0.887094,200
1775042591703926909,1775042591704702683,1775042591708402791,0.775774,3.700108,4.475882,200
1775042591707196428,1775042591708402791,1775042591717441556,1.206363,9.038765,10.245128,200
1775042591710086698,1775042591717441556,1775042591728970161,7.354858,11.528605,18.883463,200
1775042591710155604,1775042591728970161,1775042591729542428,18.814557,0.572267,19.386824,200
1775042591746107693,1775042591746107693,1775042591746995661,0.000000,0.887968,0.887968,200
1775042591747542928,1775042591747542928,1775042591748202232,0.000000,0.659304,0.659304,200
1775042591759418107,1775042591759418107,1775042591759941145,0.000000,0.523038,0.523038,200
1775042591759936780,1775042591759941145,1775042591760738511,0.004365,0.797366,0.801731,200
1775042591767206440,1775042591767206440,1775042591767953016,0.000000,0.746576,0.746576,200
1775042591767337990,1775042591767953016,1775042591768611721,0.615026,0.658705,1.273731,200
1775042591775849590,1775042591775849590,1775042591777291630,0.000000,1.442040,1.442040,200
1775042591789970461,1775042591789970461,1775042591790539182,0.000000,0.568721,0.568721,200
1775042591791189114,1775042591791189114,1775042591791929931,0.000000,0.740817,0.740817,200
1775042591810211917,1775042591810211917,1775042591811161646,0.000000,0.949729,0.949729,200
1775042591812140621,1775042591812140621,1775042591812946571,0.000000,0.805950,0.805950,200
1775042591812210108,1775042591812946571,1775042591813560969,0.736463,0.614398,1.350861,200
1775042591812258935,1775042591813560969,1775042591814057646,1.302034,0.496677,1.798711,200
1775042591814105527,1775042591814105527,1775042591814526395,0.000000,0.420868,0.420868,200
1775042591817203425,1775042591817203425,1775042591817971225,0.000000,0.767800,0.767800,200
1775042591821802639,1775042591821802639,1775042591823028792,0.000000,1.226153,1.226153,200
1775042591821897626,1775042591823028792,1775042591823489989,1.131166,0.461197,1.592363,200
1775042591824774817,1775042591824774817,1775042591828580291,0.000000,3.805474,3.805474,200
1775042591829011324,1775042591829011324,1775042591829417584,0.000000,0.406260,0.406260,200
1775042591829065641,1775042591829417584,1775042591829819915,0.351943,0.402331,0.754274,200
1775042591830373019,1775042591830373019,1775042591831559141,0.000000,1.186122,1.186122,200
1775042591845355755,1775042591845355755,1775042591846013738,0.000000,0.657983,0.657983,200
1775042591849991285,1775042591849991285,1775042591850687433,0.000000,0.696148,0.696148,200
1775042591855735755,1775042591855735755,1775042591856546268,0.000000,0.810513,0.810513,200
1775042591879769171,1775042591879769171,1775042591880532672,0.000000,0.763501,0.763501,200
1775042591884645708,1775042591884645708,1775042591885070784,0.000000,0.425076,0.425076,200
1775042591886145075,1775042591886145075,1775042591887119102,0.000000,0.974027,0.974027,200
1775042591896449444,1775042591896449444,1775042591897192890,0.000000,0.743446,0.743446,200
1775042591897728617,1775042591897728617,1775042591898324272,0.000000,0.595655,0.595655,200
1775042591922996635,1775042591922996635,1775042591927181981,0.000000,4.185346,4.185346,200
1775042591924293791,1775042591927181981,1775042591928246990,2.888190,1.065009,3.953199,200
1775042591925249685,1775042591928246990,1775042591928851790,2.997305,0.604800,3.602105,200
1775042591952902299,1775042591952902299,1775042591953362002,0.000000,0.459703,0.459703,200
1775042591958099012,1775042591958099012,1775042591958852093,0.000000,0.753081,0.753081,200
1775042591972249213,1775042591972249213,1775042591972725030,0.000000,0.475817,0.475817,200
1775042591974270489,1775042591974270489,1775042591975157563,0.000000,0.887074,0.887074,200
1775042591976462232,1775042591976462232,1775042591977303839,0.000000,0.841607,0.841607,200
1775042592031502543,1775042592031502543,1775042592033423994,0.000000,1.921451,1.921451,200
1775042592032368952,1775042592033423994,1775042592044400635,1.055042,10.976641,12.031683,200
1775042592032769092,1775042592044400635,1775042592045277636,11.631543,0.877001,12.508544,200
1775042592035947728,1775042592045277636,1775042592045895451,9.329908,0.617815,9.947723,200
1775042592061161560,1775042592061161560,1775042592061898439,0.000000,0.736879,0.736879,200
1775042592065660728,1775042592065660728,1775042592066570416,0.000000,0.909688,0.909688,200
1775042592065864099,1775042592066570416,1775042592067423243,0.706317,0.852827,1.559144,200
1775042592084257795,1775042592084257795,1775042592084946039,0.000000,0.688244,0.688244,200
1775042592085758716,1775042592085758716,1775042592086562879,0.000000,0.804163,0.804163,200
1775042592087156543,1775042592087156543,1775042592087685751,0.000000,0.529208,0.529208,200
1775042592088699186,1775042592088699186,1775042592089617872,0.000000,0.918686,0.918686,200
1775042592089214913,1775042592089617872,1775042592090278831,0.402959,0.660959,1.063918,200
1775042592089405810,1775042592090278831,1775042592090773534,0.873021,0.494703,1.367724,200
1775042592122622160,1775042592122622160,1775042592123327835,0.000000,0.705675,0.705675,200
1775042592124234200,1775042592124234200,1775042592124872895,0.000000,0.638695,0.638695,200
1775042592127662882,1775042592127662882,1775042592129110712,0.000000,1.447830,1.447830,200
1775042592131264887,1775042592131264887,1775042592132027296,0.000000,0.762409,0.762409,200
1775042592147220087,1775042592147220087,1775042592148175152,0.000000,0.955065,0.955065,200
1775042592162895524,1775042592162895524,1775042592163888001,0.000000,0.992477,0.992477,200
1775042592169954446,1775042592169954446,1775042592171079711,0.000000,1.125265,1.125265,200
1775042592188026033,1775042592188026033,1775042592192941636,0.000000,4.915603,4.915603,200
1775042592190902937,1775042592192941636,1775042592193632908,2.038699,0.691272,2.729971,200
1775042592199873461,1775042592199873461,1775042592200529010,0.000000,0.655549,0.655549,200
1775042592200013417,1775042592200529010,1775042592201176493,0.515593,0.647483,1.163076,200
1775042592201982702,1775042592201982702,1775042592202575648,0.000000,0.592946,0.592946,200
1775042592202032000,1775042592202575648,1775042592203233472,0.543648,0.657824,1.201472,200
1775042592205460188,1775042592205460188,1775042592205946254,0.000000,0.486066,0.486066,200
1775042592206194256,1775042592206194256,1775042592206981494,0.000000,0.787238,0.787238,200
1775042592207852396,1775042592207852396,1775042592209133808,0.000000,1.281412,1.281412,200
1775042592216575160,1775042592216575160,1775042592217226692,0.000000,0.651532,0.651532,200
1775042592230362905,1775042592230362905,1775042592231743910,0.000000,1.381005,1.381005,200
1775042592231144256,1775042592231743910,1775042592232506357,0.599654,0.762447,1.362101,200
1775042592231208102,1775042592232506357,1775042592233296520,1.298255,0.790163,2.088418,200
1775042592250878985,1775042592250878985,1775042592252193611,0.000000,1.314626,1.314626,200
1775042592252755857,1775042592252755857,1775042592255523088,0.000000,2.767231,2.767231,200
1775042592254901856,1775042592255523088,1775042592256781360,0.621232,1.258272,1.879504,200
1775042592258153603,1775042592258153603,1775042592258873947,0.000000,0.720344,0.720344,200
1775042592264745755,1775042592264745755,1775042592265449498,0.000000,0.703743,0.703743,200
1775042592281324642,1775042592281324642,1775042592281695888,0.000000,0.371246,0.371246,200
1775042592283023042,1775042592283023042,1775042592283662770,0.000000,0.639728,0.639728,200
1775042592298563204,1775042592298563204,1775042592299252891,0.000000,0.689687,0.689687,200
1775042592298697148,1775042592299252891,1775042592299808774,0.555743,0.555883,1.111626,200
1775042592301043666,1775042592301043666,1775042592301877486,0.000000,0.833820,0.833820,200
1775042592301091060,1775042592301877486,1775042592302696386,0.786426,0.818900,1.605326,200
1775042592301121881,1775042592302696386,1775042592303206830,1.574505,0.510444,2.084949,200
1775042592302285135,1775042592303206830,1775042592304796273,0.921695,1.589443,2.511138,200
1775042592317745352,1775042592317745352,1775042592318424360,0.000000,0.679008,0.679008,200
1775042592317838797,1775042592318424360,1775042592323889820,0.585563,5.465460,6.051023,200
1775042592319119553,1775042592323889820,1775042592324751306,4.770267,0.861486,5.631753,200
1775042592323054203,1775042592324751306,1775042592326364899,1.697103,1.613593,3.310696,200
1775042592336819493,1775042592336819493,1775042592337671398,0.000000,0.851905,0.851905,200
1775042592337103593,1775042592337671398,1775042592338340744,0.567805,0.669346,1.237151,200
1775042592341903360,1775042592341903360,1775042592342713213,0.000000,0.809853,0.809853,200
1775042592383092916,1775042592383092916,1775042592383688932,0.000000,0.596016,0.596016,200
1775042592405755225,1775042592405755225,1775042592406470631,0.000000,0.715406,0.715406,200
1775042592424512982,1775042592424512982,1775042592425254731,0.000000,0.741749,0.741749,200
1775042592425633001,1775042592425633001,1775042592426698036,0.000000,1.065035,1.065035,200
1775042592427544512,1775042592427544512,1775042592428221142,0.000000,0.676630,0.676630,200
1775042592432855625,1775042592432855625,1775042592433340739,0.000000,0.485114,0.485114,200
1775042592442625378,1775042592442625378,1775042592443664642,0.000000,1.039264,1.039264,200
1775042592443839462,1775042592443839462,1775042592444317692,0.000000,0.478230,0.478230,200
1775042592445056553,1775042592445056553,1775042592445533572,0.000000,0.477019,0.477019,200
1775042592455725297,1775042592455725297,1775042592456205401,0.000000,0.480104,0.480104,200
1775042592461658509,1775042592461658509,1775042592462473814,0.000000,0.815305,0.815305,200
1775042592466729036,1775042592466729036,1775042592467353501,0.000000,0.624465,0.624465,200
1775042592468944140,1775042592468944140,1775042592469545044,0.000000,0.600904,0.600904,200
1775042592471098198,1775042592471098198,1775042592471827322,0.000000,0.729124,0.729124,200
1775042592472400517,1775042592472400517,1775042592473367126,0.000000,0.966609,0.966609,200
1775042592473531838,1775042592473531838,1775042592474864408,0.000000,1.332570,1.332570,200
1775042592474606598,1775042592474864408,1775042592475351097,0.257810,0.486689,0.744499,200
1775042592475616941,1775042592475616941,1775042592476200659,0.000000,0.583718,0.583718,200
1775042592476738152,1775042592476738152,1775042592477452877,0.000000,0.714725,0.714725,200
1775042592478637869,1775042592478637869,1775042592479532270,0.000000,0.894401,0.894401,200
1775042592481719487,1775042592481719487,1775042592482887452,0.000000,1.167965,1.167965,200
1775042592492001258,1775042592492001258,1775042592493221673,0.000000,1.220415,1.220415,200
1775042592495422101,1775042592495422101,1775042592497623282,0.000000,2.201181,2.201181,200
1775042592497662540,1775042592497662540,1775042592498203824,0.000000,0.541284,0.541284,200
1775042592498649306,1775042592498649306,1775042592499422356,0.000000,0.773050,0.773050,200
1775042592499520104,1775042592499520104,1775042592500295373,0.000000,0.775269,0.775269,200
1775042592500357215,1775042592500357215,1775042592501086339,0.000000,0.729124,0.729124,200
1775042592501418217,1775042592501418217,1775042592502714045,0.000000,1.295828,1.295828,200
1775042592503004566,1775042592503004566,1775042592503617525,0.000000,0.612959,0.612959,200
1775042592504321584,1775042592504321584,1775042592505149621,0.000000,0.828037,0.828037,200
1775042592505325093,1775042592505325093,1775042592506840001,0.000000,1.514908,1.514908,200
1775042592506090243,1775042592506840001,1775042592507412168,0.749758,0.572167,1.321925,200
1775042592507644833,1775042592507644833,1775042592508389248,0.000000,0.744415,0.744415,200
1775042592511277568,1775042592511277568,1775042592511981352,0.000000,0.703784,0.703784,200
1775042592512637620,1775042592512637620,1775042592513094497,0.000000,0.456877,0.456877,200
1775042592513782699,1775042592513782699,1775042592514711846,0.000000,0.929147,0.929147,200
1775042592601986444,1775042592601986444,1775042592602640831,0.000000,0.654387,0.654387,200
1775042592607954954,1775042592607954954,1775042592608743514,0.000000,0.788560,0.788560,200
1775042592608149388,1775042592608743514,1775042592609204551,0.594126,0.461037,1.055163,200
1775042592609612944,1775042592609612944,1775042592610376728,0.000000,0.763784,0.763784,200
1775042592641820794,1775042592641820794,1775042592642628609,0.000000,0.807815,0.807815,200
1775042592641859219,1775042592642628609,1775042592643146922,0.769390,0.518313,1.287703,200
1775042592672830968,1775042592672830968,1775042592673685167,0.000000,0.854199,0.854199,200
1775042592700300506,1775042592700300506,1775042592729275057,0.000000,28.974551,28.974551,200
1775042592749771182,1775042592749771182,1775042592750462260,0.000000,0.691078,0.691078,200
1775042592751875398,1775042592751875398,1775042592752488544,0.000000,0.613146,0.613146,200
1775042592752680245,1775042592752680245,1775042592753441409,0.000000,0.761164,0.761164,200
1775042592753732460,1775042592753732460,1775042592754466270,0.000000,0.733810,0.733810,200
1775042592756897729,1775042592756897729,1775042592758089058,0.000000,1.191329,1.191329,200
1775042592758168860,1775042592758168860,1775042592759276356,0.000000,1.107496,1.107496,200
1775042592758249730,1775042592759276356,1775042592759731952,1.026626,0.455596,1.482222,200
1775042592760808462,1775042592760808462,1775042592761516517,0.000000,0.708055,0.708055,200
1775042592764181596,1775042592764181596,1775042592764788810,0.000000,0.607214,0.607214,200
1775042592768726414,1775042592768726414,1775042592769428478,0.000000,0.702064,0.702064,200
1775042592797473625,1775042592797473625,1775042592798016189,0.000000,0.542564,0.542564,200
1775042592797621226,1775042592798016189,1775042592800364066,0.394963,2.347877,2.742840,200
1775042592826995936,1775042592826995936,1775042592827517081,0.000000,0.521145,0.521145,200
1775042592828675488,1775042592828675488,1775042592829341968,0.000000,0.666480,0.666480,200
1775042592831373870,1775042592831373870,1775042592833414971,0.000000,2.041101,2.041101,200
1775042592833236425,1775042592833414971,1775042592834408241,0.178546,0.993270,1.171816,200
1775042592833986364,1775042592834408241,1775042592836388616,0.421877,1.980375,2.402252,200
1775042592835211982,1775042592836388616,1775042592838493842,1.176634,2.105226,3.281860,200
1775042592835531943,1775042592838493842,1775042592840308870,2.961899,1.815028,4.776927,200
1775042592840030345,1775042592840308870,1775042592840716421,0.278525,0.407551,0.686076,200
1775042592847216055,1775042592847216055,1775042592847778912,0.000000,0.562857,0.562857,200
1775042592848312658,1775042592848312658,1775042592849189896,0.000000,0.877238,0.877238,200
1775042592848372687,1775042592849189896,1775042592849837089,0.817209,0.647193,1.464402,200
1775042592862828923,1775042592862828923,1775042592869508638,0.000000,6.679715,6.679715,200
1775042592883632537,1775042592883632537,1775042592884305199,0.000000,0.672662,0.672662,200
1775042592887564081,1775042592887564081,1775042592890836606,0.000000,3.272525,3.272525,200
1775042592887633578,1775042592890836606,1775042592891296561,3.203028,0.459955,3.662983,200
1775042592888745211,1775042592891296561,1775042592892040311,2.551350,0.743750,3.295100,200
1775042592888789699,1775042592892040311,1775042592892668938,3.250612,0.628627,3.879239,200
1775042592899458608,1775042592899458608,1775042592900184806,0.000000,0.726198,0.726198,200
1775042592900150463,1775042592900184806,1775042592900951184,0.034343,0.766378,0.800721,200
1775042592900362310,1775042592900951184,1775042592901937063,0.588874,0.985879,1.574753,200
1775042592904437408,1775042592904437408,1775042592905377056,0.000000,0.939648,0.939648,200
1775042592907693280,1775042592907693280,1775042592908546307,0.000000,0.853027,0.853027,200
1775042592907918835,1775042592908546307,1775042592916261105,0.627472,7.714798,8.342270,200
1775042592914829198,1775042592916261105,1775042592917242505,1.431907,0.981400,2.413307,200
1775042592918805843,1775042592918805843,1775042592919345011,0.000000,0.539168,0.539168,200
1775042592918908455,1775042592919345011,1775042592925021868,0.436556,5.676857,6.113413,200
1775042592918950388,1775042592925021868,1775042592925651455,6.071480,0.629587,6.701067,200
1775042592920221224,1775042592925651455,1775042592926193130,5.430231,0.541675,5.971906,200
1775042592937219919,1775042592937219919,1775042592937742246,0.000000,0.522327,0.522327,200
1775042592937296901,1775042592937742246,1775042592938561444,0.445345,0.819198,1.264543,200
1775042592961508025,1775042592961508025,1775042592962333377,0.000000,0.825352,0.825352,200
1775042592964611520,1775042592964611520,1775042592965393195,0.000000,0.781675,0.781675,200
1775042592997834950,1775042592997834950,1775042592998681214,0.000000,0.846264,0.846264,200
1775042592997922142,1775042592998681214,1775042592999945700,0.759072,1.264486,2.023558,200
1775042593010878628,1775042593010878628,1775042593011436666,0.000000,0.558038,0.558038,200
1775042593057043342,1775042593057043342,1775042593057831787,0.000000,0.788445,0.788445,200
1775042593057128550,1775042593057831787,1775042593059293556,0.703237,1.461769,2.165006,200
1775042593087907241,1775042593087907241,1775042593088595054,0.000000,0.687813,0.687813,200
1775042593092841493,1775042593092841493,1775042593093454137,0.000000,0.612644,0.612644,200
1775042593103868460,1775042593103868460,1775042593104357341,0.000000,0.488881,0.488881,200
1775042593110072746,1775042593110072746,1775042593110935540,0.000000,0.862794,0.862794,200
1775042593114575852,1775042593114575852,1775042593115190322,0.000000,0.614470,0.614470,200
1775042593117810969,1775042593117810969,1775042593118264841,0.000000,0.453872,0.453872,200
1775042593119170701,1775042593119170701,1775042593120248499,0.000000,1.077798,1.077798,200
1775042593119229277,1775042593120248499,1775042593120990841,1.019222,0.742342,1.761564,200
1775042593132889354,1775042593132889354,1775042593134215350,0.000000,1.325996,1.325996,200
1775042593137464466,1775042593137464466,1775042593138377922,0.000000,0.913456,0.913456,200
1775042593160890664,1775042593160890664,1775042593161657347,0.000000,0.766683,0.766683,200
1775042593162534293,1775042593162534293,1775042593164288423,0.000000,1.754130,1.754130,200
1775042593162624832,1775042593164288423,1775042593165357311,1.663591,1.068888,2.732479,200
1775042593162665141,1775042593165357311,1775042593166068152,2.692170,0.710841,3.403011,200
1775042593166252009,1775042593166252009,1775042593167310371,0.000000,1.058362,1.058362,200
1775042593166345473,1775042593167310371,1775042593168053433,0.964898,0.743062,1.707960,200
1775042593166740007,1775042593168053433,1775042593168682041,1.313426,0.628608,1.942034,200
1775042593166810336,1775042593168682041,1775042593170014611,1.871705,1.332570,3.204275,200
1775042593196475089,1775042593196475089,1775042593197642561,0.000000,1.167472,1.167472,200
1775042593199537590,1775042593199537590,1775042593200336121,0.000000,0.798531,0.798531,200
1775042593206379803,1775042593206379803,1775042593209256639,0.000000,2.876836,2.876836,200
1775042593224423022,1775042593224423022,1775042593224908006,0.000000,0.484984,0.484984,200
1775042593225717686,1775042593225717686,1775042593226495575,0.000000,0.777889,0.777889,200
1775042593225775109,1775042593226495575,1775042593226916674,0.720466,0.421099,1.141565,200
1775042593225822172,1775042593226916674,1775042593227519229,1.094502,0.602555,1.697057,200
1775042593247724657,1775042593247724657,1775042593248267684,0.000000,0.543027,0.543027,200
1775042593270903976,1775042593270903976,1775042593271559726,0.000000,0.655750,0.655750,200
1775042593275716779,1775042593275716779,1775042593276599517,0.000000,0.882738,0.882738,200
1775042593277547546,1775042593277547546,1775042593280089562,0.000000,2.542016,2.542016,200
1775042593279749082,1775042593280089562,1775042593280741373,0.340480,0.651811,0.992291,200
1775042593279804311,1775042593280741373,1775042593281487398,0.937062,0.746025,1.683087,200
1775042593279831605,1775042593281487398,1775042593282271899,1.655793,0.784501,2.440294,200
1775042593302274340,1775042593302274340,1775042593302701141,0.000000,0.426801,0.426801,200
1775042593307719469,1775042593307719469,1775042593308240634,0.000000,0.521165,0.521165,200
1775042593333862938,1775042593333862938,1775042593337280113,0.000000,3.417175,3.417175,200
1775042593335226203,1775042593337280113,1775042593337825796,2.053910,0.545683,2.599593,200
1775042593344237129,1775042593344237129,1775042593344861576,0.000000,0.624447,0.624447,200
1775042593347463353,1775042593347463353,1775042593348136970,0.000000,0.673617,0.673617,200
1775042593350225251,1775042593350225251,1775042593350943593,0.000000,0.718342,0.718342,200
1775042593360512056,1775042593360512056,1775042593368598481,0.000000,8.086425,8.086425,200
1775042593364092218,1775042593368598481,1775042593370101822,4.506263,1.503341,6.009604,200
1775042593398454879,1775042593398454879,1775042593399242275,0.000000,0.787396,0.787396,200
1775042593398532432,1775042593399242275,1775042593399628504,0.709843,0.386229,1.096072,200
1775042593406009196,1775042593406009196,1775042593407282670,0.000000,1.273474,1.273474,200
1775042593425743269,1775042593425743269,1775042593426410952,0.000000,0.667683,0.667683,200
1775042593429571650,1775042593429571650,1775042593430379253,0.000000,0.807603,0.807603,200
1775042593435841126,1775042593435841126,1775042593436439244,0.000000,0.598118,0.598118,200
1775042593457716003,1775042593457716003,1775042593458302700,0.000000,0.586697,0.586697,200
1775042593459242323,1775042593459242323,1775042593459975013,0.000000,0.732690,0.732690,200
1775042593461029158,1775042593461029158,1775042593461890091,0.000000,0.860933,0.860933,200
1775042593517318938,1775042593517318938,1775042593517871346,0.000000,0.552408,0.552408,200
1775042593521889569,1775042593521889569,1775042593522533076,0.000000,0.643507,0.643507,200
1775042593522675540,1775042593522675540,1775042593523294999,0.000000,0.619459,0.619459,200
1775042593524362807,1775042593524362807,1775042593525091250,0.000000,0.728443,0.728443,200
1775042593527791510,1775042593527791510,1775042593528943621,0.000000,1.152111,1.152111,200
1775042593528026704,1775042593528943621,1775042593529560484,0.916917,0.616863,1.533780,200
1775042593539520961,1775042593539520961,1775042593540980864,0.000000,1.459903,1.459903,200
1775042593544563847,1775042593544563847,1775042593545576484,0.000000,1.012637,1.012637,200
1775042593545537553,1775042593545576484,1775042593546328557,0.038931,0.752073,0.791004,200
1775042593546638976,1775042593546638976,1775042593547484158,0.000000,0.845182,0.845182,200
1775042593550726499,1775042593550726499,1775042593551563025,0.000000,0.836526,0.836526,200
1775042593556484946,1775042593556484946,1775042593557821034,0.000000,1.336088,1.336088,200
1775042593561047138,1775042593561047138,1775042593562768643,0.000000,1.721505,1.721505,200
1775042593583073030,1775042593583073030,1775042593583624925,0.000000,0.551895,0.551895,200
1775042593609214244,1775042593609214244,1775042593610023396,0.000000,0.809152,0.809152,200
1775042593615871632,1775042593615871632,1775042593616573652,0.000000,0.702020,0.702020,200
1775042593616149853,1775042593616573652,1775042593620380561,0.423799,3.806909,4.230708,200
1775042593616258047,1775042593620380561,1775042593621082885,4.122514,0.702324,4.824838,200
1775042593616294639,1775042593621082885,1775042593621740857,4.788246,0.657972,5.446218,200
1775042593617857201,1775042593621740857,1775042593622696029,3.883656,0.955172,4.838828,200
1775042593625795028,1775042593625795028,1775042593626551846,0.000000,0.756818,0.756818,200
1775042593646465288,1775042593646465288,1775042593647834729,0.000000,1.369441,1.369441,200
1775042593657623605,1775042593657623605,1775042593659431882,0.000000,1.808277,1.808277,200
1775042593657740996,1775042593659431882,1775042593660100086,1.690886,0.668204,2.359090,200
1775042593674267963,1775042593674267963,1775042593674795899,0.000000,0.527936,0.527936,200
1775042593674322551,1775042593674795899,1775042593675487098,0.473348,0.691199,1.164547,200
1775042593677669943,1775042593677669943,1775042593678347805,0.000000,0.677862,0.677862,200
1775042593677800491,1775042593678347805,1775042593679020038,0.547314,0.672233,1.219547,200
1775042593692925002,1775042593692925002,1775042593694364163,0.000000,1.439161,1.439161,200
1775042593693128664,1775042593694364163,1775042593694949785,1.235499,0.585622,1.821121,200
1775042593695365636,1775042593695365636,1775042593696216404,0.000000,0.850768,0.850768,200
1775042593707969086,1775042593707969086,1775042593708623302,0.000000,0.654216,0.654216,200
1775042593717789157,1775042593717789157,1775042593719062316,0.000000,1.273159,1.273159,200
1775042593722130888,1775042593722130888,1775042593722863215,0.000000,0.732327,0.732327,200
1775042593724900425,1775042593724900425,1775042593725533332,0.000000,0.632907,0.632907,200
1775042593740731651,1775042593740731651,1775042593741259821,0.000000,0.528170,0.528170,200
1775042593742099078,1775042593742099078,1775042593743412568,0.000000,1.313490,1.313490,200
1775042593748508520,1775042593748508520,1775042593749563085,0.000000,1.054565,1.054565,200
1775042593750084087,1775042593750084087,1775042593750772250,0.000000,0.688163,0.688163,200
1775042593751072473,1775042593751072473,1775042593751807849,0.000000,0.735376,0.735376,200
1775042593762133672,1775042593762133672,1775042593762849850,0.000000,0.716178,0.716178,200
1775042593762216646,1775042593762849850,1775042593763844038,0.633204,0.994188,1.627392,200
1775042593763511169,1775042593763844038,1775042593764566228,0.332869,0.722190,1.055059,200
1775042593764926090,1775042593764926090,1775042593767731975,0.000000,2.805885,2.805885,200
1775042593768280185,1775042593768280185,1775042593770265238,0.000000,1.985053,1.985053,200
1775042593770133008,1775042593770265238,1775042593770961575,0.132230,0.696337,0.828567,200
1775042593783306192,1775042593783306192,1775042593784005777,0.000000,0.699585,0.699585,200
1775042593785545709,1775042593785545709,1775042593786216842,0.000000,0.671133,0.671133,200
1775042593800935163,1775042593800935163,1775042593801679263,0.000000,0.744100,0.744100,200
1775042593801157035,1775042593801679263,1775042593802863165,0.522228,1.183902,1.706130,200
1775042593801253805,1775042593802863165,1775042593803667037,1.609360,0.803872,2.413232,200
1775042593824327402,1775042593824327402,1775042593825197276,0.000000,0.869874,0.869874,200
1775042593838149064,1775042593838149064,1775042593838810194,0.000000,0.661130,0.661130,200
1775042593841135485,1775042593841135485,1775042593841806598,0.000000,0.671113,0.671113,200
1775042593849753818,1775042593849753818,1775042593850355429,0.000000,0.601611,0.601611,200
1775042593849826671,1775042593850355429,1775042593851056602,0.528758,0.701173,1.229931,200
1775042593850523547,1775042593851056602,1775042593855271535,0.533055,4.214933,4.747988,200
1775042593889248073,1775042593889248073,1775042593918319055,0.000000,29.070982,29.070982,200
1775042593932986967,1775042593932986967,1775042593933682064,0.000000,0.695097,0.695097,200
1775042593933286238,1775042593933682064,1775042593934246873,0.395826,0.564809,0.960635,200
1775042593934793571,1775042593934793571,1775042593935308184,0.000000,0.514613,0.514613,200
1775042593935303875,1775042593935308184,1775042593936834131,0.004309,1.525947,1.530256,200
1775042593954284365,1775042593954284365,1775042593955688655,0.000000,1.404290,1.404290,200
1775042593960115988,1775042593960115988,1775042593960948610,0.000000,0.832622,0.832622,200
1775042593960371693,1775042593960948610,1775042593961458703,0.576917,0.510093,1.087010,200
1775042593985427539,1775042593985427539,1775042593986089122,0.000000,0.661583,0.661583,200
1775042593987058377,1775042593987058377,1775042593987846121,0.000000,0.787744,0.787744,200
1775042593990929495,1775042593990929495,1775042593992682312,0.000000,1.752817,1.752817,200
1775042593995120418,1775042593995120418,1775042593995820249,0.000000,0.699831,0.699831,200
1775042594094120370,1775042594094120370,1775042594094957017,0.000000,0.836647,0.836647,200
1775042594097304921,1775042594097304921,1775042594098177226,0.000000,0.872305,0.872305,200
1775042594100471457,1775042594100471457,1775042594101173636,0.000000,0.702179,0.702179,200
1775042594103921257,1775042594103921257,1775042594104455788,0.000000,0.534531,0.534531,200
1775042594107000351,1775042594107000351,1775042594107673276,0.000000,0.672925,0.672925,200
1775042594107105588,1775042594107673276,1775042594109114255,0.567688,1.440979,2.008667,200
1775042594108350844,1775042594109114255,1775042594109814682,0.763411,0.700427,1.463838,200
1775042594108417295,1775042594109814682,1775042594110632116,1.397387,0.817434,2.214821,200
1775042594112557485,1775042594112557485,1775042594113455381,0.000000,0.897896,0.897896,200
1775042594112716408,1775042594113455381,1775042594114159386,0.738973,0.704005,1.442978,200
1775042594124140578,1775042594124140578,1775042594124982232,0.000000,0.841654,0.841654,200
1775042594140615584,1775042594140615584,1775042594143307438,0.000000,2.691854,2.691854,200
1775042594141514601,1775042594143307438,1775042594144013999,1.792837,0.706561,2.499398,200
1775042594145119699,1775042594145119699,1775042594145553933,0.000000,0.434234,0.434234,200
1775042594149933402,1775042594149933402,1775042594150622723,0.000000,0.689321,0.689321,200
1775042594152255534,1775042594152255534,1775042594153079109,0.000000,0.823575,0.823575,200
1775042594172286783,1775042594172286783,1775042594173148673,0.000000,0.861890,0.861890,200
1775042594175154450,1775042594175154450,1775042594176102568,0.000000,0.948118,0.948118,200
1775042594175472176,1775042594176102568,1775042594176825851,0.630392,0.723283,1.353675,200
1775042594175519450,1775042594176825851,1775042594177604422,1.306401,0.778571,2.084972,200
1775042594179932888,1775042594179932888,1775042594180436060,0.000000,0.503172,0.503172,200
1775042594180029328,1775042594180436060,1775042594181173592,0.406732,0.737532,1.144264,200
1775042594184375190,1775042594184375190,1775042594185089283,0.000000,0.714093,0.714093,200
1775042594186165637,1775042594186165637,1775042594188708839,0.000000,2.543202,2.543202,200
1775042594186206388,1775042594188708839,1775042594189258350,2.502451,0.549511,3.051962,200
1775042594203941773,1775042594203941773,1775042594204897551,0.000000,0.955778,0.955778,200
1775042594203992753,1775042594204897551,1775042594206064572,0.904798,1.167021,2.071819,200
1775042594204024927,1775042594206064572,1775042594206818653,2.039645,0.754081,2.793726,200
1775042594210974474,1775042594210974474,1775042594211796360,0.000000,0.821886,0.821886,200
1775042594211067398,1775042594211796360,1775042594213125098,0.728962,1.328738,2.057700,200
1775042594234132211,1775042594234132211,1775042594234911210,0.000000,0.778999,0.778999,200
1775042594240588275,1775042594240588275,1775042594241326928,0.000000,0.738653,0.738653,200
1775042594252377097,1775042594252377097,1775042594253154796,0.000000,0.777699,0.777699,200
1775042594253972745,1775042594253972745,1775042594259438205,0.000000,5.465460,5.465460,200
1775042594254009016,1775042594259438205,1775042594260165027,5.429189,0.726822,6.156011,200
1775042594270718394,1775042594270718394,1775042594271326039,0.000000,0.607645,0.607645,200
1775042594272186630,1775042594272186630,1775042594272853486,0.000000,0.666856,0.666856,200
1775042594275533821,1775042594275533821,1775042594280196269,0.000000,4.662448,4.662448,200
1775042594278784123,1775042594280196269,1775042594280697546,1.412146,0.501277,1.913423,200
1775042594279532128,1775042594280697546,1775042594281705158,1.165418,1.007612,2.173030,200
1775042594292211824,1775042594292211824,1775042594292890087,0.000000,0.678263,0.678263,200
1775042594303003912,1775042594303003912,1775042594303852855,0.000000,0.848943,0.848943,200
1775042594308444792,1775042594308444792,1775042594309387376,0.000000,0.942584,0.942584,200
1775042594309685620,1775042594309685620,1775042594311041225,0.000000,1.355605,1.355605,200
1775042594309881246,1775042594311041225,1775042594312161653,1.159979,1.120428,2.280407,200
1775042594309910934,1775042594312161653,1775042594312753215,2.250719,0.591562,2.842281,200
1775042594309992826,1775042594312753215,1775042594313475217,2.760389,0.722002,3.482391,200
1775042594314678377,1775042594314678377,1775042594315458400,0.000000,0.780023,0.780023,200
1775042594314731302,1775042594315458400,1775042594316352801,0.727098,0.894401,1.621499,200
1775042594315548223,1775042594316352801,1775042594316803256,0.804578,0.450455,1.255033,200
1775042594315598202,1775042594316803256,1775042594317727033,1.205054,0.923777,2.128831,200
1775042594317189581,1775042594317727033,1775042594318330748,0.537452,0.603715,1.141167,200
1775042594328922998,1775042594328922998,1775042594329563778,0.000000,0.640780,0.640780,200
1775042594328985822,1775042594329563778,1775042594330313452,0.577956,0.749674,1.327630,200
1775042594329626565,1775042594330313452,1775042594331294597,0.686887,0.981145,1.668032,200
1775042594331321589,1775042594331321589,1775042594332308035,0.000000,0.986446,0.986446,200
1775042594333307776,1775042594333307776,1775042594333908076,0.000000,0.600300,0.600300,200
1775042594333684449,1775042594333908076,1775042594334669935,0.223627,0.761859,0.985486,200
1775042594337978729,1775042594337978729,1775042594338740136,0.000000,0.761407,0.761407,200
1775042594338050140,1775042594338740136,1775042594339401986,0.689996,0.661850,1.351846,200
1775042594338105830,1775042594339401986,1775042594342074169,1.296156,2.672183,3.968339,200
1775042594348022950,1775042594348022950,1775042594348881518,0.000000,0.858568,0.858568,200
1775042594357047352,1775042594357047352,1775042594357892217,0.000000,0.844865,0.844865,200
1775042594367915477,1775042594367915477,1775042594368746085,0.000000,0.830608,0.830608,200
1775042594393118023,1775042594393118023,1775042594394476823,0.000000,1.358800,1.358800,200
1775042594393989577,1775042594394476823,1775042594395271549,0.487246,0.794726,1.281972,200
1775042594400108706,1775042594400108706,1775042594401151363,0.000000,1.042657,1.042657,200
1775042594402100853,1775042594402100853,1775042594402974660,0.000000,0.873807,0.873807,200
1775042594402175930,1775042594402974660,1775042594403875031,0.798730,0.900371,1.699101,200
1775042594402490529,1775042594403875031,1775042594404621306,1.384502,0.746275,2.130777,200
1775042594424626640,1775042594424626640,1775042594425480381,0.000000,0.853741,0.853741,200
1775042594435269104,1775042594435269104,1775042594436064933,0.000000,0.795829,0.795829,200
1775042594457822468,1775042594457822468,1775042594458539828,0.000000,0.717360,0.717360,200
1775042594459412955,1775042594459412955,1775042594460085628,0.000000,0.672673,0.672673,200
1775042594477926616,1775042594477926616,1775042594478465287,0.000000,0.538671,0.538671,200
1775042594481221478,1775042594481221478,1775042594481676575,0.000000,0.455097,0.455097,200
1775042594508916346,1775042594508916346,1775042594509417422,0.000000,0.501076,0.501076,200
1775042594508992105,1775042594509417422,1775042594509821645,0.425317,0.404223,0.829540,200
1775042594512861783,1775042594512861783,1775042594513628480,0.000000,0.766697,0.766697,200
1775042594513000546,1775042594513628480,1775042594514460751,0.627934,0.832271,1.460205,200
1775042594513246049,1775042594514460751,1775042594515052194,1.214702,0.591443,1.806145,200
1775042594513287771,1775042594515052194,1775042594515573691,1.764423,0.521497,2.285920,200
1775042594536531335,1775042594536531335,1775042594537169521,0.000000,0.638186,0.638186,200
1775042594536865973,1775042594537169521,1775042594542263492,0.303548,5.093971,5.397519,200
1775042594540931246,1775042594542263492,1775042594543827968,1.332246,1.564476,2.896722,200
1775042594541877195,1775042594543827968,1775042594544481674,1.950773,0.653706,2.604479,200
1775042594551619487,1775042594551619487,1775042594552414429,0.000000,0.794942,0.794942,200
1775042594551739482,1775042594552414429,1775042594553416600,0.674947,1.002171,1.677118,200
1775042594553165356,1775042594553416600,1775042594563019511,0.251244,9.602911,9.854155,200
1775042594553575833,1775042594563019511,1775042594564353963,9.443678,1.334452,10.778130,200
1775042594577386200,1775042594577386200,1775042594577900572,0.000000,0.514372,0.514372,200
1775042594587829282,1775042594587829282,1775042594589203197,0.000000,1.373915,1.373915,200
1775042594603154182,1775042594603154182,1775042594603925198,0.000000,0.771016,0.771016,200
1775042594605552842,1775042594605552842,1775042594608275355,0.000000,2.722513,2.722513,200
1775042594608210908,1775042594608275355,1775042594609189733,0.064447,0.914378,0.978825,200
1775042594655084949,1775042594655084949,1775042594655988975,0.000000,0.904026,0.904026,200
1775042594657947483,1775042594657947483,1775042594658751739,0.000000,0.804256,0.804256,200
1775042594674270391,1775042594674270391,1775042594675075216,0.000000,0.804825,0.804825,200
1775042594675011798,1775042594675075216,1775042594675738389,0.063418,0.663173,0.726591,200
1775042594683639377,1775042594683639377,1775042594684507224,0.000000,0.867847,0.867847,200
1775042594683743893,1775042594684507224,1775042594685295563,0.763331,0.788339,1.551670,200
1775042594719504608,1775042594719504608,1775042594720235402,0.000000,0.730794,0.730794,200
1775042594719632689,1775042594720235402,1775042594721740422,0.602713,1.505020,2.107733,200
1775042594720812359,1775042594721740422,1775042594722120359,0.928063,0.379937,1.308000,200
1775042594749011901,1775042594749011901,1775042594750601306,0.000000,1.589405,1.589405,200
1775042594755292251,1775042594755292251,1775042594756961062,0.000000,1.668811,1.668811,200
1775042594756000524,1775042594756961062,1775042594757594167,0.960538,0.633105,1.593643,200
1775042594757041360,1775042594757594167,1775042594758996468,0.552807,1.402301,1.955108,200
1775042594763951266,1775042594763951266,1775042594765288213,0.000000,1.336947,1.336947,200
1775042594791266197,1775042594791266197,1775042594792212279,0.000000,0.946082,0.946082,200
1775042594791342968,1775042594792212279,1775042594792876396,0.869311,0.664117,1.533428,200
1775042594813302358,1775042594813302358,1775042594813863030,0.000000,0.560672,0.560672,200
1775042594814226955,1775042594814226955,1775042594814996909,0.000000,0.769954,0.769954,200
1775042594817003986,1775042594817003986,1775042594817462608,0.000000,0.458622,0.458622,200
1775042594817051659,1775042594817462608,1775042594818050056,0.410949,0.587448,0.998397,200
1775042594830117970,1775042594830117970,1775042594830784030,0.000000,0.666060,0.666060,200
1775042594840788275,1775042594840788275,1775042594841375978,0.000000,0.587703,0.587703,200
1775042594859423645,1775042594859423645,1775042594860123690,0.000000,0.700045,0.700045,200
1775042594859787620,1775042594860123690,1775042594860906279,0.336070,0.782589,1.118659,200
1775042594861085835,1775042594861085835,1775042594862038377,0.000000,0.952542,0.952542,200
1775042594861979714,1775042594862038377,1775042594862887116,0.058663,0.848739,0.907402,200
1775042594888544244,1775042594888544244,1775042594889304970,0.000000,0.760726,0.760726,200
1775042594890276540,1775042594890276540,1775042594891016535,0.000000,0.739995,0.739995,200
1775042594890353983,1775042594891016535,1775042594894900197,0.662552,3.883662,4.546214,200
1775042594891099004,1775042594894900197,1775042594895379328,3.801193,0.479131,4.280324,200
1775042594892380046,1775042594895379328,1775042594895952445,2.999282,0.573117,3.572399,200
1775042594894215912,1775042594895952445,1775042594896687380,1.736533,0.734935,2.471468,200
1775042594894475833,1775042594896687380,1775042594897225682,2.211547,0.538302,2.749849,200
1775042594895687455,1775042594897225682,1775042594897766234,1.538227,0.540552,2.078779,200
1775042594896272029,1775042594897766234,1775042594898683078,1.494205,0.916844,2.411049,200
1775042594922708466,1775042594922708466,1775042594923443401,0.000000,0.734935,0.734935,200
1775042594922918769,1775042594923443401,1775042594923939757,0.524632,0.496356,1.020988,200
1775042594928898206,1775042594928898206,1775042594929612591,0.000000,0.714385,0.714385,200
1775042594934135222,1775042594934135222,1775042594934761754,0.000000,0.626532,0.626532,200
1775042594934333722,1775042594934761754,1775042594935550726,0.428032,0.788972,1.217004,200
1775042594948185499,1775042594948185499,1775042594948946878,0.000000,0.761379,0.761379,200
1775042594951284582,1775042594951284582,1775042594951986782,0.000000,0.702200,0.702200,200
1775042594951395660,1775042594951986782,1775042594952604567,0.591122,0.617785,1.208907,200
1775042594951478002,1775042594952604567,1775042594953242603,1.126565,0.638036,1.764601,200
1775042594952785872,1775042594953242603,1775042594954041056,0.456731,0.798453,1.255184,200
1775042594952891139,1775042594954041056,1775042594954549195,1.149917,0.508139,1.658056,200
1775042594973383257,1775042594973383257,1775042594974044036,0.000000,0.660779,0.660779,200
1775042594974845322,1775042594974845322,1775042594976076118,0.000000,1.230796,1.230796,200
1775042595029698470,1775042595029698470,1775042595031055468,0.000000,1.356998,1.356998,200
1775042595036220548,1775042595036220548,1775042595037018565,0.000000,0.798017,0.798017,200
1775042595037780601,1775042595037780601,1775042595038530817,0.000000,0.750216,0.750216,200
1775042595040113752,1775042595040113752,1775042595040746149,0.000000,0.632397,0.632397,200
1775042595040530501,1775042595040746149,1775042595041517665,0.215648,0.771516,0.987164,200
1775042595040736663,1775042595041517665,1775042595042236010,0.781002,0.718345,1.499347,200
1775042595055293584,1775042595055293584,1775042595060044957,0.000000,4.751373,4.751373,200
1775042595061066468,1775042595061066468,1775042595061801536,0.000000,0.735068,0.735068,200
1775042595061293081,1775042595061801536,1775042595062640245,0.508455,0.838709,1.347164,200
1775042595065587848,1775042595065587848,1775042595065963016,0.000000,0.375168,0.375168,200
1775042595067364146,1775042595067364146,1775042595069522856,0.000000,2.158710,2.158710,200
1775042595067474964,1775042595069522856,1775042595069920931,2.047892,0.398075,2.445967,200
1775042595069365812,1775042595069920931,1775042595070770091,0.555119,0.849160,1.404279,200
1775042595069682404,1775042595070770091,1775042595071177658,1.087687,0.407567,1.495254,200
1775042595075844184,1775042595075844184,1775042595076742573,0.000000,0.898389,0.898389,200
1775042595120169189,1775042595120169189,1775042595120911178,0.000000,0.741989,0.741989,200
1775042595120301429,1775042595120911178,1775042595121608640,0.609749,0.697462,1.307211,200
1775042595122171836,1775042595122171836,1775042595122958793,0.000000,0.786957,0.786957,200
1775042595137417145,1775042595137417145,1775042595138142411,0.000000,0.725266,0.725266,200
1775042595137682817,1775042595138142411,1775042595138973019,0.459594,0.830608,1.290202,200
1775042595140549672,1775042595140549672,1775042595141138773,0.000000,0.589101,0.589101,200
1775042595141576090,1775042595141576090,1775042595142187115,0.000000,0.611025,0.611025,200
1775042595144835468,1775042595144835468,1775042595146747554,0.000000,1.912086,1.912086,200
1775042595144910325,1775042595146747554,1775042595147670376,1.837229,0.922822,2.760051,200
1775042595151429864,1775042595151429864,1775042595151893679,0.000000,0.463815,0.463815,200
1775042595159693309,1775042595159693309,1775042595160390411,0.000000,0.697102,0.697102,200
1775042595164399963,1775042595164399963,1775042595165149446,0.000000,0.749483,0.749483,200
1775042595166480544,1775042595166480544,1775042595166926000,0.000000,0.445456,0.445456,200
1775042595181838340,1775042595181838340,1775042595182488569,0.000000,0.650229,0.650229,200
1775042595181966983,1775042595182488569,1775042595183830740,0.521586,1.342171,1.863757,200
1775042595187534128,1775042595187534128,1775042595188398393,0.000000,0.864265,0.864265,200
1775042595189015591,1775042595189015591,1775042595189826033,0.000000,0.810442,0.810442,200
1775042595205385170,1775042595205385170,1775042595205990931,0.000000,0.605761,0.605761,200
1775042595211547446,1775042595211547446,1775042595212294736,0.000000,0.747290,0.747290,200
1775042595219839581,1775042595219839581,1775042595220439000,0.000000,0.599419,0.599419,200
1775042595226299190,1775042595226299190,1775042595227766907,0.000000,1.467717,1.467717,200
1775042595241796120,1775042595241796120,1775042595242622154,0.000000,0.826034,0.826034,200
1775042595241943479,1775042595242622154,1775042595243214352,0.678675,0.592198,1.270873,200
1775042595242024569,1775042595243214352,1775042595244502030,1.189783,1.287678,2.477461,200
1775042595255940029,1775042595255940029,1775042595256870195,0.000000,0.930166,0.930166,200
1775042595257025172,1775042595257025172,1775042595257464432,0.000000,0.439260,0.439260,200
1775042595257336204,1775042595257464432,1775042595258015767,0.128228,0.551335,0.679563,200
1775042595295583389,1775042595295583389,1775042595297775108,0.000000,2.191719,2.191719,200
1775042595296568456,1775042595297775108,1775042595298454582,1.206652,0.679474,1.886126,200
1775042595296620217,1775042595298454582,1775042595299081603,1.834365,0.627021,2.461386,200
1775042595296707299,1775042595299081603,1775042595299908900,2.374304,0.827297,3.201601,200
1775042595296778669,1775042595299908900,1775042595300732191,3.130231,0.823291,3.953522,200
1775042595299614138,1775042595300732191,1775042595301584173,1.118053,0.851982,1.970035,200
1775042595360144650,1775042595360144650,1775042595361385383,0.000000,1.240733,1.240733,200
1775042595365989488,1775042595365989488,1775042595366452409,0.000000,0.462921,0.462921,200
1775042595366055568,1775042595366452409,1775042595367466659,0.396841,1.014250,1.411091,200
1775042595369951619,1775042595369951619,1775042595370589273,0.000000,0.637654,0.637654,200
1775042595373798792,1775042595373798792,1775042595374267696,0.000000,0.468904,0.468904,200
1775042595377332523,1775042595377332523,1775042595377838087,0.000000,0.505564,0.505564,200
1775042595403740505,1775042595403740505,1775042595404528844,0.000000,0.788339,0.788339,200
1775042595404873980,1775042595404873980,1775042595405893354,0.000000,1.019374,1.019374,200
1775042595411505479,1775042595411505479,1775042595412036194,0.000000,0.530715,0.530715,200
1775042595411814657,1775042595412036194,1775042595413636964,0.221537,1.600770,1.822307,200
1775042595413707268,1775042595413707268,1775042595415633577,0.000000,1.926309,1.926309,200
1775042595423656341,1775042595423656341,1775042595424323483,0.000000,0.667142,0.667142,200
1775042595446054387,1775042595446054387,1775042595446932203,0.000000,0.877816,0.877816,200
1775042595476281933,1775042595476281933,1775042595477065067,0.000000,0.783134,0.783134,200
1775042595478025176,1775042595478025176,1775042595479010644,0.000000,0.985468,0.985468,200
1775042595480214471,1775042595480214471,1775042595480949105,0.000000,0.734634,0.734634,200
1775042595525067469,1775042595525067469,1775042595525793717,0.000000,0.726248,0.726248,200
1775042595526223321,1775042595526223321,1775042595534521097,0.000000,8.297776,8.297776,200
1775042595528322082,1775042595534521097,1775042595535902283,6.199015,1.381186,7.580201,200
1775042595544698720,1775042595544698720,1775042595545440457,0.000000,0.741737,0.741737,200
1775042595570990900,1775042595570990900,1775042595572189357,0.000000,1.198457,1.198457,200
1775042595571204751,1775042595572189357,1775042595572643821,0.984606,0.454464,1.439070,200
1775042595573695251,1775042595573695251,1775042595574563499,0.000000,0.868248,0.868248,200
1775042595579387383,1775042595579387383,1775042595581047414,0.000000,1.660031,1.660031,200
1775042595580566381,1775042595581047414,1775042595581643887,0.481033,0.596473,1.077506,200
1775042595606625423,1775042595606625423,1775042595614923199,0.000000,8.297776,8.297776,200
1775042595614554172,1775042595614923199,1775042595615623626,0.369027,0.700427,1.069454,200
1775042595673911518,1775042595673911518,1775042595674650171,0.000000,0.738653,0.738653,200
1775042595712538043,1775042595712538043,1775042595713186788,0.000000,0.648745,0.648745,200
1775042595713581525,1775042595713581525,1775042595714450354,0.000000,0.868829,0.868829,200
1775042595721266438,1775042595721266438,1775042595722169764,0.000000,0.903326,0.903326,200
1775042595723632351,1775042595723632351,1775042595724265677,0.000000,0.633326,0.633326,200
1775042595726088886,1775042595726088886,1775042595726539833,0.000000,0.450947,0.450947,200
1775042595777028654,1775042595777028654,1775042595777749005,0.000000,0.720351,0.720351,200
1775042595778085893,1775042595778085893,1775042595778741221,0.000000,0.655328,0.655328,200
1775042595780365050,1775042595780365050,1775042595781213209,0.000000,0.848159,0.848159,200
1775042595783727802,1775042595783727802,1775042595784517365,0.000000,0.789563,0.789563,200
1775042595789888870,1775042595789888870,1775042595791392211,0.000000,1.503341,1.503341,200
1775042595790313395,1775042595791392211,1775042595797183065,1.078816,5.790854,6.869670,200
1775042595793724187,1775042595797183065,1775042595797764300,3.458878,0.581235,4.040113,200
1775042595795552421,1775042595797764300,1775042595798437798,2.211879,0.673498,2.885377,200
1775042595799009759,1775042595799009759,1775042595799539833,0.000000,0.530074,0.530074,200
1775042595799073324,1775042595799539833,1775042595800157648,0.466509,0.617815,1.084324,200
1775042595812138858,1775042595812138858,1775042595812795837,0.000000,0.656979,0.656979,200
1775042595813233309,1775042595813233309,1775042595814553048,0.000000,1.319739,1.319739,200
1775042595813334208,1775042595814553048,1775042595815264016,1.218840,0.710968,1.929808,200
1775042595833169647,1775042595833169647,1775042595833831150,0.000000,0.661503,0.661503,200
1775042595837335207,1775042595837335207,1775042595837782428,0.000000,0.447221,0.447221,200
1775042595840284877,1775042595840284877,1775042595842500997,0.000000,2.216120,2.216120,200
1775042595863038009,1775042595863038009,1775042595863885846,0.000000,0.847837,0.847837,200
1775042595869321673,1775042595869321673,1775042595869856495,0.000000,0.534822,0.534822,200
1775042595870882442,1775042595870882442,1775042595871905304,0.000000,1.022862,1.022862,200
1775042595878108172,1775042595878108172,1775042595878841634,0.000000,0.733462,0.733462,200
1775042595880521828,1775042595880521828,1775042595881065718,0.000000,0.543890,0.543890,200
1775042595891112370,1775042595891112370,1775042595892749034,0.000000,1.636664,1.636664,200
1775042595892249947,1775042595892749034,1775042595893401060,0.499087,0.652026,1.151113,200
1775042595893223770,1775042595893401060,1775042595894086037,0.177290,0.684977,0.862267,200
1775042595893295811,1775042595894086037,1775042595894758779,0.790226,0.672742,1.462968,200
1775042595895017218,1775042595895017218,1775042595895738055,0.000000,0.720837,0.720837,200
1775042595930843558,1775042595930843558,1775042595932123117,0.000000,1.279559,1.279559,200
1775042595933277644,1775042595933277644,1775042595934014523,0.000000,0.736879,0.736879,200
1775042595933326280,1775042595934014523,1775042595934704031,0.688243,0.689508,1.377751,200
1775042595939787260,1775042595939787260,1775042595941737255,0.000000,1.949995,1.949995,200
1775042595947978498,1775042595947978498,1775042595948808831,0.000000,0.830333,0.830333,200
1775042595948344337,1775042595948808831,1775042595949941581,0.464494,1.132750,1.597244,200
1775042595950833080,1775042595950833080,1775042595951473640,0.000000,0.640560,0.640560,200
1775042595953721217,1775042595953721217,1775042595954869055,0.000000,1.147838,1.147838,200
1775042595955060322,1775042595955060322,1775042595955790107,0.000000,0.729785,0.729785,200
1775042595958873729,1775042595958873729,1775042595959762487,0.000000,0.888758,0.888758,200
1775042595970511171,1775042595970511171,1775042595972568806,0.000000,2.057635,2.057635,200
1775042595971150999,1775042595972568806,1775042595973200727,1.417807,0.631921,2.049728,200
1775042596002937125,1775042596002937125,1775042596003698943,0.000000,0.761818,0.761818,200
1775042596006696587,1775042596006696587,1775042596007342228,0.000000,0.645641,0.645641,200
1775042596006768228,1775042596007342228,1775042596008245092,0.574000,0.902864,1.476864,200
1775042596013986505,1775042596013986505,1775042596014849750,0.000000,0.863245,0.863245,200
1775042596014134105,1775042596014849750,1775042596015746786,0.715645,0.897036,1.612681,200
1775042596014230895,1775042596015746786,1775042596016325265,1.515891,0.578479,2.094370,200
1775042596014304300,1775042596016325265,1775042596016990372,2.020965,0.665107,2.686072,200
1775042596014339038,1775042596016990372,1775042596017686521,2.651334,0.696149,3.347483,200
1775042596019176674,1775042596019176674,1775042596020131786,0.000000,0.955112,0.955112,200
1775042596029038219,1775042596029038219,1775042596030319478,0.000000,1.281259,1.281259,200
1775042596035085579,1775042596035085579,1775042596035844120,0.000000,0.758541,0.758541,200
1775042596039069526,1775042596039069526,1775042596039794472,0.000000,0.724946,0.724946,200
1775042596040859556,1775042596040859556,1775042596041389028,0.000000,0.529472,0.529472,200
1775042596041945271,1775042596041945271,1775042596042556124,0.000000,0.610853,0.610853,200
1775042596048923097,1775042596048923097,1775042596049593024,0.000000,0.669927,0.669927,200
1775042596053802571,1775042596053802571,1775042596054226305,0.000000,0.423734,0.423734,200
1775042596053965140,1775042596054226305,1775042596054942092,0.261165,0.715787,0.976952,200
1775042596072269402,1775042596072269402,1775042596072664545,0.000000,0.395143,0.395143,200
1775042596102280897,1775042596102280897,1775042596102807412,0.000000,0.526515,0.526515,200
1775042596104040266,1775042596104040266,1775042596104601971,0.000000,0.561705,0.561705,200
1775042596104092308,1775042596104601971,1775042596105657576,0.509663,1.055605,1.565268,200
1775042596114317723,1775042596114317723,1775042596114914738,0.000000,0.597015,0.597015,200
1775042596142588341,1775042596142588341,1775042596143438901,0.000000,0.850560,0.850560,200
1775042596147787148,1775042596147787148,1775042596149574924,0.000000,1.787776,1.787776,200
1775042596148677027,1775042596149574924,1775042596153617097,0.897897,4.042173,4.940070,200
1775042596151280870,1775042596153617097,1775042596154136201,2.336227,0.519104,2.855331,200
1775042596157309342,1775042596157309342,1775042596157867760,0.000000,0.558418,0.558418,200
1775042596158264450,1775042596158264450,1775042596158772172,0.000000,0.507722,0.507722,200
1775042596163373897,1775042596163373897,1775042596164601173,0.000000,1.227276,1.227276,200
1775042596165217121,1775042596165217121,1775042596165853242,0.000000,0.636121,0.636121,200
1775042596172654434,1775042596172654434,1775042596173124579,0.000000,0.470145,0.470145,200
1775042596174965588,1775042596174965588,1775042596175602460,0.000000,0.636872,0.636872,200
1775042596176586014,1775042596176586014,1775042596177174635,0.000000,0.588621,0.588621,200
1775042596176737702,1775042596177174635,1775042596177867257,0.436933,0.692622,1.129555,200
1775042596178003161,1775042596178003161,1775042596178918512,0.000000,0.915351,0.915351,200
1775042596181318018,1775042596181318018,1775042596182285733,0.000000,0.967715,0.967715,200
1775042596182267986,1775042596182285733,1775042596183019939,0.017747,0.734206,0.751953,200
1775042596183605897,1775042596183605897,1775042596184389031,0.000000,0.783134,0.783134,200
1775042596186182692,1775042596186182692,1775042596186793224,0.000000,0.610532,0.610532,200
1775042596188318141,1775042596188318141,1775042596188768596,0.000000,0.450455,0.450455,200
1775042596195268937,1775042596195268937,1775042596196225809,0.000000,0.956872,0.956872,200
1775042596196257501,1775042596196257501,1775042596196946216,0.000000,0.688715,0.688715,200
1775042596287267299,1775042596287267299,1775042596288018586,0.000000,0.751287,0.751287,200
1775042596292401684,1775042596292401684,1775042596294348027,0.000000,1.946343,1.946343,200
1775042596293640316,1775042596294348027,1775042596294845686,0.707711,0.497659,1.205370,200
1775042596304237706,1775042596304237706,1775042596304892674,0.000000,0.654968,0.654968,200
1775042596305528374,1775042596305528374,1775042596306158320,0.000000,0.629946,0.629946,200
1775042596322481225,1775042596322481225,1775042596323247857,0.000000,0.766632,0.766632,200
1775042596329591565,1775042596329591565,1775042596330341239,0.000000,0.749674,0.749674,200
1775042596340950008,1775042596340950008,1775042596341990184,0.000000,1.040176,1.040176,200
1775042596348348672,1775042596348348672,1775042596349283648,0.000000,0.934976,0.934976,200
1775042596380449085,1775042596380449085,1775042596381103852,0.000000,0.654767,0.654767,200
1775042596390675867,1775042596390675867,1775042596392140542,0.000000,1.464675,1.464675,200
1775042596390887282,1775042596392140542,1775042596395975523,1.253260,3.834981,5.088241,200
1775042596390923383,1775042596395975523,1775042596397364264,5.052140,1.388741,6.440881,200
1775042596397156459,1775042596397364264,1775042596398090261,0.207805,0.725997,0.933802,200
1775042596397659177,1775042596398090261,1775042596398635813,0.431084,0.545552,0.976636,200
1775042596401373871,1775042596401373871,1775042596401885229,0.000000,0.511358,0.511358,200
1775042596417289893,1775042596417289893,1775042596418093945,0.000000,0.804052,0.804052,200
1775042596421869573,1775042596421869573,1775042596422734684,0.000000,0.865111,0.865111,200
1775042596425291031,1775042596425291031,1775042596426130398,0.000000,0.839367,0.839367,200
1775042596430176129,1775042596430176129,1775042596434714542,0.000000,4.538413,4.538413,200
1775042596437594726,1775042596437594726,1775042596438399038,0.000000,0.804312,0.804312,200
1775042596438294010,1775042596438399038,1775042596439010229,0.105028,0.611191,0.716219,200
1775042596438934137,1775042596439010229,1775042596439539840,0.076092,0.529611,0.605703,200
1775042596445126985,1775042596445126985,1775042596445836711,0.000000,0.709726,0.709726,200
1775042596445207313,1775042596445836711,1775042596446394527,0.629398,0.557816,1.187214,200
1775042596445463917,1775042596446394527,1775042596447225661,0.930610,0.831134,1.761744,200
1775042596467737992,1775042596467737992,1775042596468479132,0.000000,0.741140,0.741140,200
1775042596467795605,1775042596468479132,1775042596469206274,0.683527,0.727142,1.410669,200
1775042596497556358,1775042596497556358,1775042596498296356,0.000000,0.739998,0.739998,200
1775042596497658299,1775042596498296356,1775042596499043625,0.638057,0.747269,1.385326,200
1775042596498936913,1775042596499043625,1775042596501322738,0.106712,2.279113,2.385825,200
1775042596574957140,1775042596574957140,1775042596576610652,0.000000,1.653512,1.653512,200
1775042596576405935,1775042596576610652,1775042596577391207,0.204717,0.780555,0.985272,200
1775042596580688836,1775042596580688836,1775042596581274117,0.000000,0.585281,0.585281,200
1775042596603315807,1775042596603315807,1775042596604065181,0.000000,0.749374,0.749374,200
1775042596610522414,1775042596610522414,1775042596611300873,0.000000,0.778459,0.778459,200
1775042596610602261,1775042596611300873,1775042596612284763,0.698612,0.983890,1.682502,200
1775042596611783953,1775042596612284763,1775042596613706688,0.500810,1.421925,1.922735,200
1775042596616189589,1775042596616189589,1775042596616855823,0.000000,0.666234,0.666234,200
1775042596618014968,1775042596618014968,1775042596618623568,0.000000,0.608600,0.608600,200
1775042596618094214,1775042596618623568,1775042596619124153,0.529354,0.500585,1.029939,200
1775042596629021258,1775042596629021258,1775042596629635795,0.000000,0.614537,0.614537,200
1775042596629584145,1775042596629635795,1775042596630400637,0.051650,0.764842,0.816492,200
1775042596629710503,1775042596630400637,1775042596631308789,0.690134,0.908152,1.598286,200
1775042596645524312,1775042596645524312,1775042596646563576,0.000000,1.039264,1.039264,200
1775042596646709141,1775042596646709141,1775042596647344601,0.000000,0.635460,0.635460,200
1775042596646809518,1775042596647344601,1775042596647781791,0.535083,0.437190,0.972273,200
1775042596659427030,1775042596659427030,1775042596659985826,0.000000,0.558796,0.558796,200
1775042596659697111,1775042596659985826,1775042596660409560,0.288715,0.423734,0.712449,200
1775042596660654443,1775042596660654443,1775042596668504332,0.000000,7.849889,7.849889,200
1775042596676301398,1775042596676301398,1775042596677125771,0.000000,0.824373,0.824373,200
1775042596682952786,1775042596682952786,1775042596683617893,0.000000,0.665107,0.665107,200
1775042596691285479,1775042596691285479,1775042596692845217,0.000000,1.559738,1.559738,200
1775042596695468289,1775042596695468289,1775042596696255246,0.000000,0.786957,0.786957,200
1775042596696464578,1775042596696464578,1775042596697334919,0.000000,0.870341,0.870341,200
1775042596696579884,1775042596697334919,1775042596699376551,0.755035,2.041632,2.796667,200
1775042596697795194,1775042596699376551,1775042596700028402,1.581357,0.651851,2.233208,200
1775042596699045292,1775042596700028402,1775042596700718959,0.983110,0.690557,1.673667,200
1775042596700107771,1775042596700718959,1775042596704553940,0.611188,3.834981,4.446169,200
1775042596706561660,1775042596706561660,1775042596707170846,0.000000,0.609186,0.609186,200
1775042596709266141,1775042596709266141,1775042596710099329,0.000000,0.833188,0.833188,200
1775042596720870303,1775042596720870303,1775042596722777015,0.000000,1.906712,1.906712,200
1775042596720978064,1775042596722777015,1775042596723774601,1.798951,0.997586,2.796537,200
1775042596725649099,1775042596725649099,1775042596726474443,0.000000,0.825344,0.825344,200
1775042596746030755,1775042596746030755,1775042596746632516,0.000000,0.601761,0.601761,200
1775042596760832094,1775042596760832094,1775042596761529134,0.000000,0.697040,0.697040,200
1775042596775881605,1775042596775881605,1775042596776589559,0.000000,0.707954,0.707954,200
1775042596796705838,1775042596796705838,1775042596798055809,0.000000,1.349971,1.349971,200
1775042596812695980,1775042596812695980,1775042596813409433,0.000000,0.713453,0.713453,200
1775042596840530466,1775042596840530466,1775042596842404536,0.000000,1.874070,1.874070,200
1775042596840622658,1775042596842404536,1775042596843078120,1.781878,0.673584,2.455462,200
1775042596873875858,1775042596873875858,1775042596874535074,0.000000,0.659216,0.659216,200
1775042596881542250,1775042596881542250,1775042596882258527,0.000000,0.716277,0.716277,200
1775042596890505681,1775042596890505681,1775042596891253369,0.000000,0.747688,0.747688,200
1775042596891882107,1775042596891882107,1775042596892613917,0.000000,0.731810,0.731810,200
1775042596911079132,1775042596911079132,1775042596911718422,0.000000,0.639290,0.639290,200
1775042596912839954,1775042596912839954,1775042596913616944,0.000000,0.776990,0.776990,200
1775042596915030581,1775042596915030581,1775042596915869856,0.000000,0.839275,0.839275,200
1775042596915101100,1775042596915869856,1775042596916646513,0.768756,0.776657,1.545413,200
1775042596918135857,1775042596918135857,1775042596919636437,0.000000,1.500580,1.500580,200
1775042596940856543,1775042596940856543,1775042596941434440,0.000000,0.577897,0.577897,200
1775042596943337347,1775042596943337347,1775042596943929100,0.000000,0.591753,0.591753,200
1775042596947269538,1775042596947269538,1775042596947921070,0.000000,0.651532,0.651532,200
1775042596951068472,1775042596951068472,1775042596952001774,0.000000,0.933302,0.933302,200
1775042596988749014,1775042596988749014,1775042596989271502,0.000000,0.522488,0.522488,200
1775042596988840745,1775042596989271502,1775042596989855839,0.430757,0.584337,1.015094,200
1775042596993957186,1775042596993957186,1775042596994949157,0.000000,0.991971,0.991971,200
1775042596997196647,1775042596997196647,1775042596998039707,0.000000,0.843060,0.843060,200
1775042596999224383,1775042596999224383,1775042596999954830,0.000000,0.730447,0.730447,200
1775042597010118301,1775042597010118301,1775042597010960878,0.000000,0.842577,0.842577,200
1775042597017584141,1775042597017584141,1775042597020815157,0.000000,3.231016,3.231016,200
1775042597027925770,1775042597027925770,1775042597028572175,0.000000,0.646405,0.646405,200
1775042597030522789,1775042597030522789,1775042597031970980,0.000000,1.448191,1.448191,200
1775042597057192795,1775042597057192795,1775042597057799208,0.000000,0.606413,0.606413,200
1775042597058605042,1775042597058605042,1775042597059407169,0.000000,0.802127,0.802127,200
1775042597060467003,1775042597060467003,1775042597061114469,0.000000,0.647466,0.647466,200
1775042597061997432,1775042597061997432,1775042597062467576,0.000000,0.470144,0.470144,200
1775042597065380872,1775042597065380872,1775042597066254520,0.000000,0.873648,0.873648,200
1775042597068623121,1775042597068623121,1775042597070557359,0.000000,1.934238,1.934238,200
1775042597068755190,1775042597070557359,1775042597071595019,1.802169,1.037660,2.839829,200
1775042597111250781,1775042597111250781,1775042597112166267,0.000000,0.915486,0.915486,200
1775042597113286243,1775042597113286243,1775042597116031301,0.000000,2.745058,2.745058,200
1775042597116094933,1775042597116094933,1775042597116905689,0.000000,0.810756,0.810756,200
1775042597116145202,1775042597116905689,1775042597117598901,0.760487,0.693212,1.453699,200
1775042597136616884,1775042597136616884,1775042597137248006,0.000000,0.631122,0.631122,200
1775042597139593817,1775042597139593817,1775042597140846357,0.000000,1.252540,1.252540,200
1775042597140758338,1775042597140846357,1775042597141683523,0.088019,0.837166,0.925185,200
1775042597141295364,1775042597141683523,1775042597142953828,0.388159,1.270305,1.658464,200
1775042597141365312,1775042597142953828,1775042597143840526,1.588516,0.886698,2.475214,200
1775042597143029384,1775042597143840526,1775042597144651170,0.811142,0.810644,1.621786,200
1775042597143233305,1775042597144651170,1775042597145262372,1.417865,0.611202,2.029067,200
1775042597143756283,1775042597145262372,1775042597146434116,1.506089,1.171744,2.677833,200
1775042597183022056,1775042597183022056,1775042597183715731,0.000000,0.693675,0.693675,200
1775042597185615543,1775042597185615543,1775042597186121609,0.000000,0.506066,0.506066,200
1775042597189272742,1775042597189272742,1775042597190039641,0.000000,0.766899,0.766899,200
1775042597189531500,1775042597190039641,1775042597190758314,0.508141,0.718673,1.226814,200
1775042597189582040,1775042597190758314,1775042597192428829,1.176274,1.670515,2.846789,200
1775042597191780773,1775042597192428829,1775042597193063074,0.648056,0.634245,1.282301,200
1775042597191852574,1775042597193063074,1775042597193792198,1.210500,0.729124,1.939624,200
1775042597191912311,1775042597193792198,1775042597194358392,1.879887,0.566194,2.446081,200
1775042597247105412,1775042597247105412,1775042597248729780,0.000000,1.624368,1.624368,200
1775042597340825288,1775042597340825288,1775042597341587697,0.000000,0.762409,0.762409,200
1775042597340868704,1775042597341587697,1775042597342062782,0.718993,0.475085,1.194078,200
1775042597355897742,1775042597355897742,1775042597356439161,0.000000,0.541419,0.541419,200
1775042597358186766,1775042597358186766,1775042597362148020,0.000000,3.961254,3.961254,200
1775042597371706684,1775042597371706684,1775042597372683626,0.000000,0.976942,0.976942,200
1775042597371790378,1775042597372683626,1775042597374726481,0.893248,2.042855,2.936103,200
1775042597373137870,1775042597374726481,1775042597375544400,1.588611,0.817919,2.406530,200
1775042597373208288,1775042597375544400,1775042597376345944,2.336112,0.801544,3.137656,200
1775042597374781541,1775042597376345944,1775042597381751960,1.564403,5.406016,6.970419,200
1775042597377988306,1775042597381751960,1775042597382438003,3.763654,0.686043,4.449697,200
1775042597418951977,1775042597418951977,1775042597419844472,0.000000,0.892495,0.892495,200
1775042597423477725,1775042597423477725,1775042597424153032,0.000000,0.675307,0.675307,200
1775042597441058011,1775042597441058011,1775042597441874256,0.000000,0.816245,0.816245,200
1775042597441131495,1775042597441874256,1775042597442674900,0.742761,0.800644,1.543405,200
1775042597444980403,1775042597444980403,1775042597445868805,0.000000,0.888402,0.888402,200
1775042597457012973,1775042597457012973,1775042597458023149,0.000000,1.010176,1.010176,200
1775042597457316760,1775042597458023149,1775042597462208495,0.706389,4.185346,4.891735,200
1775042597480007140,1775042597480007140,1775042597482914384,0.000000,2.907244,2.907244,200
1775042597480098239,1775042597482914384,1775042597484398982,2.816145,1.484598,4.300743,200
1775042597487478422,1775042597487478422,1775042597488174521,0.000000,0.696099,0.696099,200
1775042597487550704,1775042597488174521,1775042597488927757,0.623817,0.753236,1.377053,200
1775042597488417164,1775042597488927757,1775042597489689506,0.510593,0.761749,1.272342,200
1775042597488483224,1775042597489689506,1775042597490333941,1.206282,0.644435,1.850717,200
1775042597489177573,1775042597490333941,1775042597490740922,1.156368,0.406981,1.563349,200
1775042597505806458,1775042597505806458,1775042597508420283,0.000000,2.613825,2.613825,200
1775042597505850194,1775042597508420283,1775042597508806652,2.570089,0.386369,2.956458,200
1775042597507922596,1775042597508806652,1775042597509395680,0.884056,0.589028,1.473084,200
1775042597536727469,1775042597536727469,1775042597537397589,0.000000,0.670120,0.670120,200
1775042597539285793,1775042597539285793,1775042597539976301,0.000000,0.690508,0.690508,200
1775042597539401911,1775042597539976301,1775042597541349068,0.574390,1.372767,1.947157,200
1775042597564076264,1775042597564076264,1775042597572916190,0.000000,8.839926,8.839926,200
1775042597564334258,1775042597572916190,1775042597573766317,8.581932,0.850127,9.432059,200
1775042597624261295,1775042597624261295,1775042597624938308,0.000000,0.677013,0.677013,200
1775042597635806343,1775042597635806343,1775042597636428791,0.000000,0.622448,0.622448,200
1775042597638245440,1775042597638245440,1775042597638894006,0.000000,0.648566,0.648566,200
1775042597649468979,1775042597649468979,1775042597650665672,0.000000,1.196693,1.196693,200
1775042597651118463,1775042597651118463,1775042597651983574,0.000000,0.865111,0.865111,200
1775042597651244971,1775042597651983574,1775042597652774840,0.738603,0.791266,1.529869,200
1775042597653181910,1775042597653181910,1775042597654089845,0.000000,0.907935,0.907935,200
1775042597666813331,1775042597666813331,1775042597667577459,0.000000,0.764128,0.764128,200
1775042597666882517,1775042597667577459,1775042597668119375,0.694942,0.541916,1.236858,200
1775042597667119964,1775042597668119375,1775042597668821635,0.999411,0.702260,1.701671,200
1775042597669236926,1775042597669236926,1775042597670021259,0.000000,0.784333,0.784333,200
1775042597670335887,1775042597670335887,1775042597671061845,0.000000,0.725958,0.725958,200
1775042597675451712,1775042597675451712,1775042597676575651,0.000000,1.123939,1.123939,200
1775042597719673883,1775042597719673883,1775042597720502724,0.000000,0.828841,0.828841,200
1775042597721384787,1775042597721384787,1775042597721806878,0.000000,0.422091,0.422091,200
1775042597723686402,1775042597723686402,1775042597725216260,0.000000,1.529858,1.529858,200
1775042597737703651,1775042597737703651,1775042597738311046,0.000000,0.607395,0.607395,200
1775042597757936883,1775042597757936883,1775042597759354635,0.000000,1.417752,1.417752,200
1775042597769777003,1775042597769777003,1775042597770517539,0.000000,0.740536,0.740536,200
1775042597773833808,1775042597773833808,1775042597774534687,0.000000,0.700879,0.700879,200
1775042597776361168,1775042597776361168,1775042597777845766,0.000000,1.484598,1.484598,200
1775042597779051405,1775042597779051405,1775042597779763926,0.000000,0.712521,0.712521,200
1775042597784133210,1775042597784133210,1775042597784774779,0.000000,0.641569,0.641569,200
1775042597790527178,1775042597790527178,1775042597797685908,0.000000,7.158730,7.158730,200
1775042597791910138,1775042597797685908,1775042597798312560,5.775770,0.626652,6.402422,200
1775042597793152220,1775042597798312560,1775042597799065550,5.160340,0.752990,5.913330,200
1775042597803713426,1775042597803713426,1775042597804574199,0.000000,0.860773,0.860773,200
1775042597805503135,1775042597805503135,1775042597806231790,0.000000,0.728655,0.728655,200
1775042597808934383,1775042597808934383,1775042597809344961,0.000000,0.410578,0.410578,200
1775042597811335303,1775042597811335303,1775042597811782193,0.000000,0.446890,0.446890,200
1775042597820852434,1775042597820852434,1775042597821629934,0.000000,0.777500,0.777500,200
1775042597820955788,1775042597821629934,1775042597822349079,0.674146,0.719145,1.393291,200
1775042597827529413,1775042597827529413,1775042597828457502,0.000000,0.928089,0.928089,200
1775042597831479910,1775042597831479910,1775042597832064861,0.000000,0.584951,0.584951,200
1775042597843599735,1775042597843599735,1775042597845006662,0.000000,1.406927,1.406927,200
1775042597845342302,1775042597845342302,1775042597846461970,0.000000,1.119668,1.119668,200
1775042597847288057,1775042597847288057,1775042597847875592,0.000000,0.587535,0.587535,200
1775042597851099375,1775042597851099375,1775042597851894077,0.000000,0.794702,0.794702,200
1775042597854877072,1775042597854877072,1775042597855757012,0.000000,0.879940,0.879940,200
1775042597855353178,1775042597855757012,1775042597856214372,0.403834,0.457360,0.861194,200
1775042597868214684,1775042597868214684,1775042597868935631,0.000000,0.720947,0.720947,200
1775042597883428219,1775042597883428219,1775042597884230346,0.000000,0.802127,0.802127,200
1775042597885626531,1775042597885626531,1775042597886376125,0.000000,0.749594,0.749594,200
1775042597888706547,1775042597888706547,1775042597890252561,0.000000,1.546014,1.546014,200
1775042597889086113,1775042597890252561,1775042597891091571,1.166448,0.839010,2.005458,200
1775042597904131349,1775042597904131349,1775042597904941307,0.000000,0.809958,0.809958,200
1775042597904556210,1775042597904941307,1775042597905739838,0.385097,0.798531,1.183628,200
1775042597907662526,1775042597907662526,1775042597908476938,0.000000,0.814412,0.814412,200
1775042597920660999,1775042597920660999,1775042597921720230,0.000000,1.059231,1.059231,200
1775042597924477326,1775042597924477326,1775042597924933561,0.000000,0.456235,0.456235,200
1775042597937437508,1775042597937437508,1775042597937985268,0.000000,0.547760,0.547760,200
1775042597951847240,1775042597951847240,1775042597952607124,0.000000,0.759884,0.759884,200
1775042597951895525,1775042597952607124,1775042597953143041,0.711599,0.535917,1.247516,200
1775042597955250140,1775042597955250140,1775042597956154382,0.000000,0.904242,0.904242,200
1775042597955340007,1775042597956154382,1775042597956921991,0.814375,0.767609,1.581984,200
1775042597956665681,1775042597956921991,1775042597957590215,0.256310,0.668224,0.924534,200
1775042597957628306,1775042597957628306,1775042597959187159,0.000000,1.558853,1.558853,200
1775042597997908763,1775042597997908763,1775042597999246324,0.000000,1.337561,1.337561,200
1775042598002369684,1775042598002369684,1775042598003032877,0.000000,0.663193,0.663193,200
1775042598002517736,1775042598003032877,1775042598003716862,0.515141,0.683985,1.199126,200
1775042598002567453,1775042598003716862,1775042598004559049,1.149409,0.842187,1.991596,200
1775042598003287379,1775042598004559049,1775042598005290647,1.271670,0.731598,2.003268,200
1775042598003348810,1775042598005290647,1775042598005978401,1.941837,0.687754,2.629591,200
1775042598007269578,1775042598007269578,1775042598007675314,0.000000,0.405736,0.405736,200
1775042598008466138,1775042598008466138,1775042598009804208,0.000000,1.338070,1.338070,200
1775042598013924789,1775042598013924789,1775042598014320670,0.000000,0.395881,0.395881,200
1775042598021880992,1775042598021880992,1775042598022563222,0.000000,0.682230,0.682230,200
1775042598042989905,1775042598042989905,1775042598043654580,0.000000,0.664675,0.664675,200
1775042598045911274,1775042598045911274,1775042598046626398,0.000000,0.715124,0.715124,200
1775042598045983987,1775042598046626398,1775042598047610734,0.642411,0.984336,1.626747,200
1775042598100225102,1775042598100225102,1775042598100858151,0.000000,0.633049,0.633049,200
1775042598106496913,1775042598106496913,1775042598107866766,0.000000,1.369853,1.369853,200
1775042598108866342,1775042598108866342,1775042598109454089,0.000000,0.587747,0.587747,200
1775042598113956089,1775042598113956089,1775042598114473918,0.000000,0.517829,0.517829,200
1775042598122914905,1775042598122914905,1775042598123659509,0.000000,0.744604,0.744604,200
1775042598122979221,1775042598123659509,1775042598124377360,0.680288,0.717851,1.398139,200
1775042598123026795,1775042598124377360,1775042598124945876,1.350565,0.568516,1.919081,200
1775042598139118582,1775042598139118582,1775042598139856893,0.000000,0.738311,0.738311,200
1775042598139638726,1775042598139856893,1775042598141189463,0.218167,1.332570,1.550737,200
1775042598140971702,1775042598141189463,1775042598141652623,0.217761,0.463160,0.680921,200
1775042598141380025,1775042598141652623,1775042598142786733,0.272598,1.134110,1.406708,200
1775042598165056757,1775042598165056757,1775042598165883544,0.000000,0.826787,0.826787,200
1775042598165186813,1775042598165883544,1775042598166358700,0.696731,0.475156,1.171887,200
1775042598178029956,1775042598178029956,1775042598178667630,0.000000,0.637674,0.637674,200
1775042598187715479,1775042598187715479,1775042598188527654,0.000000,0.812175,0.812175,200
1775042598192688169,1775042598192688169,1775042598193410171,0.000000,0.722002,0.722002,200
1775042598192925552,1775042598193410171,1775042598194443530,0.484619,1.033359,1.517978,200
1775042598193434126,1775042598194443530,1775042598195205279,1.009404,0.761749,1.771153,200
1775042598194090606,1775042598195205279,1775042598195867792,1.114673,0.662513,1.777186,200
1775042598218564264,1775042598218564264,1775042598219250835,0.000000,0.686571,0.686571,200
1775042598241982048,1775042598241982048,1775042598242412947,0.000000,0.430899,0.430899,200
1775042598248174017,1775042598248174017,1775042598249255867,0.000000,1.081850,1.081850,200
1775042598337566446,1775042598337566446,1775042598338346828,0.000000,0.780382,0.780382,200
1775042598400772863,1775042598400772863,1775042598404222482,0.000000,3.449619,3.449619,200
1775042598425710815,1775042598425710815,1775042598426231597,0.000000,0.520782,0.520782,200
1775042598428655911,1775042598428655911,1775042598430879225,0.000000,2.223314,2.223314,200
1775042598435502407,1775042598435502407,1775042598436222212,0.000000,0.719805,0.719805,200
1775042598436818761,1775042598436818761,1775042598437700061,0.000000,0.881300,0.881300,200
1775042598444038871,1775042598444038871,1775042598446316342,0.000000,2.277471,2.277471,200
1775042598481076029,1775042598481076029,1775042598481719281,0.000000,0.643252,0.643252,200
1775042598483588470,1775042598483588470,1775042598484381850,0.000000,0.793380,0.793380,200
1775042598488696953,1775042598488696953,1775042598489495649,0.000000,0.798696,0.798696,200
1775042598489809139,1775042598489809139,1775042598490425900,0.000000,0.616761,0.616761,200
1775042598493745649,1775042598493745649,1775042598495132206,0.000000,1.386557,1.386557,200
1775042598525669243,1775042598525669243,1775042598526509348,0.000000,0.840105,0.840105,200
1775042598549520439,1775042598549520439,1775042598553711116,0.000000,4.190677,4.190677,200
1775042598558095729,1775042598558095729,1775042598561045028,0.000000,2.949299,2.949299,200
1775042598558222197,1775042598561045028,1775042598561994745,2.822831,0.949717,3.772548,200
1775042598558267757,1775042598561994745,1775042598562966867,3.726988,0.972122,4.699110,200
1775042598558303598,1775042598562966867,1775042598564155382,4.663269,1.188515,5.851784,200
1775042598583513035,1775042598583513035,1775042598584319211,0.000000,0.806176,0.806176,200
1775042598583576911,1775042598584319211,1775042598585105172,0.742300,0.785961,1.528261,200
1775042598587884320,1775042598587884320,1775042598590274837,0.000000,2.390517,2.390517,200
1775042598596157164,1775042598596157164,1775042598609249903,0.000000,13.092739,13.092739,200
1775042598596204797,1775042598609249903,1775042598609918107,13.045106,0.668204,13.713310,200
1775042598596776172,1775042598609918107,1775042598610583345,13.141935,0.665238,13.807173,200
1775042598614667037,1775042598614667037,1775042598616048918,0.000000,1.381881,1.381881,200
1775042598616768448,1775042598616768448,1775042598617483455,0.000000,0.715007,0.715007,200
1775042598631696089,1775042598631696089,1775042598632331900,0.000000,0.635811,0.635811,200
1775042598631757119,1775042598632331900,1775042598633086391,0.574781,0.754491,1.329272,200
1775042598635741853,1775042598635741853,1775042598636393943,0.000000,0.652090,0.652090,200
1775042598635927749,1775042598636393943,1775042598636961458,0.466194,0.567515,1.033709,200
1775042598654508906,1775042598654508906,1775042598655548575,0.000000,1.039669,1.039669,200
1775042598658439245,1775042598658439245,1775042598659104412,0.000000,0.665167,0.665167,200
1775042598671856640,1775042598671856640,1775042598672769579,0.000000,0.912939,0.912939,200
1775042598689775196,1775042598689775196,1775042598693823567,0.000000,4.048371,4.048371,200
1775042598689846005,1775042598693823567,1775042598696729855,3.977562,2.906288,6.883850,200
1775042598691254524,1775042598696729855,1775042598697278424,5.475331,0.548569,6.023900,200
1775042598708796705,1775042598708796705,1775042598712369741,0.000000,3.573036,3.573036,200
1775042598710641783,1775042598712369741,1775042598712976482,1.727958,0.606741,2.334699,200
1775042598714825985,1775042598714825985,1775042598715459070,0.000000,0.633085,0.633085,200
1775042598718707737,1775042598718707737,1775042598719520968,0.000000,0.813231,0.813231,200
1775042598718858674,1775042598719520968,1775042598720209131,0.662294,0.688163,1.350457,200
1775042598719334269,1775042598720209131,1775042598720821815,0.874862,0.612684,1.487546,200
1775042598736761924,1775042598736761924,1775042598738287163,0.000000,1.525239,1.525239,200
1775042598739463105,1775042598739463105,1775042598740148433,0.000000,0.685328,0.685328,200
1775042598749420282,1775042598749420282,1775042598750553487,0.000000,1.133205,1.133205,200
1775042598763561205,1775042598763561205,1775042598764208446,0.000000,0.647241,0.647241,200
1775042598793243666,1775042598793243666,1775042598794076367,0.000000,0.832701,0.832701,200
1775042598794559282,1775042598794559282,1775042598794973278,0.000000,0.413996,0.413996,200
1775042598795810753,1775042598795810753,1775042598796678168,0.000000,0.867415,0.867415,200
1775042598797333026,1775042598797333026,1775042598798692394,0.000000,1.359368,1.359368,200
1775042598811753149,1775042598811753149,1775042598813218050,0.000000,1.464901,1.464901,200
1775042598816108623,1775042598816108623,1775042598816703242,0.000000,0.594619,0.594619,200
1775042598816221224,1775042598816703242,1775042598817620165,0.482018,0.916923,1.398941,200
1775042598846849473,1775042598846849473,1775042598847619467,0.000000,0.769994,0.769994,200
1775042598848153717,1775042598848153717,1775042598848851411,0.000000,0.697694,0.697694,200
1775042598849226065,1775042598849226065,1775042598853493728,0.000000,4.267663,4.267663,200
1775042598850283625,1775042598853493728,1775042598859967379,3.210103,6.473651,9.683754,200
1775042598864540235,1775042598864540235,1775042598865150426,0.000000,0.610191,0.610191,200
1775042598865305641,1775042598865305641,1775042598866050847,0.000000,0.745206,0.745206,200
1775042598905882815,1775042598905882815,1775042598906538053,0.000000,0.655238,0.655238,200
1775042598913010779,1775042598913010779,1775042598913480924,0.000000,0.470145,0.470145,200
1775042598921203163,1775042598921203163,1775042598922036113,0.000000,0.832950,0.832950,200
1775042598934096757,1775042598934096757,1775042598934530538,0.000000,0.433781,0.433781,200
1775042598934503105,1775042598934530538,1775042598935213745,0.027433,0.683207,0.710640,200
1775042598946662660,1775042598946662660,1775042598947162145,0.000000,0.499485,0.499485,200
1775042598972000507,1775042598972000507,1775042598972465382,0.000000,0.464875,0.464875,200
1775042598972075455,1775042598972465382,1775042598973208187,0.389927,0.742805,1.132732,200
1775042598972127998,1775042598973208187,1775042598973820832,1.080189,0.612645,1.692834,200
1775042598984678285,1775042598984678285,1775042598985430005,0.000000,0.751720,0.751720,200
1775042599018284748,1775042599018284748,1775042599019548722,0.000000,1.263974,1.263974,200
1775042599019587380,1775042599019587380,1775042599020227408,0.000000,0.640028,0.640028,200
1775042599019639352,1775042599020227408,1775042599021461101,0.588056,1.233693,1.821749,200
1775042599019678348,1775042599021461101,1775042599022146369,1.782753,0.685268,2.468021,200
1775042599032637257,1775042599032637257,1775042599033344055,0.000000,0.706798,0.706798,200
1775042599058089712,1775042599058089712,1775042599058533435,0.000000,0.443723,0.443723,200
1775042599071383672,1775042599071383672,1775042599072513644,0.000000,1.129972,1.129972,200
1775042599073662844,1775042599073662844,1775042599074911479,0.000000,1.248635,1.248635,200
1775042599073780084,1775042599074911479,1775042599075732975,1.131395,0.821496,1.952891,200
1775042599078589099,1775042599078589099,1775042599079026742,0.000000,0.437643,0.437643,200
1775042599093726602,1775042599093726602,1775042599094613105,0.000000,0.886503,0.886503,200
1775042599095463157,1775042599095463157,1775042599100460541,0.000000,4.997384,4.997384,200
1775042599096970100,1775042599100460541,1775042599101654545,3.490441,1.194004,4.684445,200
1775042599099181117,1775042599101654545,1775042599102366663,2.473428,0.712118,3.185546,200
1775042599114792738,1775042599114792738,1775042599115561872,0.000000,0.769134,0.769134,200
1775042599119774694,1775042599119774694,1775042599121354665,0.000000,1.579971,1.579971,200
1775042599120486175,1775042599121354665,1775042599122488521,0.868490,1.133856,2.002346,200
1775042599134205688,1775042599134205688,1775042599134637436,0.000000,0.431748,0.431748,200
1775042599142287279,1775042599142287279,1775042599153004865,0.000000,10.717586,10.717586,200
1775042599142537020,1775042599153004865,1775042599154118475,10.467845,1.113610,11.581455,200
1775042599149040768,1775042599154118475,1775042599154872462,5.077707,0.753987,5.831694,200
1775042599152371937,1775042599154872462,1775042599155558791,2.500525,0.686329,3.186854,200
1775042599154780333,1775042599155558791,1775042599156886190,0.778458,1.327399,2.105857,200
1775042599156256806,1775042599156886190,1775042599158378479,0.629384,1.492289,2.121673,200
1775042599166234352,1775042599166234352,1775042599170387574,0.000000,4.153222,4.153222,200
1775042599169000701,1775042599170387574,1775042599171163151,1.386873,0.775577,2.162450,200
1775042599172509169,1775042599172509169,1775042599172935097,0.000000,0.425928,0.425928,200
1775042599173890996,1775042599173890996,1775042599174543005,0.000000,0.652009,0.652009,200
1775042599175956056,1775042599175956056,1775042599176904971,0.000000,0.948915,0.948915,200
1775042599179508117,1775042599179508117,1775042599180419745,0.000000,0.911628,0.911628,200
1775042599183230499,1775042599183230499,1775042599189706561,0.000000,6.476062,6.476062,200
1775042599187414927,1775042599189706561,1775042599190856368,2.291634,1.149807,3.441441,200
1775042599192963642,1775042599192963642,1775042599193684461,0.000000,0.720819,0.720819,200
1775042599204501993,1775042599204501993,1775042599205473699,0.000000,0.971706,0.971706,200
1775042599206998331,1775042599206998331,1775042599207620764,0.000000,0.622433,0.622433,200
1775042599209701265,1775042599209701265,1775042599210356326,0.000000,0.655061,0.655061,200
1775042599221070087,1775042599221070087,1775042599221728171,0.000000,0.658084,0.658084,200
1775042599223305753,1775042599223305753,1775042599224003925,0.000000,0.698172,0.698172,200
1775042599225450049,1775042599225450049,1775042599225925866,0.000000,0.475817,0.475817,200
1775042599227684743,1775042599227684743,1775042599228318860,0.000000,0.634117,0.634117,200
1775042599229956459,1775042599229956459,1775042599234277273,0.000000,4.320814,4.320814,200
1775042599232438088,1775042599234277273,1775042599234876422,1.839185,0.599149,2.438334,200
1775042599244201084,1775042599244201084,1775042599244681465,0.000000,0.480381,0.480381,200
1775042599246153383,1775042599246153383,1775042599246910001,0.000000,0.756618,0.756618,200
1775042599249318195,1775042599249318195,1775042599250102865,0.000000,0.784670,0.784670,200
1775042599256484437,1775042599256484437,1775042599257185149,0.000000,0.700712,0.700712,200
1775042599258314896,1775042599258314896,1775042599258832554,0.000000,0.517658,0.517658,200
1775042599260731204,1775042599260731204,1775042599261416652,0.000000,0.685448,0.685448,200
1775042599263486251,1775042599263486251,1775042599264153152,0.000000,0.666901,0.666901,200
1775042599266903440,1775042599266903440,1775042599267754533,0.000000,0.851093,0.851093,200
1775042599270969286,1775042599270969286,1775042599271788037,0.000000,0.818751,0.818751,200
1775042599277526929,1775042599277526929,1775042599278178024,0.000000,0.651095,0.651095,200
1775042599281326731,1775042599281326731,1775042599282084842,0.000000,0.758111,0.758111,200
1775042599284805230,1775042599284805230,1775042599286344814,0.000000,1.539584,1.539584,200
1775042599285073197,1775042599286344814,1775042599287166501,1.271617,0.821687,2.093304,200
1775042599285273821,1775042599287166501,1775042599287895104,1.892680,0.728603,2.621283,200
1775042599285442864,1775042599287895104,1775042599288712761,2.452240,0.817657,3.269897,200
1775042599289226824,1775042599289226824,1775042599290145180,0.000000,0.918356,0.918356,200
1775042599289454151,1775042599290145180,1775042599290942659,0.691029,0.797479,1.488508,200
1775042599289487466,1775042599290942659,1775042599291571283,1.455193,0.628624,2.083817,200
1775042599295093114,1775042599295093114,1775042599296420399,0.000000,1.327285,1.327285,200
1775042599370719079,1775042599370719079,1775042599372160598,0.000000,1.441519,1.441519,200
1775042599370821169,1775042599372160598,1775042599373550039,1.339429,1.389441,2.728870,200
1775042599371534201,1775042599373550039,1775042599374079247,2.015838,0.529208,2.545046,200
1775042599407350571,1775042599407350571,1775042599408013906,0.000000,0.663335,0.663335,200
1775042599407422002,1775042599408013906,1775042599408918834,0.591904,0.904928,1.496832,200
1775042599408534426,1775042599408918834,1775042599410366498,0.384408,1.447664,1.832072,200
1775042599432159285,1775042599432159285,1775042599443327218,0.000000,11.167933,11.167933,200
1775042599439069282,1775042599443327218,1775042599444067093,4.257936,0.739875,4.997811,200
1775042599439845367,1775042599444067093,1775042599444762921,4.221726,0.695828,4.917554,200
1775042599444116439,1775042599444762921,1775042599445719092,0.646482,0.956171,1.602653,200
1775042599448207188,1775042599448207188,1775042599448667453,0.000000,0.460265,0.460265,200
1775042599480536123,1775042599480536123,1775042599481307984,0.000000,0.771861,0.771861,200
1775042599481938631,1775042599481938631,1775042599482777198,0.000000,0.838567,0.838567,200
1775042599494170278,1775042599494170278,1775042599494867518,0.000000,0.697240,0.697240,200
1775042599497923241,1775042599497923241,1775042599498615680,0.000000,0.692439,0.692439,200
1775042599498252939,1775042599498615680,1775042599500767891,0.362741,2.152211,2.514952,200
1775042599529347015,1775042599529347015,1775042599530108282,0.000000,0.761267,0.761267,200
1775042599529461991,1775042599530108282,1775042599532152655,0.646291,2.044373,2.690664,200
1775042599529511959,1775042599532152655,1775042599532860150,2.640696,0.707495,3.348191,200
1775042599558103410,1775042599558103410,1775042599558684274,0.000000,0.580864,0.580864,200
1775042599561211882,1775042599561211882,1775042599561961618,0.000000,0.749736,0.749736,200
1775042599562174705,1775042599562174705,1775042599568870001,0.000000,6.695296,6.695296,200
1775042599563599731,1775042599568870001,1775042599569790500,5.270270,0.920499,6.190769,200
1775042599588214357,1775042599588214357,1775042599589635144,0.000000,1.420787,1.420787,200
1775042599590108180,1775042599590108180,1775042599590744301,0.000000,0.636121,0.636121,200
1775042599620749756,1775042599620749756,1775042599621756379,0.000000,1.006623,1.006623,200
1775042599624419021,1775042599624419021,1775042599625589257,0.000000,1.170236,1.170236,200
1775042599632924609,1775042599632924609,1775042599633647124,0.000000,0.722515,0.722515,200
1775042599657947941,1775042599657947941,1775042599658828794,0.000000,0.880853,0.880853,200
1775042599658289533,1775042599658828794,1775042599659443331,0.539261,0.614537,1.153798,200
1775042599660275590,1775042599660275590,1775042599661285516,0.000000,1.009926,1.009926,200
1775042599662306334,1775042599662306334,1775042599663060803,0.000000,0.754469,0.754469,200
1775042599664705190,1775042599664705190,1775042599665337116,0.000000,0.631926,0.631926,200
1775042599677446135,1775042599677446135,1775042599678277252,0.000000,0.831117,0.831117,200
1775042599678908264,1775042599678908264,1775042599681943954,0.000000,3.035690,3.035690,200
1775042599680268278,1775042599681943954,1775042599682632161,1.675676,0.688207,2.363883,200
1775042599743486079,1775042599743486079,1775042599743994958,0.000000,0.508879,0.508879,200
1775042599760900538,1775042599760900538,1775042599761818660,0.000000,0.918122,0.918122,200
1775042599762318165,1775042599762318165,1775042599762918498,0.000000,0.600333,0.600333,200
1775042599764530085,1775042599764530085,1775042599765328220,0.000000,0.798135,0.798135,200
1775042599766378579,1775042599766378579,1775042599766892753,0.000000,0.514174,0.514174,200
1775042599766527322,1775042599766892753,1775042599767610006,0.365431,0.717253,1.082684,200
1775042599767710338,1775042599767710338,1775042599768478007,0.000000,0.767669,0.767669,200
1775042599775009760,1775042599775009760,1775042599775863318,0.000000,0.853558,0.853558,200
1775042599783489782,1775042599783489782,1775042599784280677,0.000000,0.790895,0.790895,200
1775042599785116190,1775042599785116190,1775042599785935398,0.000000,0.819208,0.819208,200
1775042599785170086,1775042599785935398,1775042599786671465,0.765312,0.736067,1.501379,200
1775042599789095544,1775042599789095544,1775042599790255836,0.000000,1.160292,1.160292,200
1775042599805493226,1775042599805493226,1775042599806194579,0.000000,0.701353,0.701353,200
1775042599809548649,1775042599809548649,1775042599810386988,0.000000,0.838339,0.838339,200
1775042599812060538,1775042599812060538,1775042599817759740,0.000000,5.699202,5.699202,200
1775042599823127325,1775042599823127325,1775042599823856459,0.000000,0.729134,0.729134,200
1775042599831022651,1775042599831022651,1775042599832378427,0.000000,1.355776,1.355776,200
1775042599832284341,1775042599832378427,1775042599832968105,0.094086,0.589678,0.683764,200
1775042599856982079,1775042599856982079,1775042599857585836,0.000000,0.603757,0.603757,200
1775042599858919528,1775042599858919528,1775042599859929885,0.000000,1.010357,1.010357,200
1775042599858991991,1775042599859929885,1775042599860816108,0.937894,0.886223,1.824117,200
1775042599863126271,1775042599863126271,1775042599863652346,0.000000,0.526075,0.526075,200
1775042599883457385,1775042599883457385,1775042599886089678,0.000000,2.632293,2.632293,200
1775042599890012020,1775042599890012020,1775042599890828956,0.000000,0.816936,0.816936,200
1775042599948836909,1775042599948836909,1775042599949495547,0.000000,0.658638,0.658638,200
1775042599950087598,1775042599950087598,1775042599950819344,0.000000,0.731746,0.731746,200
1775042599953094419,1775042599953094419,1775042599953869153,0.000000,0.774734,0.774734,200
1775042599965127510,1775042599965127510,1775042599966051567,0.000000,0.924057,0.924057,200
1775042599974035808,1775042599974035808,1775042599975174073,0.000000,1.138265,1.138265,200
1775042599974143239,1775042599975174073,1775042599976033468,1.030834,0.859395,1.890229,200
1775042599982703395,1775042599982703395,1775042599983430137,0.000000,0.726742,0.726742,200
1775042600009296124,1775042600009296124,1775042600010046451,0.000000,0.750327,0.750327,200
1775042600009451089,1775042600010046451,1775042600011713991,0.595362,1.667540,2.262902,200
1775042600010051820,1775042600011713991,1775042600012166914,1.662171,0.452923,2.115094,200
1775042600014907347,1775042600014907347,1775042600017866082,0.000000,2.958735,2.958735,200
1775042600024148634,1775042600024148634,1775042600025448017,0.000000,1.299383,1.299383,200
1775042600054341530,1775042600054341530,1775042600055020517,0.000000,0.678987,0.678987,200
1775042600054593535,1775042600055020517,1775042600055790471,0.426982,0.769954,1.196936,200
1775042600055085172,1775042600055790471,1775042600056569042,0.705299,0.778571,1.483870,200
1775042600098816585,1775042600098816585,1775042600099668490,0.000000,0.851905,0.851905,200
1775042600102145586,1775042600102145586,1775042600104083167,0.000000,1.937581,1.937581,200
1775042600107232878,1775042600107232878,1775042600108194219,0.000000,0.961341,0.961341,200
1775042600153749301,1775042600153749301,1775042600154221450,0.000000,0.472149,0.472149,200
1775042600154134518,1775042600154221450,1775042600154942237,0.086932,0.720787,0.807719,200
1775042600155014789,1775042600155014789,1775042600155765793,0.000000,0.751004,0.751004,200
1775042600156771563,1775042600156771563,1775042600157505099,0.000000,0.733536,0.733536,200
1775042600156817614,1775042600157505099,1775042600158320898,0.687485,0.815799,1.503284,200
1775042600156945125,1775042600158320898,1775042600159060434,1.375773,0.739536,2.115309,200
1775042600157382374,1775042600159060434,1775042600159855628,1.678060,0.795194,2.473254,200
1775042600171821100,1775042600171821100,1775042600172837252,0.000000,1.016152,1.016152,200
1775042600220924382,1775042600220924382,1775042600221483945,0.000000,0.559563,0.559563,200
1775042600224170249,1775042600224170249,1775042600224934862,0.000000,0.764613,0.764613,200
1775042600226642149,1775042600226642149,1775042600227553251,0.000000,0.911102,0.911102,200
1775042600226712437,1775042600227553251,1775042600231483463,0.840814,3.930212,4.771026,200
1775042600232587247,1775042600232587247,1775042600233112670,0.000000,0.525423,0.525423,200
1775042600232703195,1775042600233112670,1775042600233763690,0.409475,0.651020,1.060495,200
1775042600233181375,1775042600233763690,1775042600234422948,0.582315,0.659258,1.241573,200
1775042600236416876,1775042600236416876,1775042600237904144,0.000000,1.487268,1.487268,200
1775042600250213934,1775042600250213934,1775042600251122070,0.000000,0.908136,0.908136,200
1775042600251361641,1775042600251361641,1775042600252805038,0.000000,1.443397,1.443397,200
1775042600251883998,1775042600252805038,1775042600253769898,0.921040,0.964860,1.885900,200
1775042600251925028,1775042600253769898,1775042600254663325,1.844870,0.893427,2.738297,200
1775042600272105306,1775042600272105306,1775042600272698343,0.000000,0.593037,0.593037,200
1775042600273518434,1775042600273518434,1775042600274167893,0.000000,0.649459,0.649459,200
1775042600275214419,1775042600275214419,1775042600275710962,0.000000,0.496543,0.496543,200
1775042600285864458,1775042600285864458,1775042600286888157,0.000000,1.023699,1.023699,200
1775042600298471662,1775042600298471662,1775042600298908360,0.000000,0.436698,0.436698,200
1775042600303951997,1775042600303951997,1775042600304829161,0.000000,0.877164,0.877164,200
1775042600304107633,1775042600304829161,1775042600305356849,0.721528,0.527688,1.249216,200
1775042600305964574,1775042600305964574,1775042600306880060,0.000000,0.915486,0.915486,200
1775042600306684439,1775042600306880060,1775042600307630837,0.195621,0.750777,0.946398,200
1775042600330682427,1775042600330682427,1775042600331271294,0.000000,0.588867,0.588867,200
1775042600332779019,1775042600332779019,1775042600333410050,0.000000,0.631031,0.631031,200
1775042600364597855,1775042600364597855,1775042600365322570,0.000000,0.724715,0.724715,200
1775042600364762239,1775042600365322570,1775042600366227168,0.560331,0.904598,1.464929,200
1775042600364825794,1775042600366227168,1775042600366800409,1.401374,0.573241,1.974615,200
1775042600392381442,1775042600392381442,1775042600393005863,0.000000,0.624421,0.624421,200
1775042600394785118,1775042600394785118,1775042600395474503,0.000000,0.689385,0.689385,200
1775042600394885886,1775042600395474503,1775042600397831528,0.588617,2.357025,2.945642,200
1775042600394945834,1775042600397831528,1775042600398556629,2.885694,0.725101,3.610795,200
1775042600394982817,1775042600398556629,1775042600399230374,3.573812,0.673745,4.247557,200
1775042600418813135,1775042600418813135,1775042600419309358,0.000000,0.496223,0.496223,200
1775042600418988220,1775042600419309358,1775042600420241372,0.321138,0.932014,1.253152,200
1775042600422016724,1775042600422016724,1775042600422834366,0.000000,0.817642,0.817642,200
1775042600425292254,1775042600425292254,1775042600425983332,0.000000,0.691078,0.691078,200
1775042600432629661,1775042600432629661,1775042600433117550,0.000000,0.487889,0.487889,200
1775042600432704257,1775042600433117550,1775042600435137489,0.413293,2.019939,2.433232,200
1775042600435940971,1775042600435940971,1775042600436602433,0.000000,0.661462,0.661462,200
1775042600437732744,1775042600437732744,1775042600438618396,0.000000,0.885652,0.885652,200
1775042600437800227,1775042600438618396,1775042600439434502,0.818169,0.816106,1.634275,200
1775042600444508351,1775042600444508351,1775042600445347060,0.000000,0.838709,0.838709,200
1775042600449630813,1775042600449630813,1775042600450507717,0.000000,0.876904,0.876904,200
1775042600449767622,1775042600450507717,1775042600451841921,0.740095,1.334204,2.074299,200
1775042600459572339,1775042600459572339,1775042600460469361,0.000000,0.897022,0.897022,200
1775042600461422858,1775042600461422858,1775042600462287077,0.000000,0.864219,0.864219,200
1775042600469241620,1775042600469241620,1775042600469933508,0.000000,0.691888,0.691888,200
1775042600473369962,1775042600473369962,1775042600473866318,0.000000,0.496356,0.496356,200
1775042600477906751,1775042600477906751,1775042600478646626,0.000000,0.739875,0.739875,200
1775042600563178880,1775042600563178880,1775042600563887873,0.000000,0.708993,0.708993,200
1775042600568610595,1775042600568610595,1775042600570950587,0.000000,2.339992,2.339992,200
1775042600583228937,1775042600583228937,1775042600583992297,0.000000,0.763360,0.763360,200
1775042600584973086,1775042600584973086,1775042600585711728,0.000000,0.738642,0.738642,200
1775042600590747393,1775042600590747393,1775042600591216736,0.000000,0.469343,0.469343,200
1775042600591236204,1775042600591236204,1775042600592044019,0.000000,0.807815,0.807815,200
1775042600646555887,1775042600646555887,1775042600647234150,0.000000,0.678263,0.678263,200
1775042600672124513,1775042600672124513,1775042600672638383,0.000000,0.513870,0.513870,200
1775042600673342948,1775042600673342948,1775042600674208059,0.000000,0.865111,0.865111,200
1775042600678886263,1775042600678886263,1775042600679888958,0.000000,1.002695,1.002695,200
1775042600681353905,1775042600681353905,1775042600682378119,0.000000,1.024214,1.024214,200
1775042600694684950,1775042600694684950,1775042600695324447,0.000000,0.639497,0.639497,200
1775042600695173366,1775042600695324447,1775042600696050505,0.151081,0.726058,0.877139,200
1775042600701944072,1775042600701944072,1775042600702742606,0.000000,0.798534,0.798534,200
1775042600732806568,1775042600732806568,1775042600734912297,0.000000,2.105729,2.105729,200
1775042600746793301,1775042600746793301,1775042600747557768,0.000000,0.764467,0.764467,200
1775042600748414717,1775042600748414717,1775042600749380298,0.000000,0.965581,0.965581,200
1775042600752870832,1775042600752870832,1775042600753520661,0.000000,0.649829,0.649829,200
1775042600771823303,1775042600771823303,1775042600774182448,0.000000,2.359145,2.359145,200
1775042600772089887,1775042600774182448,1775042600775519532,2.092561,1.337084,3.429645,200
1775042600774191497,1775042600775519532,1775042600776206103,1.328035,0.686571,2.014606,200
1775042600784039370,1775042600784039370,1775042600784758835,0.000000,0.719465,0.719465,200
1775042600813684867,1775042600813684867,1775042600814135845,0.000000,0.450978,0.450978,200
1775042600813800634,1775042600814135845,1775042600820840900,0.335211,6.705055,7.040266,200
1775042600826753745,1775042600826753745,1775042600827742660,0.000000,0.988915,0.988915,200
1775042600828039323,1775042600828039323,1775042600829185075,0.000000,1.145752,1.145752,200
1775042600847873968,1775042600847873968,1775042600854993072,0.000000,7.119104,7.119104,200
1775042600863570270,1775042600863570270,1775042600865223782,0.000000,1.653512,1.653512,200
1775042600894907202,1775042600894907202,1775042600895606787,0.000000,0.699585,0.699585,200
1775042600899425447,1775042600899425447,1775042600900129472,0.000000,0.704025,0.704025,200
1775042600900485972,1775042600900485972,1775042600900961881,0.000000,0.475909,0.475909,200
1775042600901833692,1775042600901833692,1775042600902511134,0.000000,0.677442,0.677442,200
1775042600904427763,1775042600904427763,1775042600905686305,0.000000,1.258542,1.258542,200
1775042600922299361,1775042600922299361,1775042600922855976,0.000000,0.556615,0.556615,200
1775042600923959455,1775042600923959455,1775042600924808194,0.000000,0.848739,0.848739,200
1775042600925275974,1775042600925275974,1775042600926234212,0.000000,0.958238,0.958238,200
1775042600927804625,1775042600927804625,1775042600928407992,0.000000,0.603367,0.603367,200
1775042600928893456,1775042600928893456,1775042600929478326,0.000000,0.584870,0.584870,200
1775042600929999581,1775042600929999581,1775042600930840836,0.000000,0.841255,0.841255,200
1775042600944279365,1775042600944279365,1775042600945549390,0.000000,1.270025,1.270025,200
1775042600949271029,1775042600949271029,1775042600954358106,0.000000,5.087077,5.087077,200
1775042600967430123,1775042600967430123,1775042600968880806,0.000000,1.450683,1.450683,200
1775042600968846978,1775042600968880806,1775042600969592336,0.033828,0.711530,0.745358,200
1775042600968995400,1775042600969592336,1775042600970167567,0.596936,0.575231,1.172167,200
1775042600970140662,1775042600970167567,1775042600970825932,0.026905,0.658365,0.685270,200
1775042600970375644,1775042600970825932,1775042600971531940,0.450288,0.706008,1.156296,200
1775042600971276495,1775042600971531940,1775042600973941608,0.255445,2.409668,2.665113,200
1775042600977586104,1775042600977586104,1775042600978145805,0.000000,0.559701,0.559701,200
1775042600998815255,1775042600998815255,1775042600999767154,0.000000,0.951899,0.951899,200
1775042600999691849,1775042600999767154,1775042601000514658,0.075305,0.747504,0.822809,200
1775042601001257307,1775042601001257307,1775042601001967722,0.000000,0.710415,0.710415,200
1775042601001307816,1775042601001967722,1775042601003018950,0.659906,1.051228,1.711134,200
1775042601007728720,1775042601007728720,1775042601008421242,0.000000,0.692522,0.692522,200
1775042601032165737,1775042601032165737,1775042601058884341,0.000000,26.718604,26.718604,200
1775042601043598963,1775042601058884341,1775042601060809496,15.285378,1.925155,17.210533,200
1775042601048040198,1775042601060809496,1775042601061450480,12.769298,0.640984,13.410282,200
1775042601050749726,1775042601061450480,1775042601062095162,10.700754,0.644682,11.345436,200
1775042601055279688,1775042601062095162,1775042601062834647,6.815474,0.739485,7.554959,200
1775042601073935412,1775042601073935412,1775042601074855662,0.000000,0.920250,0.920250,200
1775042601074929998,1775042601074929998,1775042601075926778,0.000000,0.996780,0.996780,200
1775042601075204477,1775042601075926778,1775042601076413204,0.722301,0.486426,1.208727,200
1775042601079568628,1775042601079568628,1775042601080814391,0.000000,1.245763,1.245763,200
1775042601096465866,1775042601096465866,1775042601097160843,0.000000,0.694977,0.694977,200
1775042601106202149,1775042601106202149,1775042601106960521,0.000000,0.758372,0.758372,200
1775042601111332116,1775042601111332116,1775042601112015092,0.000000,0.682976,0.682976,200
1775042601111586917,1775042601112015092,1775042601113364113,0.428175,1.349021,1.777196,200
1775042601111809304,1775042601113364113,1775042601114303148,1.554809,0.939035,2.493844,200
1775042601126302584,1775042601126302584,1775042601131227872,0.000000,4.925288,4.925288,200
1775042601127693098,1775042601131227872,1775042601132072643,3.534774,0.844771,4.379545,200
1775042601127759238,1775042601132072643,1775042601132759176,4.313405,0.686533,4.999938,200
1775042601129601245,1775042601132759176,1775042601133843881,3.157931,1.084705,4.242636,200
1775042601155996397,1775042601155996397,1775042601157137955,0.000000,1.141558,1.141558,200
1775042601156354942,1775042601157137955,1775042601174431349,0.783013,17.293394,18.076407,200
1775042601156860626,1775042601174431349,1775042601175002513,17.570723,0.571164,18.141887,200
1775042601159109426,1775042601175002513,1775042601177603864,15.893087,2.601351,18.494438,200
1775042601167529177,1775042601177603864,1775042601178270344,10.074687,0.666480,10.741167,200
1775042601173330543,1775042601178270344,1775042601178746161,4.939801,0.475817,5.415618,200
1775042601189266846,1775042601189266846,1775042601189808300,0.000000,0.541454,0.541454,200
1775042601201373931,1775042601201373931,1775042601202029888,0.000000,0.655957,0.655957,200
1775042601201442786,1775042601202029888,1775042601207716851,0.587102,5.686963,6.274065,200
1775042601216518601,1775042601216518601,1775042601217424121,0.000000,0.905520,0.905520,200
1775042601216836787,1775042601217424121,1775042601218310220,0.587334,0.886099,1.473433,200
1775042601217870369,1775042601218310220,1775042601218944126,0.439851,0.633906,1.073757,200
1775042601242085756,1775042601242085756,1775042601242502756,0.000000,0.417000,0.417000,200
1775042601248978411,1775042601248978411,1775042601249821471,0.000000,0.843060,0.843060,200
1775042601251038682,1775042601251038682,1775042601251662168,0.000000,0.623486,0.623486,200
1775042601275194453,1775042601275194453,1775042601275635721,0.000000,0.441268,0.441268,200
1775042601288667994,1775042601288667994,1775042601289219268,0.000000,0.551274,0.551274,200
1775042601289504378,1775042601289504378,1775042601290775766,0.000000,1.271388,1.271388,200
1775042601293204102,1775042601293204102,1775042601293906633,0.000000,0.702531,0.702531,200
1775042601294261151,1775042601294261151,1775042601298255137,0.000000,3.993986,3.993986,200
1775042601294515801,1775042601298255137,1775042601299101221,3.739336,0.846084,4.585420,200
1775042601306466703,1775042601306466703,1775042601307003607,0.000000,0.536904,0.536904,200
1775042601311546260,1775042601311546260,1775042601312761280,0.000000,1.215020,1.215020,200
1775042601312489314,1775042601312761280,1775042601313325822,0.271966,0.564542,0.836508,200
1775042601314951444,1775042601314951444,1775042601315797993,0.000000,0.846549,0.846549,200
1775042601317280642,1775042601317280642,1775042601317816196,0.000000,0.535554,0.535554,200
1775042601317384366,1775042601317816196,1775042601318520460,0.431830,0.704264,1.136094,200
1775042601317580402,1775042601318520460,1775042601319386774,0.940058,0.866314,1.806372,200
1775042601334157713,1775042601334157713,1775042601334759106,0.000000,0.601393,0.601393,200
1775042601334328749,1775042601334759106,1775042601335578039,0.430357,0.818933,1.249290,200
1775042601334489625,1775042601335578039,1775042601363634596,1.088414,28.056557,29.144971,200
1775042601335238388,1775042601363634596,1775042601364369962,28.396208,0.735366,29.131574,200
1775042601363052017,1775042601364369962,1775042601365157451,1.317945,0.787489,2.105434,200
1775042601394569221,1775042601394569221,1775042601395092001,0.000000,0.522780,0.522780,200
1775042601394638898,1775042601395092001,1775042601397249049,0.453103,2.157048,2.610151,200
1775042601394671191,1775042601397249049,1775042601397893636,2.577858,0.644587,3.222445,200
1775042601433933016,1775042601433933016,1775042601434913166,0.000000,0.980150,0.980150,200
1775042601453754252,1775042601453754252,1775042601454503626,0.000000,0.749374,0.749374,200
1775042601463435867,1775042601463435867,1775042601466729583,0.000000,3.293716,3.293716,200
1775042601470261393,1775042601470261393,1775042601471334062,0.000000,1.072669,1.072669,200
1775042601475410771,1775042601475410771,1775042601476463521,0.000000,1.052750,1.052750,200
1775042601492842431,1775042601492842431,1775042601493791946,0.000000,0.949515,0.949515,200
1775042601514780505,1775042601514780505,1775042601515454862,0.000000,0.674357,0.674357,200
1775042601516419757,1775042601516419757,1775042601518566641,0.000000,2.146884,2.146884,200
1775042601520367248,1775042601520367248,1775042601521729557,0.000000,1.362309,1.362309,200
1775042601520432867,1775042601521729557,1775042601522412529,1.296690,0.682972,1.979662,200
1775042601523547916,1775042601523547916,1775042601524467750,0.000000,0.919834,0.919834,200
1775042601534227203,1775042601534227203,1775042601534771385,0.000000,0.544182,0.544182,200
1775042601536556813,1775042601536556813,1775042601538081742,0.000000,1.524929,1.524929,200
1775042601538094797,1775042601538094797,1775042601539016595,0.000000,0.921798,0.921798,200
1775042601539127087,1775042601539127087,1775042601540393510,0.000000,1.266423,1.266423,200
1775042601539190692,1775042601540393510,1775042601541361314,1.202818,0.967804,2.170622,200
1775042601552492934,1775042601552492934,1775042601553252417,0.000000,0.759483,0.759483,200
1775042601552550718,1775042601553252417,1775042601562135223,0.701699,8.882806,9.584505,200
1775042601553275142,1775042601562135223,1775042601565326971,8.860081,3.191748,12.051829,200
1775042601558496187,1775042601565326971,1775042601566030805,6.830784,0.703834,7.534618,200
1775042601567597154,1775042601567597154,1775042601568767901,0.000000,1.170747,1.170747,200
1775042601569414728,1775042601569414728,1775042601571031044,0.000000,1.616316,1.616316,200
1775042601574360231,1775042601574360231,1775042601575001412,0.000000,0.641181,0.641181,200
1775042601574971824,1775042601575001412,1775042601575857546,0.029588,0.856134,0.885722,200
1775042601575009047,1775042601575857546,1775042601577866950,0.848499,2.009404,2.857903,200
1775042601580675123,1775042601580675123,1775042601581359389,0.000000,0.684266,0.684266,200
1775042601581902647,1775042601581902647,1775042601582666744,0.000000,0.764097,0.764097,200
1775042601582603495,1775042601582666744,1775042601583274008,0.063249,0.607264,0.670513,200
1775042601584813650,1775042601584813650,1775042601585621653,0.000000,0.808003,0.808003,200
1775042601585054413,1775042601585621653,1775042601586259307,0.567240,0.637654,1.204894,200
1775042601598603444,1775042601598603444,1775042601599248934,0.000000,0.645490,0.645490,200
1775042601600298877,1775042601600298877,1775042601601980087,0.000000,1.681210,1.681210,200
1775042601600350990,1775042601601980087,1775042601602733228,1.629097,0.753141,2.382238,200
1775042601609465232,1775042601609465232,1775042601610254575,0.000000,0.789343,0.789343,200
1775042601612901875,1775042601612901875,1775042601613617003,0.000000,0.715128,0.715128,200
1775042601613651789,1775042601613651789,1775042601614564504,0.000000,0.912715,0.912715,200
1775042601613861903,1775042601614564504,1775042601619193840,0.702601,4.629336,5.331937,200
1775042601622814545,1775042601622814545,1775042601623359990,0.000000,0.545445,0.545445,200
1775042601623690621,1775042601623690621,1775042601629216224,0.000000,5.525603,5.525603,200
1775042601626102663,1775042601629216224,1775042601630521799,3.113561,1.305575,4.419136,200
1775042601629744363,1775042601630521799,1775042601630958589,0.777436,0.436790,1.214226,200
1775042601642623292,1775042601642623292,1775042601643256618,0.000000,0.633326,0.633326,200
1775042601689483931,1775042601689483931,1775042601695215568,0.000000,5.731637,5.731637,200
1775042601689543187,1775042601695215568,1775042601696026536,5.672381,0.810968,6.483349,200
1775042601691162431,1775042601696026536,1775042601696472493,4.864105,0.445957,5.310062,200
1775042601742343396,1775042601742343396,1775042601743989130,0.000000,1.645734,1.645734,200
1775042601746908316,1775042601746908316,1775042601750131728,0.000000,3.223412,3.223412,200
1775042601747127897,1775042601750131728,1775042601751257597,3.003831,1.125869,4.129700,200
1775042601749051339,1775042601751257597,1775042601751936605,2.206258,0.679008,2.885266,200
1775042601755272440,1775042601755272440,1775042601756070457,0.000000,0.798017,0.798017,200
1775042601771572415,1775042601771572415,1775042601772393790,0.000000,0.821375,0.821375,200
1775042601801993671,1775042601801993671,1775042601802712013,0.000000,0.718342,0.718342,200
1775042601816977272,1775042601816977272,1775042601817634444,0.000000,0.657172,0.657172,200
1775042601817753417,1775042601817753417,1775042601818487844,0.000000,0.734427,0.734427,200
1775042601856159249,1775042601856159249,1775042601856881430,0.000000,0.722181,0.722181,200
1775042601859301122,1775042601859301122,1775042601860049177,0.000000,0.748055,0.748055,200
1775042601860385937,1775042601860385937,1775042601868086580,0.000000,7.700643,7.700643,200
1775042601880887845,1775042601880887845,1775042601884566246,0.000000,3.678401,3.678401,200
1775042601881057579,1775042601884566246,1775042601885266643,3.508667,0.700397,4.209064,200
1775042601881176743,1775042601885266643,1775042601886025636,4.089900,0.758993,4.848893,200
1775042601881231250,1775042601886025636,1775042601887175308,4.794386,1.149672,5.944058,200
1775042601884941254,1775042601887175308,1775042601887851938,2.234054,0.676630,2.910684,200
1775042601892573833,1775042601892573833,1775042601893046985,0.000000,0.473152,0.473152,200
1775042601899124035,1775042601899124035,1775042601899745297,0.000000,0.621262,0.621262,200
1775042601905520927,1775042601905520927,1775042601910399932,0.000000,4.879005,4.879005,200
1775042601907940094,1775042601910399932,1775042601911572899,2.459838,1.172967,3.632805,200
1775042601909841163,1775042601911572899,1775042601912828067,1.731736,1.255168,2.986904,200
1775042601922873835,1775042601922873835,1775042601923639763,0.000000,0.765928,0.765928,200
1775042601929844681,1775042601929844681,1775042601930508318,0.000000,0.663637,0.663637,200
1775042601932227927,1775042601932227927,1775042601932709534,0.000000,0.481607,0.481607,200
1775042601944498413,1775042601944498413,1775042601945123132,0.000000,0.624719,0.624719,200
1775042601976453545,1775042601976453545,1775042601996152364,0.000000,19.698819,19.698819,200
1775042601990376940,1775042601996152364,1775042601996839335,5.775424,0.686971,6.462395,200
1775042601991347599,1775042601996839335,1775042601999584393,5.491736,2.745058,8.236794,200
1775042601996017737,1775042601999584393,1775042602000011413,3.566656,0.427020,3.993676,200
1775042602008131340,1775042602008131340,1775042602009037928,0.000000,0.906588,0.906588,200
1775042602020576849,1775042602020576849,1775042602021247858,0.000000,0.671009,0.671009,200
1775042602022530951,1775042602022530951,1775042602023170579,0.000000,0.639628,0.639628,200
1775042602024133311,1775042602024133311,1775042602025037776,0.000000,0.904465,0.904465,200
1775042602026714406,1775042602026714406,1775042602027513009,0.000000,0.798603,0.798603,200
1775042602029878937,1775042602029878937,1775042602030581708,0.000000,0.702771,0.702771,200
1775042602054621015,1775042602054621015,1775042602055241427,0.000000,0.620412,0.620412,200
1775042602076225790,1775042602076225790,1775042602076858204,0.000000,0.632414,0.632414,200
1775042602077650652,1775042602077650652,1775042602078367341,0.000000,0.716689,0.716689,200
1775042602088102069,1775042602088102069,1775042602088905399,0.000000,0.803330,0.803330,200
1775042602088164742,1775042602088905399,1775042602089426524,0.740657,0.521125,1.261782,200
1775042602088249138,1775042602089426524,1775042602090083376,1.177386,0.656852,1.834238,200
1775042602096910027,1775042602096910027,1775042602097773472,0.000000,0.863445,0.863445,200
1775042602097815999,1775042602097815999,1775042602098485084,0.000000,0.669085,0.669085,200
1775042602103051351,1775042602103051351,1775042602103715108,0.000000,0.663757,0.663757,200
1775042602105538671,1775042602105538671,1775042602119409607,0.000000,13.870936,13.870936,200
1775042602105650582,1775042602119409607,1775042602120149154,13.759025,0.739547,14.498572,200
1775042602105700159,1775042602120149154,1775042602121493563,14.448995,1.344409,15.793404,200
1775042602106236834,1775042602121493563,1775042602123129770,15.256729,1.636207,16.892936,200
1775042602117660399,1775042602123129770,1775042602123629206,5.469371,0.499436,5.968807,200
1775042602124862839,1775042602124862839,1775042602125566009,0.000000,0.703170,0.703170,200
1775042602133777916,1775042602133777916,1775042602134226618,0.000000,0.448702,0.448702,200
1775042602136824915,1775042602136824915,1775042602137416098,0.000000,0.591183,0.591183,200
1775042602136935152,1775042602137416098,1775042602138219005,0.480946,0.802907,1.283853,200
1775042602150945317,1775042602150945317,1775042602152775846,0.000000,1.830529,1.830529,200
1775042602165506611,1775042602165506611,1775042602166090632,0.000000,0.584021,0.584021,200
1775042602165568973,1775042602166090632,1775042602174600256,0.521659,8.509624,9.031283,200
1775042602165614252,1775042602174600256,1775042602175022105,8.986004,0.421849,9.407853,200
1775042602172771837,1775042602175022105,1775042602176305795,2.250268,1.283690,3.533958,200
1775042602174045820,1775042602176305795,1775042602177058254,2.259975,0.752459,3.012434,200
1775042602174850884,1775042602177058254,1775042602177945520,2.207370,0.887266,3.094636,200
1775042602174913828,1775042602177945520,1775042602180822945,3.031692,2.877425,5.909117,200
1775042602175229709,1775042602180822945,1775042602183018159,5.593236,2.195214,7.788450,200
1775042602200392550,1775042602200392550,1775042602201905428,0.000000,1.512878,1.512878,200
1775042602248444619,1775042602248444619,1775042602249932825,0.000000,1.488206,1.488206,200
1775042602248527532,1775042602249932825,1775042602250756608,1.405293,0.823783,2.229076,200
1775042602251300791,1775042602251300791,1775042602252450727,0.000000,1.149936,1.149936,200
1775042602257639093,1775042602257639093,1775042602258434922,0.000000,0.795829,0.795829,200
1775042602261363180,1775042602261363180,1775042602261991826,0.000000,0.628646,0.628646,200
1775042602267007857,1775042602267007857,1775042602267802156,0.000000,0.794299,0.794299,200
1775042602279781611,1775042602279781611,1775042602280210004,0.000000,0.428393,0.428393,200
1775042602281517456,1775042602281517456,1775042602282203989,0.000000,0.686533,0.686533,200
1775042602284788062,1775042602284788062,1775042602286779392,0.000000,1.991330,1.991330,200
1775042602292699768,1775042602292699768,1775042602294137565,0.000000,1.437797,1.437797,200
1775042602311908360,1775042602311908360,1775042602312622634,0.000000,0.714274,0.714274,200
1775042602313135788,1775042602313135788,1775042602313646946,0.000000,0.511158,0.511158,200
1775042602316207297,1775042602316207297,1775042602317039011,0.000000,0.831714,0.831714,200
1775042602327864471,1775042602327864471,1775042602328448861,0.000000,0.584390,0.584390,200
1775042602333030584,1775042602333030584,1775042602334057923,0.000000,1.027339,1.027339,200
1775042602360998212,1775042602360998212,1775042602361847732,0.000000,0.849520,0.849520,200
1775042602362282939,1775042602362282939,1775042602362857488,0.000000,0.574549,0.574549,200
1775042602362330883,1775042602362857488,1775042602369433459,0.526605,6.575971,7.102576,200
1775042602367903691,1775042602369433459,1775042602370159955,1.529768,0.726496,2.256264,200
1775042602368773983,1775042602370159955,1775042602370871485,1.385972,0.711530,2.097502,200
1775042602369730242,1775042602370871485,1775042602371611580,1.141243,0.740095,1.881338,200
1775042602381097074,1775042602381097074,1775042602381872459,0.000000,0.775385,0.775385,200
1775042602430863079,1775042602430863079,1775042602431437673,0.000000,0.574594,0.574594,200
1775042602434106338,1775042602434106338,1775042602434733722,0.000000,0.627384,0.627384,200
1775042602435284604,1775042602435284604,1775042602436790912,0.000000,1.506308,1.506308,200
1775042602435751250,1775042602436790912,1775042602437690443,1.039662,0.899531,1.939193,200
1775042602456129397,1775042602456129397,1775042602456644010,0.000000,0.514613,0.514613,200
1775042602457556661,1775042602457556661,1775042602458275614,0.000000,0.718953,0.718953,200
1775042602457759821,1775042602458275614,1775042602459547002,0.515793,1.271388,1.787181,200
1775042602459117669,1775042602459547002,1775042602460209747,0.429333,0.662745,1.092078,200
1775042602459176274,1775042602460209747,1775042602461749544,1.033473,1.539797,2.573270,200
1775042602460612296,1775042602461749544,1775042602462561372,1.137248,0.811828,1.949076,200
1775042602463325026,1775042602463325026,1775042602463923714,0.000000,0.598688,0.598688,200
1775042602489565996,1775042602489565996,1775042602490301012,0.000000,0.735016,0.735016,200
1775042602491508444,1775042602491508444,1775042602492225122,0.000000,0.716678,0.716678,200
1775042602496118254,1775042602496118254,1775042602498376284,0.000000,2.258030,2.258030,200
1775042602510704285,1775042602510704285,1775042602511352610,0.000000,0.648325,0.648325,200
1775042602564856995,1775042602564856995,1775042602566073147,0.000000,1.216152,1.216152,200
1775042602591842851,1775042602591842851,1775042602592291653,0.000000,0.448802,0.448802,200
1775042602591977346,1775042602592291653,1775042602592936872,0.314307,0.645219,0.959526,200
1775042602596860601,1775042602596860601,1775042602597634767,0.000000,0.774166,0.774166,200
1775042602598041150,1775042602598041150,1775042602603750152,0.000000,5.709002,5.709002,200
1775042602599469146,1775042602603750152,1775042602604620513,4.281006,0.870361,5.151367,200
1775042602600709243,1775042602604620513,1775042602605438411,3.911270,0.817898,4.729168,200
1775042602602005921,1775042602605438411,1775042602606044644,3.432490,0.606233,4.038723,200
1775042602606488429,1775042602606488429,1775042602607095824,0.000000,0.607395,0.607395,200
1775042602644759561,1775042602644759561,1775042602645997548,0.000000,1.237987,1.237987,200
1775042602650832730,1775042602650832730,1775042602651497607,0.000000,0.664877,0.664877,200
1775042602650912287,1775042602651497607,1775042602652957510,0.585320,1.459903,2.045223,200
1775042602654229258,1775042602654229258,1775042602654894394,0.000000,0.665136,0.665136,200
1775042602658223184,1775042602658223184,1775042602658890516,0.000000,0.667332,0.667332,200
1775042602672067537,1775042602672067537,1775042602672602521,0.000000,0.534984,0.534984,200
1775042602693743590,1775042602693743590,1775042602694252408,0.000000,0.508818,0.508818,200
1775042602704840575,1775042602704840575,1775042602705607443,0.000000,0.766868,0.766868,200
1775042602707319650,1775042602707319650,1775042602708015779,0.000000,0.696129,0.696129,200
1775042602712278113,1775042602712278113,1775042602712954842,0.000000,0.676729,0.676729,200
1775042602736966952,1775042602736966952,1775042602737686490,0.000000,0.719538,0.719538,200
1775042602745733829,1775042602745733829,1775042602746615595,0.000000,0.881766,0.881766,200
1775042602751170362,1775042602751170362,1775042602751592211,0.000000,0.421849,0.421849,200
1775042602751267192,1775042602751592211,1775042602758625775,0.325019,7.033564,7.358583,200
1775042602754188553,1775042602758625775,1775042602759271387,4.437222,0.645612,5.082834,200
1775042602768795068,1775042602768795068,1775042602770345012,0.000000,1.549944,1.549944,200
1775042602770940644,1775042602770940644,1775042602771719545,0.000000,0.778901,0.778901,200
1775042602771011954,1775042602771719545,1775042602774719995,0.707591,3.000450,3.708041,200
1775042602771053506,1775042602774719995,1775042602775423918,3.666489,0.703923,4.370412,200
1775042602772298262,1775042602775423918,1775042602776110098,3.125656,0.686180,3.811836,200
1775042602775668630,1775042602776110098,1775042602777058043,0.441468,0.947945,1.389413,200
1775042602790640043,1775042602790640043,1775042602791299669,0.000000,0.659626,0.659626,200
1775042602799149504,1775042602799149504,1775042602800813476,0.000000,1.663972,1.663972,200
1775042602810326773,1775042602810326773,1775042602811501357,0.000000,1.174584,1.174584,200
1775042602810486376,1775042602811501357,1775042602812295896,1.014981,0.794539,1.809520,200
1775042602813977647,1775042602813977647,1775042602814628742,0.000000,0.651095,0.651095,200
1775042602814084316,1775042602814628742,1775042602815350997,0.544426,0.722255,1.266681,200
1775042602814132120,1775042602815350997,1775042602815760598,1.218877,0.409601,1.628478,200
1775042602816405908,1775042602816405908,1775042602817217554,0.000000,0.811646,0.811646,200
1775042602817856669,1775042602817856669,1775042602818588830,0.000000,0.732161,0.732161,200
1775042602822344351,1775042602822344351,1775042602823406695,0.000000,1.062344,1.062344,200
1775042602822677265,1775042602823406695,1775042602824966216,0.729430,1.559521,2.288951,200
1775042602824963137,1775042602824966216,1775042602825836267,0.003079,0.870051,0.873130,200
1775042602831783846,1775042602831783846,1775042602834774744,0.000000,2.990898,2.990898,200
1775042602857473819,1775042602857473819,1775042602858101214,0.000000,0.627395,0.627395,200
1775042602860368457,1775042602860368457,1775042602861020814,0.000000,0.652357,0.652357,200
1775042602867717157,1775042602867717157,1775042602869996730,0.000000,2.279573,2.279573,200
1775042602867797545,1775042602869996730,1775042602870642720,2.199185,0.645990,2.845175,200
1775042602867831151,1775042602870642720,1775042602871569786,2.811569,0.927066,3.738635,200
1775042602872351852,1775042602872351852,1775042602873350274,0.000000,0.998422,0.998422,200
1775042602937912449,1775042602937912449,1775042602938773001,0.000000,0.860552,0.860552,200
1775042602942161238,1775042602942161238,1775042602942942765,0.000000,0.781527,0.781527,200
1775042602944985017,1775042602944985017,1775042602947690031,0.000000,2.705014,2.705014,200
1775042602955192064,1775042602955192064,1775042602956569824,0.000000,1.377760,1.377760,200
1775042602956813806,1775042602956813806,1775042602957510396,0.000000,0.696590,0.696590,200
1775042602963976565,1775042602963976565,1775042602964805714,0.000000,0.829149,0.829149,200
1775042602964696981,1775042602964805714,1775042602967073676,0.108733,2.267962,2.376695,200
1775042603019646683,1775042603019646683,1775042603021199818,0.000000,1.553135,1.553135,200
1775042603031766306,1775042603031766306,1775042603032682638,0.000000,0.916332,0.916332,200
1775042603043438696,1775042603043438696,1775042603044153501,0.000000,0.714805,0.714805,200
1775042603051981683,1775042603051981683,1775042603053319922,0.000000,1.338239,1.338239,200
1775042603095394825,1775042603095394825,1775042603096201752,0.000000,0.806927,0.806927,200
1775042603096677239,1775042603096677239,1775042603097295716,0.000000,0.618477,0.618477,200
1775042603119263440,1775042603119263440,1775042603119808050,0.000000,0.544610,0.544610,200
1775042603147212950,1775042603147212950,1775042603147826575,0.000000,0.613625,0.613625,200
1775042603152745001,1775042603152745001,1775042603180801558,0.000000,28.056557,28.056557,200
1775042603153019771,1775042603180801558,1775042603181497635,27.781787,0.696077,28.477864,200
1775042603153085611,1775042603181497635,1775042603181969825,28.412024,0.472190,28.884214,200
1775042603198926055,1775042603198926055,1775042603199579050,0.000000,0.652995,0.652995,200
1775042603199029468,1775042603199579050,1775042603201067778,0.549582,1.488728,2.038310,200
1775042603199091610,1775042603201067778,1775042603201719787,1.976168,0.652009,2.628177,200
1775042603201612684,1775042603201719787,1775042603202740871,0.107103,1.021084,1.128187,200
1775042603204153467,1775042603204153467,1775042603205059659,0.000000,0.906192,0.906192,200
1775042603205954797,1775042603205954797,1775042603206569238,0.000000,0.614441,0.614441,200
1775042603206965761,1775042603206965761,1775042603207654846,0.000000,0.689085,0.689085,200
1775042603209087031,1775042603209087031,1775042603209851745,0.000000,0.764714,0.764714,200
1775042603213400796,1775042603213400796,1775042603213748439,0.000000,0.347643,0.347643,200
1775042603213447377,1775042603213748439,1775042603214514643,0.301062,0.766204,1.067266,200
1775042603214762049,1775042603214762049,1775042603215586880,0.000000,0.824831,0.824831,200
1775042603284045398,1775042603284045398,1775042603284591242,0.000000,0.545844,0.545844,200
1775042603284156076,1775042603284591242,1775042603285023829,0.435166,0.432587,0.867753,200
1775042603287026110,1775042603287026110,1775042603288008344,0.000000,0.982234,0.982234,200
1775042603326489134,1775042603326489134,1775042603327294012,0.000000,0.804878,0.804878,200
1775042603346935450,1775042603346935450,1775042603347726911,0.000000,0.791461,0.791461,200
1775042603354961731,1775042603354961731,1775042603355748570,0.000000,0.786839,0.786839,200
1775042603356152812,1775042603356152812,1775042603356825687,0.000000,0.672875,0.672875,200
1775042603359926588,1775042603359926588,1775042603360716672,0.000000,0.790084,0.790084,200
1775042603362983264,1775042603362983264,1775042603363662611,0.000000,0.679347,0.679347,200
1775042603379825528,1775042603379825528,1775042603381077788,0.000000,1.252260,1.252260,200
1775042603387493702,1775042603387493702,1775042603388348984,0.000000,0.855282,0.855282,200
1775042603393688374,1775042603393688374,1775042603394512651,0.000000,0.824277,0.824277,200
1775042603393749805,1775042603394512651,1775042603395430599,0.762846,0.917948,1.680794,200
1775042603401477871,1775042603401477871,1775042603402309764,0.000000,0.831893,0.831893,200
1775042603401567607,1775042603402309764,1775042603403040211,0.742157,0.730447,1.472604,200
1775042603402850151,1775042603403040211,1775042603404326190,0.190060,1.285979,1.476039,200
1775042603405161121,1775042603405161121,1775042603405955904,0.000000,0.794783,0.794783,200
1775042603405333951,1775042603405955904,1775042603406979251,0.621953,1.023347,1.645300,200
1775042603406799779,1775042603406979251,1775042603408037432,0.179472,1.058181,1.237653,200
1775042603413719128,1775042603413719128,1775042603414372834,0.000000,0.653706,0.653706,200
1775042603439438434,1775042603439438434,1775042603440062554,0.000000,0.624120,0.624120,200
1775042603439590763,1775042603440062554,1775042603440850113,0.471791,0.787559,1.259350,200
1775042603444717055,1775042603444717055,1775042603445406160,0.000000,0.689105,0.689105,200
1775042603449566498,1775042603449566498,1775042603450440305,0.000000,0.873807,0.873807,200
1775042603464247732,1775042603464247732,1775042603464972498,0.000000,0.724766,0.724766,200
1775042603467890109,1775042603467890109,1775042603468541920,0.000000,0.651811,0.651811,200
1775042603467935499,1775042603468541920,1775042603469820893,0.606421,1.278973,1.885394,200
1775042603468321768,1775042603469820893,1775042603472109120,1.499125,2.288227,3.787352,200
1775042603473125912,1775042603473125912,1775042603473715168,0.000000,0.589256,0.589256,200
1775042603473188455,1775042603473715168,1775042603474614632,0.526713,0.899464,1.426177,200
1775042603480028224,1775042603480028224,1775042603480843561,0.000000,0.815337,0.815337,200
1775042603480172848,1775042603480843561,1775042603481559511,0.670713,0.715950,1.386663,200
1775042603480318445,1775042603481559511,1775042603482392902,1.241066,0.833391,2.074457,200
1775042603480422880,1775042603482392902,1775042603493560835,1.970022,11.167933,13.137955,200
1775042603497151591,1775042603497151591,1775042603497563491,0.000000,0.411900,0.411900,200
1775042603500195973,1775042603500195973,1775042603501094121,0.000000,0.898148,0.898148,200
1775042603500749038,1775042603501094121,1775042603501612700,0.345083,0.518579,0.863662,200
1775042603500819877,1775042603501612700,1775042603502288819,0.792823,0.676119,1.468942,200
1775042603501099138,1775042603502288819,1775042603502911252,1.189681,0.622433,1.812114,200
1775042603514701958,1775042603514701958,1775042603515216982,0.000000,0.515024,0.515024,200
1775042603514758108,1775042603515216982,1775042603530486209,0.458874,15.269227,15.728101,200
1775042603517412344,1775042603530486209,1775042603530945580,13.073865,0.459371,13.533236,200
1775042603517464166,1775042603530945580,1775042603531843746,13.481414,0.898166,14.379580,200
1775042603517536007,1775042603531843746,1775042603532528723,14.307739,0.684977,14.992716,200
1775042603522087937,1775042603532528723,1775042603533146538,10.440786,0.617815,11.058601,200
1775042603531655969,1775042603533146538,1775042603534180447,1.490569,1.033909,2.524478,200
1775042603531724374,1775042603534180447,1775042603534867899,2.456073,0.687452,3.143525,200
1775042603531846825,1775042603534867899,1775042603535403794,3.021074,0.535895,3.556969,200
1775042603532753276,1775042603535403794,1775042603537961633,2.650518,2.557839,5.208357,200
1775042603533746237,1775042603537961633,1775042603538604526,4.215396,0.642893,4.858289,200
1775042603539148773,1775042603539148773,1775042603540001014,0.000000,0.852241,0.852241,200
1775042603539262085,1775042603540001014,1775042603540603509,0.738929,0.602495,1.341424,200
1775042603539308977,1775042603540603509,1775042603541304592,1.294532,0.701083,1.995615,200
1775042603543455936,1775042603543455936,1775042603544081083,0.000000,0.625147,0.625147,200
1775042603545491248,1775042603545491248,1775042603546115368,0.000000,0.624120,0.624120,200
1775042603565054719,1775042603565054719,1775042603565819433,0.000000,0.764714,0.764714,200
1775042603565106130,1775042603565819433,1775042603566681331,0.713303,0.861898,1.575201,200
1775042603580520970,1775042603580520970,1775042603581071513,0.000000,0.550543,0.550543,200
1775042603581860562,1775042603581860562,1775042603582419182,0.000000,0.558620,0.558620,200
1775042603590261007,1775042603590261007,1775042603590938461,0.000000,0.677454,0.677454,200
1775042603595851250,1775042603595851250,1775042603596552333,0.000000,0.701083,0.701083,200
1775042603596508231,1775042603596552333,1775042603597297528,0.044102,0.745195,0.789297,200
1775042603596671071,1775042603597297528,1775042603597818310,0.626457,0.520782,1.147239,200
1775042603596878909,1775042603597818310,1775042603598472996,0.939401,0.654686,1.594087,200
1775042603634707992,1775042603634707992,1775042603635471136,0.000000,0.763144,0.763144,200
1775042603673109763,1775042603673109763,1775042603673930495,0.000000,0.820732,0.820732,200
1775042603675083231,1775042603675083231,1775042603676466902,0.000000,1.383671,1.383671,200
1775042603698708644,1775042603698708644,1775042603699295540,0.000000,0.586896,0.586896,200
1775042603706354717,1775042603706354717,1775042603707112927,0.000000,0.758210,0.758210,200
1775042603708157810,1775042603708157810,1775042603708889188,0.000000,0.731378,0.731378,200
1775042603708199522,1775042603708889188,1775042603716388054,0.689666,7.498866,8.188532,200
1775042603708398032,1775042603716388054,1775042603717947031,7.990022,1.558977,9.548999,200
1775042603710630518,1775042603717947031,1775042603718461202,7.316513,0.514171,7.830684,200
1775042603715145330,1775042603718461202,1775042603724503501,3.315872,6.042299,9.358171,200
1775042603732296541,1775042603732296541,1775042603732997864,0.000000,0.701323,0.701323,200
1775042603734728450,1775042603734728450,1775042603735366124,0.000000,0.637674,0.637674,200
1775042603748079689,1775042603748079689,1775042603748599222,0.000000,0.519533,0.519533,200
1775042603748137122,1775042603748599222,1775042603749315172,0.462100,0.715950,1.178050,200
1775042603748778853,1775042603749315172,1775042603750174585,0.536319,0.859413,1.395732,200
1775042603761936855,1775042603761936855,1775042603762715215,0.000000,0.778360,0.778360,200
1775042603762029828,1775042603762715215,1775042603765637329,0.685387,2.922114,3.607501,200
1775042603765499807,1775042603765637329,1775042603766459429,0.137522,0.822100,0.959622,200
1775042603767941054,1775042603767941054,1775042603768606161,0.000000,0.665107,0.665107,200
1775042603773864706,1775042603773864706,1775042603774432903,0.000000,0.568197,0.568197,200
1775042603779635526,1775042603779635526,1775042603780479666,0.000000,0.844140,0.844140,200
1775042603782496603,1775042603782496603,1775042603783411954,0.000000,0.915351,0.915351,200
1775042603785920801,1775042603785920801,1775042603786422931,0.000000,0.502130,0.502130,200
1775042603788530049,1775042603788530049,1775042603792948701,0.000000,4.418652,4.418652,200
1775042603790079654,1775042603792948701,1775042603793588590,2.869047,0.639889,3.508936,200
1775042603802065029,1775042603802065029,1775042603802716745,0.000000,0.651716,0.651716,200
1775042603803951075,1775042603803951075,1775042603804536526,0.000000,0.585451,0.585451,200
1775042603805827231,1775042603805827231,1775042603806554100,0.000000,0.726869,0.726869,200
1775042603808089517,1775042603808089517,1775042603810163757,0.000000,2.074240,2.074240,200
1775042603808730176,1775042603810163757,1775042603810722553,1.433581,0.558796,1.992377,200
1775042603824013775,1775042603824013775,1775042603824459732,0.000000,0.445957,0.445957,200
1775042603840498530,1775042603840498530,1775042603841322253,0.000000,0.823723,0.823723,200
1775042603845659962,1775042603845659962,1775042603846320974,0.000000,0.661012,0.661012,200
1775042603849743706,1775042603849743706,1775042603850509212,0.000000,0.765506,0.765506,200
1775042603855478304,1775042603855478304,1775042603856341113,0.000000,0.862809,0.862809,200
1775042603860291252,1775042603860291252,1775042603860981619,0.000000,0.690367,0.690367,200
1775042603863325644,1775042603863325644,1775042603864232897,0.000000,0.907253,0.907253,200
1775042603864215613,1775042603864232897,1775042603864676241,0.017284,0.443344,0.460628,200
1775042603865733776,1775042603865733776,1775042603866520761,0.000000,0.786985,0.786985,200
1775042603868122791,1775042603868122791,1775042603868879466,0.000000,0.756675,0.756675,200
1775042603871677973,1775042603871677973,1775042603872378350,0.000000,0.700377,0.700377,200
1775042603873574169,1775042603873574169,1775042603874305056,0.000000,0.730887,0.730887,200
1775042603875497668,1775042603875497668,1775042603876326817,0.000000,0.829149,0.829149,200
1775042603876600105,1775042603876600105,1775042603882504788,0.000000,5.904683,5.904683,200
1775042603877762458,1775042603882504788,1775042603883311979,4.742330,0.807191,5.549521,200
1775042603880028912,1775042603883311979,1775042603884282182,3.283067,0.970203,4.253270,200
1775042603884285687,1775042603884285687,1775042603885127291,0.000000,0.841604,0.841604,200
1775042603885898205,1775042603885898205,1775042603886702114,0.000000,0.803909,0.803909,200
1775042603898068440,1775042603898068440,1775042603898925796,0.000000,0.857356,0.857356,200
1775042603899036543,1775042603899036543,1775042603900050626,0.000000,1.014083,1.014083,200
1775042603902860477,1775042603902860477,1775042603904310302,0.000000,1.449825,1.449825,200
1775042603904621437,1775042603904621437,1775042603905533590,0.000000,0.912153,0.912153,200
1775042603906156553,1775042603906156553,1775042603906789798,0.000000,0.633245,0.633245,200
1775042603908149994,1775042603908149994,1775042603911693216,0.000000,3.543222,3.543222,200
1775042603913201900,1775042603913201900,1775042603914275037,0.000000,1.073137,1.073137,200
1775042603916482003,1775042603916482003,1775042603917276133,0.000000,0.794130,0.794130,200
1775042603917764053,1775042603917764053,1775042603918468608,0.000000,0.704555,0.704555,200
1775042603917803079,1775042603918468608,1775042603918912011,0.665529,0.443403,1.108932,200
1775042603981063464,1775042603981063464,1775042603982002964,0.000000,0.939500,0.939500,200
1775042603982924330,1775042603982924330,1775042603983540862,0.000000,0.616532,0.616532,200
1775042604022090801,1775042604022090801,1775042604022715780,0.000000,0.624979,0.624979,200
1775042604027141508,1775042604027141508,1775042604028416207,0.000000,1.274699,1.274699,200
1775042604074721819,1775042604074721819,1775042604075973220,0.000000,1.251401,1.251401,200
1775042604087681136,1775042604087681136,1775042604089107150,0.000000,1.426014,1.426014,200
1775042604088723194,1775042604089107150,1775042604089720706,0.383956,0.613556,0.997512,200
1775042604112820683,1775042604112820683,1775042604113295768,0.000000,0.475085,0.475085,200
1775042604115370754,1775042604115370754,1775042604115896870,0.000000,0.526116,0.526116,200
1775042604117942178,1775042604117942178,1775042604119593296,0.000000,1.651118,1.651118,200
1775042604133331087,1775042604133331087,1775042604134166074,0.000000,0.834987,0.834987,200
1775042604134003198,1775042604134166074,1775042604134593768,0.162876,0.427694,0.590570,200
1775042604134065770,1775042604134593768,1775042604135616421,0.527998,1.022653,1.550651,200
1775042604135350806,1775042604135616421,1775042604136443944,0.265615,0.827523,1.093138,200
1775042604135480771,1775042604136443944,1775042604137100923,0.963173,0.656979,1.620152,200
1775042604146132730,1775042604146132730,1775042604146858244,0.000000,0.725514,0.725514,200
1775042604152448701,1775042604152448701,1775042604152945860,0.000000,0.497159,0.497159,200
1775042604152526303,1775042604152945860,1775042604154394051,0.419557,1.448191,1.867748,200
1775042604152572274,1775042604154394051,1775042604155087133,1.821777,0.693082,2.514859,200
1775042604152614346,1775042604155087133,1775042604155552645,2.472787,0.465512,2.938299,200
1775042604152656359,1775042604155552645,1775042604156239396,2.896286,0.686751,3.583037,200
1775042604160522806,1775042604160522806,1775042604161101285,0.000000,0.578479,0.578479,200
1775042604193710299,1775042604193710299,1775042604195174974,0.000000,1.464675,1.464675,200
1775042604199873349,1775042604199873349,1775042604200949798,0.000000,1.076449,1.076449,200
1775042604212062535,1775042604212062535,1775042604212851506,0.000000,0.788971,0.788971,200
1775042604216507610,1775042604216507610,1775042604217532331,0.000000,1.024721,1.024721,200
1775042604217410203,1775042604217532331,1775042604222315084,0.122128,4.782753,4.904881,200
1775042604218267097,1775042604222315084,1775042604223277304,4.047987,0.962220,5.010207,200
1775042604236920205,1775042604236920205,1775042604237569291,0.000000,0.649086,0.649086,200
1775042604236979542,1775042604237569291,1775042604238276542,0.589749,0.707251,1.297000,200
1775042604248461718,1775042604248461718,1775042604249595890,0.000000,1.134172,1.134172,200
1775042604249506972,1775042604249595890,1775042604250463247,0.088918,0.867357,0.956275,200
1775042604258250323,1775042604258250323,1775042604258897564,0.000000,0.647241,0.647241,200
1775042604260582756,1775042604260582756,1775042604261067340,0.000000,0.484584,0.484584,200
1775042604263070701,1775042604263070701,1775042604263929990,0.000000,0.859289,0.859289,200
1775042604264160082,1775042604264160082,1775042604264880821,0.000000,0.720739,0.720739,200
1775042604264972278,1775042604264972278,1775042604265655982,0.000000,0.683704,0.683704,200
1775042604265910893,1775042604265910893,1775042604266892293,0.000000,0.981400,0.981400,200
1775042604267748106,1775042604267748106,1775042604270183030,0.000000,2.434924,2.434924,200
1775042604274702156,1775042604274702156,1775042604275548736,0.000000,0.846580,0.846580,200
1775042604277675388,1775042604277675388,1775042604278623403,0.000000,0.948015,0.948015,200
1775042604280631627,1775042604280631627,1775042604282096237,0.000000,1.464610,1.464610,200
1775042604281700899,1775042604282096237,1775042604282753089,0.395338,0.656852,1.052190,200
1775042604287018121,1775042604287018121,1775042604287867161,0.000000,0.849040,0.849040,200
1775042604291412433,1775042604291412433,1775042604292671726,0.000000,1.259293,1.259293,200
1775042604295547366,1775042604295547366,1775042604296316508,0.000000,0.769142,0.769142,200
1775042604304271953,1775042604304271953,1775042604305072668,0.000000,0.800715,0.800715,200
1775042604305747663,1775042604305747663,1775042604306423572,0.000000,0.675909,0.675909,200
1775042604307175389,1775042604307175389,1775042604308088104,0.000000,0.912715,0.912715,200
1775042604310350187,1775042604310350187,1775042604311240311,0.000000,0.890124,0.890124,200
1775042604312867744,1775042604312867744,1775042604313605515,0.000000,0.737771,0.737771,200
1775042604314275059,1775042604314275059,1775042604319086373,0.000000,4.811314,4.811314,200
1775042604316015149,1775042604319086373,1775042604319813167,3.071224,0.726794,3.798018,200
1775042604318578726,1775042604319813167,1775042604320782015,1.234441,0.968848,2.203289,200
1775042604318644566,1775042604320782015,1775042604325009503,2.137449,4.227488,6.364937,200
1775042604319012799,1775042604325009503,1775042604325668891,5.996704,0.659388,6.656092,200
1775042604325009192,1775042604325668891,1775042604326341718,0.659699,0.672827,1.332526,200
1775042604326814761,1775042604326814761,1775042604327313939,0.000000,0.499178,0.499178,200
1775042604331108557,1775042604331108557,1775042604331760907,0.000000,0.652350,0.652350,200
1775042604353773082,1775042604353773082,1775042604354678318,0.000000,0.905236,0.905236,200
1775042604356318204,1775042604356318204,1775042604357148586,0.000000,0.830382,0.830382,200
1775042604363946090,1775042604363946090,1775042604365263599,0.000000,1.317509,1.317509,200
1775042604364131585,1775042604365263599,1775042604365722832,1.132014,0.459233,1.591247,200
1775042604387866665,1775042604387866665,1775042604388779092,0.000000,0.912427,0.912427,200
1775042604404445713,1775042604404445713,1775042604406478770,0.000000,2.033057,2.033057,200
1775042604406679051,1775042604406679051,1775042604407524479,0.000000,0.845428,0.845428,200
1775042604408677789,1775042604408677789,1775042604409377620,0.000000,0.699831,0.699831,200
1775042604415928844,1775042604415928844,1775042604416617663,0.000000,0.688819,0.688819,200
1775042604417256764,1775042604417256764,1775042604418094579,0.000000,0.837815,0.837815,200
1775042604449762961,1775042604449762961,1775042604450273405,0.000000,0.510444,0.510444,200
1775042604452071302,1775042604452071302,1775042604452573449,0.000000,0.502147,0.502147,200
1775042604455434311,1775042604455434311,1775042604457014282,0.000000,1.579971,1.579971,200
1775042604457409617,1775042604457409617,1775042604458050777,0.000000,0.641160,0.641160,200
1775042604475611578,1775042604475611578,1775042604482095709,0.000000,6.484131,6.484131,200
1775042604497056387,1775042604497056387,1775042604497855452,0.000000,0.799065,0.799065,200
1775042604502122602,1775042604502122602,1775042604502688867,0.000000,0.566265,0.566265,200
1775042604505619483,1775042604505619483,1775042604506026173,0.000000,0.406690,0.406690,200
1775042604553351227,1775042604553351227,1775042604554146340,0.000000,0.795113,0.795113,200
1775042604605277080,1775042604605277080,1775042604606861835,0.000000,1.584755,1.584755,200
1775042604610089055,1775042604610089055,1775042604610984147,0.000000,0.895092,0.895092,200
1775042604618310248,1775042604618310248,1775042604618964304,0.000000,0.654056,0.654056,200
1775042604619272289,1775042604619272289,1775042604620667784,0.000000,1.395495,1.395495,200
1775042604626722568,1775042604626722568,1775042604627384438,0.000000,0.661870,0.661870,200
1775042604632427809,1775042604632427809,1775042604633156425,0.000000,0.728616,0.728616,200
1775042604632562894,1775042604633156425,1775042604633889977,0.593531,0.733552,1.327083,200
1775042604633721301,1775042604633889977,1775042604634404348,0.168676,0.514371,0.683047,200
1775042604706850712,1775042604706850712,1775042604707877010,0.000000,1.026298,1.026298,200
1775042604716624838,1775042604716624838,1775042604719349279,0.000000,2.724441,2.724441,200
1775042604716702641,1775042604719349279,1775042604720421948,2.646638,1.072669,3.719307,200
1775042604749376304,1775042604749376304,1775042604750181568,0.000000,0.805264,0.805264,200
1775042604753935008,1775042604753935008,1775042604755352760,0.000000,1.417752,1.417752,200
1775042604756374020,1775042604756374020,1775042604757123536,0.000000,0.749516,0.749516,200
1775042604781643368,1775042604781643368,1775042604782344721,0.000000,0.701353,0.701353,200
1775042604781743144,1775042604782344721,1775042604786597084,0.601577,4.252363,4.853940,200
1775042604783128682,1775042604786597084,1775042604787101825,3.468402,0.504741,3.973143,200
1775042604784140122,1775042604787101825,1775042604787783034,2.961703,0.681209,3.642912,200
1775042604787294560,1775042604787783034,1775042604788468812,0.488474,0.685778,1.174252,200
1775042604787401560,1775042604788468812,1775042604789077500,1.067252,0.608688,1.675940,200
1775042604790672307,1775042604790672307,1775042604791444225,0.000000,0.771918,0.771918,200
1775042604796582689,1775042604796582689,1775042604797370810,0.000000,0.788121,0.788121,200
1775042604799950260,1775042604799950260,1775042604800554215,0.000000,0.603955,0.603955,200
1775042604845552003,1775042604845552003,1775042604846198222,0.000000,0.646219,0.646219,200
1775042604849542084,1775042604849542084,1775042604856494257,0.000000,6.952173,6.952173,200
1775042604872803326,1775042604872803326,1775042604873894240,0.000000,1.090914,1.090914,200
1775042604903755583,1775042604903755583,1775042604904216668,0.000000,0.461085,0.461085,200
1775042604934331616,1775042604934331616,1775042604935102351,0.000000,0.770735,0.770735,200
1775042604934596066,1775042604935102351,1775042604935765705,0.506285,0.663354,1.169639,200
1775042604941641398,1775042604941641398,1775042604943118703,0.000000,1.477305,1.477305,200
1775042604964839310,1775042604964839310,1775042604965866085,0.000000,1.026775,1.026775,200
1775042604966876236,1775042604966876236,1775042604967334851,0.000000,0.458615,0.458615,200
1775042604968674107,1775042604968674107,1775042604969138982,0.000000,0.464875,0.464875,200
1775042604968753012,1775042604969138982,1775042604969850332,0.385970,0.711350,1.097320,200
1775042604968812609,1775042604969850332,1775042604970668776,1.037723,0.818444,1.856167,200
1775042604970305864,1775042604970668776,1775042604971180956,0.362912,0.512180,0.875092,200
1775042604973651936,1775042604973651936,1775042604974348013,0.000000,0.696077,0.696077,200
1775042604975531754,1775042604975531754,1775042604977172083,0.000000,1.640329,1.640329,200
1775042604981627178,1775042604981627178,1775042604982310371,0.000000,0.683193,0.683193,200
1775042604984062263,1775042604984062263,1775042604985592568,0.000000,1.530305,1.530305,200
1775042604990146942,1775042604990146942,1775042604990668328,0.000000,0.521386,0.521386,200
1775042604999001922,1775042604999001922,1775042604999872634,0.000000,0.870712,0.870712,200
1775042605001580079,1775042605001580079,1775042605002048680,0.000000,0.468601,0.468601,200
1775042605015143310,1775042605015143310,1775042605015923513,0.000000,0.780203,0.780203,200
1775042605015205272,1775042605015923513,1775042605018343258,0.718241,2.419745,3.137986,200
1775042605015228077,1775042605018343258,1775042605019529818,3.115181,1.186560,4.301741,200
1775042605064242108,1775042605064242108,1775042605065542745,0.000000,1.300637,1.300637,200
1775042605090258025,1775042605090258025,1775042605091063429,0.000000,0.805404,0.805404,200
1775042605094353873,1775042605094353873,1775042605096309482,0.000000,1.955609,1.955609,200
1775042605100851043,1775042605100851043,1775042605101452468,0.000000,0.601425,0.601425,200
1775042605104549067,1775042605104549067,1775042605105299883,0.000000,0.750816,0.750816,200
1775042605104616560,1775042605105299883,1775042605105709949,0.683323,0.410066,1.093389,200
1775042605137469444,1775042605137469444,1775042605138603616,0.000000,1.134172,1.134172,200
1775042605140562536,1775042605140562536,1775042605141849837,0.000000,1.287301,1.287301,200
1775042605140726588,1775042605141849837,1775042605142904802,1.123249,1.054965,2.178214,200
1775042605140773971,1775042605142904802,1775042605143635596,2.130831,0.730794,2.861625,200
1775042605151940694,1775042605151940694,1775042605152616352,0.000000,0.675658,0.675658,200
1775042605153213534,1775042605153213534,1775042605154729302,0.000000,1.515768,1.515768,200
1775042605156915607,1775042605156915607,1775042605157922777,0.000000,1.007170,1.007170,200
1775042605158229788,1775042605158229788,1775042605158954327,0.000000,0.724539,0.724539,200
1775042605160496903,1775042605160496903,1775042605161299983,0.000000,0.803080,0.803080,200
1775042605166110824,1775042605166110824,1775042605166899699,0.000000,0.788875,0.788875,200
1775042605173328799,1775042605173328799,1775042605174006101,0.000000,0.677302,0.677302,200
1775042605173395881,1775042605174006101,1775042605174728615,0.610220,0.722514,1.332734,200
1775042605173439617,1775042605174728615,1775042605175478249,1.288998,0.749634,2.038632,200
1775042605189896496,1775042605189896496,1775042605190679583,0.000000,0.783087,0.783087,200
1775042605192862505,1775042605192862505,1775042605193388991,0.000000,0.526486,0.526486,200
1775042605212627499,1775042605212627499,1775042605217983143,0.000000,5.355644,5.355644,200
1775042605225730831,1775042605225730831,1775042605227164951,0.000000,1.434120,1.434120,200
1775042605227307950,1775042605227307950,1775042605227788261,0.000000,0.480311,0.480311,200
1775042605230278286,1775042605230278286,1775042605231624290,0.000000,1.346004,1.346004,200
1775042605234262786,1775042605234262786,1775042605235022061,0.000000,0.759275,0.759275,200
1775042605234507547,1775042605235022061,1775042605235708692,0.514514,0.686631,1.201145,200
1775042605241074210,1775042605241074210,1775042605241671125,0.000000,0.596915,0.596915,200
1775042605246973096,1775042605246973096,1775042605247675918,0.000000,0.702822,0.702822,200
1775042605247446617,1775042605247675918,1775042605252864553,0.229301,5.188635,5.417936,200
1775042605252535566,1775042605252864553,1775042605253514132,0.328987,0.649579,0.978566,200
1775042605252660823,1775042605253514132,1775042605254196778,0.853309,0.682646,1.535955,200
1775042605257488689,1775042605257488689,1775042605258233994,0.000000,0.745305,0.745305,200
1775042605314106536,1775042605314106536,1775042605315327520,0.000000,1.220984,1.220984,200
1775042605318596124,1775042605318596124,1775042605319006702,0.000000,0.410578,0.410578,200
1775042605322474384,1775042605322474384,1775042605323333462,0.000000,0.859078,0.859078,200
1775042605325925797,1775042605325925797,1775042605326436379,0.000000,0.510582,0.510582,200
1775042605337655158,1775042605337655158,1775042605339877257,0.000000,2.222099,2.222099,200
1775042605366258613,1775042605366258613,1775042605366843924,0.000000,0.585311,0.585311,200
1775042605367975334,1775042605367975334,1775042605369383148,0.000000,1.407814,1.407814,200
1775042605374991002,1775042605374991002,1775042605375676450,0.000000,0.685448,0.685448,200
1775042605377710324,1775042605377710324,1775042605378165372,0.000000,0.455048,0.455048,200
1775042605381003598,1775042605381003598,1775042605381823774,0.000000,0.820176,0.820176,200
1775042605445301920,1775042605445301920,1775042605446354196,0.000000,1.052276,1.052276,200
1775042605479420360,1775042605479420360,1775042605480200915,0.000000,0.780555,0.780555,200
1775042605480347624,1775042605480347624,1775042605482143149,0.000000,1.795525,1.795525,200
1775042605481682166,1775042605482143149,1775042605483349438,0.460983,1.206289,1.667272,200
1775042605484147180,1775042605484147180,1775042605484940803,0.000000,0.793623,0.793623,200
1775042605485032439,1775042605485032439,1775042605488737058,0.000000,3.704619,3.704619,200
1775042605512810242,1775042605512810242,1775042605514244400,0.000000,1.434158,1.434158,200
1775042605529651187,1775042605529651187,1775042605540931667,0.000000,11.280480,11.280480,200
1775042605533104197,1775042605540931667,1775042605541353516,7.827470,0.421849,8.249319,200
1775042605534929478,1775042605541353516,1775042605542491960,6.424038,1.138444,7.562482,200
1775042605535007020,1775042605542491960,1775042605542980751,7.484940,0.488791,7.973731,200
1775042605563415192,1775042605563415192,1775042605564006504,0.000000,0.591312,0.591312,200
1775042605563471142,1775042605564006504,1775042605565295690,0.535362,1.289186,1.824548,200
1775042605563502484,1775042605565295690,1775042605565907220,1.793206,0.611530,2.404736,200
1775042605572133790,1775042605572133790,1775042605574499732,0.000000,2.365942,2.365942,200
1775042605572919255,1775042605574499732,1775042605575272883,1.580477,0.773151,2.353628,200
1775042605581897696,1775042605581897696,1775042605582618872,0.000000,0.721176,0.721176,200
1775042605590615259,1775042605590615259,1775042605592447022,0.000000,1.831763,1.831763,200
1775042605671571644,1775042605671571644,1775042605672393029,0.000000,0.821385,0.821385,200
1775042605674072591,1775042605674072591,1775042605674765102,0.000000,0.692511,0.692511,200
1775042605680137855,1775042605680137855,1775042605681129575,0.000000,0.991720,0.991720,200
1775042605687881375,1775042605687881375,1775042605691073849,0.000000,3.192474,3.192474,200
1775042605695921333,1775042605695921333,1775042605696828761,0.000000,0.907428,0.907428,200
1775042605698557834,1775042605698557834,1775042605699058910,0.000000,0.501076,0.501076,200
1775042605701861325,1775042605701861325,1775042605702402970,0.000000,0.541645,0.541645,200
1775042605717353607,1775042605717353607,1775042605721687989,0.000000,4.334382,4.334382,200
1775042605717418204,1775042605721687989,1775042605724766798,4.269785,3.078809,7.348594,200
1775042605720164030,1775042605724766798,1775042605725489092,4.602768,0.722294,5.325062,200
1775042605720227324,1775042605725489092,1775042605726202455,5.261768,0.713363,5.975131,200
1775042605721074409,1775042605726202455,1775042605727500454,5.128046,1.297999,6.426045,200
1775042605740667695,1775042605740667695,1775042605741583046,0.000000,0.915351,0.915351,200
1775042605740737823,1775042605741583046,1775042605742654172,0.845223,1.071126,1.916349,200
1775042605743406699,1775042605743406699,1775042605744311164,0.000000,0.904465,0.904465,200
1775042605743611441,1775042605744311164,1775042605745005962,0.699723,0.694798,1.394521,200
1775042605743784060,1775042605745005962,1775042605746277687,1.221902,1.271725,2.493627,200
1775042605747308546,1775042605747308546,1775042605748073631,0.000000,0.765085,0.765085,200
1775042605774058419,1775042605774058419,1775042605774816147,0.000000,0.757728,0.757728,200
1775042605777046180,1775042605777046180,1775042605777848803,0.000000,0.802623,0.802623,200
1775042605777571702,1775042605777848803,1775042605778674128,0.277101,0.825325,1.102426,200
1775042605788657727,1775042605788657727,1775042605789636421,0.000000,0.978694,0.978694,200
1775042605793222486,1775042605793222486,1775042605794173452,0.000000,0.950966,0.950966,200
1775042605793293566,1775042605794173452,1775042605795017592,0.879886,0.844140,1.724026,200
1775042605794478484,1775042605795017592,1775042605795842917,0.539108,0.825325,1.364433,200
1775042605798147033,1775042605798147033,1775042605798790651,0.000000,0.643618,0.643618,200
1775042605817041242,1775042605817041242,1775042605818373812,0.000000,1.332570,1.332570,200
1775042605824894012,1775042605824894012,1775042605825617134,0.000000,0.723122,0.723122,200
1775042605843780233,1775042605843780233,1775042605844537434,0.000000,0.757201,0.757201,200
1775042605845416208,1775042605845416208,1775042605846130963,0.000000,0.714755,0.714755,200
1775042605848586167,1775042605848586167,1775042605850092659,0.000000,1.506492,1.506492,200
1775042605850256359,1775042605850256359,1775042605850780650,0.000000,0.524291,0.524291,200
1775042605857814376,1775042605857814376,1775042605858546122,0.000000,0.731746,0.731746,200
1775042605857885796,1775042605858546122,1775042605859478396,0.660326,0.932274,1.592600,200
1775042605862711623,1775042605862711623,1775042605864020867,0.000000,1.309244,1.309244,200
1775042605864217823,1775042605864217823,1775042605865557733,0.000000,1.339910,1.339910,200
1775042605868018828,1775042605868018828,1775042605868859876,0.000000,0.841048,0.841048,200
1775042605868169253,1775042605868859876,1775042605869976267,0.690623,1.116391,1.807014,200
1775042605870852867,1775042605870852867,1775042605872822587,0.000000,1.969720,1.969720,200
1775042605870911131,1775042605872822587,1775042605873464156,1.911456,0.641569,2.553025,200
1775042605885466497,1775042605885466497,1775042605886079667,0.000000,0.613170,0.613170,200
1775042605888874353,1775042605888874353,1775042605889311122,0.000000,0.436769,0.436769,200
1775042605891241754,1775042605891241754,1775042605891934608,0.000000,0.692854,0.692854,200
1775042605897298496,1775042605897298496,1775042605897946109,0.000000,0.647613,0.647613,200
1775042605904745314,1775042605904745314,1775042605905445032,0.000000,0.699718,0.699718,200
1775042605935254254,1775042605935254254,1775042605935989289,0.000000,0.735035,0.735035,200
1775042605936155545,1775042605936155545,1775042605936851676,0.000000,0.696131,0.696131,200
1775042605951142768,1775042605951142768,1775042605951817103,0.000000,0.674335,0.674335,200
1775042605952663968,1775042605952663968,1775042605959474952,0.000000,6.810984,6.810984,200
1775042605985037278,1775042605985037278,1775042605985468178,0.000000,0.430900,0.430900,200
1775042605991084972,1775042605991084972,1775042605991834706,0.000000,0.749734,0.749734,200
1775042606002689093,1775042606002689093,1775042606003698174,0.000000,1.009081,1.009081,200
1775042606004134553,1775042606004134553,1775042606004924287,0.000000,0.789734,0.789734,200
1775042606004257946,1775042606004924287,1775042606014603637,0.666341,9.679350,10.345691,200
1775042606019118056,1775042606019118056,1775042606019699209,0.000000,0.581153,0.581153,200
1775042606021801439,1775042606021801439,1775042606022232617,0.000000,0.431178,0.431178,200
1775042606021837940,1775042606022232617,1775042606022909346,0.394677,0.676729,1.071406,200
1775042606023458226,1775042606023458226,1775042606024393655,0.000000,0.935429,0.935429,200
1775042606025708308,1775042606025708308,1775042606026542987,0.000000,0.834679,0.834679,200
1775042606029139780,1775042606029139780,1775042606030465776,0.000000,1.325996,1.325996,200
1775042606031071235,1775042606031071235,1775042606034633398,0.000000,3.562163,3.562163,200
1775042606042964165,1775042606042964165,1775042606044639744,0.000000,1.675579,1.675579,200
1775042606048764320,1775042606048764320,1775042606049562923,0.000000,0.798603,0.798603,200
1775042606050127698,1775042606050127698,1775042606050786914,0.000000,0.659216,0.659216,200
1775042606050312641,1775042606050786914,1775042606051308090,0.474273,0.521176,0.995449,200
1775042606053841951,1775042606053841951,1775042606054674573,0.000000,0.832622,0.832622,200
1775042606057570384,1775042606057570384,1775042606058601843,0.000000,1.031459,1.031459,200
1775042606062228276,1775042606062228276,1775042606063065804,0.000000,0.837528,0.837528,200
1775042606063364118,1775042606063364118,1775042606064088752,0.000000,0.724634,0.724634,200
1775042606064896430,1775042606064896430,1775042606066915845,0.000000,2.019415,2.019415,200
1775042606065033980,1775042606066915845,1775042606068707261,1.881865,1.791416,3.673281,200
1775042606065864482,1775042606068707261,1775042606069403961,2.842779,0.696700,3.539479,200
1775042606073355862,1775042606073355862,1775042606080834549,0.000000,7.478687,7.478687,200
1775042606080273729,1775042606080834549,1775042606081998999,0.560820,1.164450,1.725270,200
1775042606080549951,1775042606081998999,1775042606082881421,1.449048,0.882422,2.331470,200
1775042606101672847,1775042606101672847,1775042606102687210,0.000000,1.014363,1.014363,200
1775042606108830006,1775042606108830006,1775042606109572368,0.000000,0.742362,0.742362,200
1775042606108893661,1775042606109572368,1775042606110260421,0.678707,0.688053,1.366760,200
1775042606114058650,1775042606114058650,1775042606114819814,0.000000,0.761164,0.761164,200
1775042606122997615,1775042606122997615,1775042606123683142,0.000000,0.685527,0.685527,200
1775042606124684595,1775042606124684595,1775042606125272130,0.000000,0.587535,0.587535,200
1775042606187788943,1775042606187788943,1775042606190068095,0.000000,2.279152,2.279152,200
1775042606196857603,1775042606196857603,1775042606197378989,0.000000,0.521386,0.521386,200
1775042606227070191,1775042606227070191,1775042606227811329,0.000000,0.741138,0.741138,200
1775042606227243291,1775042606227811329,1775042606228547183,0.568038,0.735854,1.303892,200
1775042606227372094,1775042606228547183,1775042606233063732,1.175089,4.516549,5.691638,200
1775042606227679297,1775042606233063732,1775042606233774700,5.384435,0.710968,6.095403,200
1775042606232660911,1775042606233774700,1775042606234697806,1.113789,0.923106,2.036895,200
1775042606234622426,1775042606234697806,1775042606235425431,0.075380,0.727625,0.803005,200
1775042606264376453,1775042606264376453,1775042606265083808,0.000000,0.707355,0.707355,200
1775042606289358501,1775042606289358501,1775042606290547119,0.000000,1.188618,1.188618,200
1775042606293870767,1775042606293870767,1775042606295058155,0.000000,1.187388,1.187388,200
1775042606293954552,1775042606295058155,1775042606295735597,1.103603,0.677442,1.781045,200
1775042606395077778,1775042606395077778,1775042606395742704,0.000000,0.664926,0.664926,200
1775042606397039062,1775042606397039062,1775042606397644973,0.000000,0.605911,0.605911,200
1775042606406556482,1775042606406556482,1775042606407142238,0.000000,0.585756,0.585756,200
1775042606413454899,1775042606413454899,1775042606414259062,0.000000,0.804163,0.804163,200
1775042606413796931,1775042606414259062,1775042606415032251,0.462131,0.773189,1.235320,200
1775042606428837163,1775042606428837163,1775042606429529764,0.000000,0.692601,0.692601,200
1775042606439950190,1775042606439950190,1775042606440853876,0.000000,0.903686,0.903686,200
1775042606441887687,1775042606441887687,1775042606442279347,0.000000,0.391660,0.391660,200
1775042606443352886,1775042606443352886,1775042606444162699,0.000000,0.809813,0.809813,200
1775042606444844210,1775042606444844210,1775042606447114184,0.000000,2.269974,2.269974,200
1775042606451573842,1775042606451573842,1775042606452224141,0.000000,0.650299,0.650299,200
1775042606452771124,1775042606452771124,1775042606453277106,0.000000,0.505982,0.505982,200
1775042606452810171,1775042606453277106,1775042606454013345,0.466935,0.736239,1.203174,200
1775042606471587891,1775042606471587891,1775042606473494603,0.000000,1.906712,1.906712,200
1775042606475701715,1775042606475701715,1775042606476520786,0.000000,0.819071,0.819071,200
1775042606480124134,1775042606480124134,1775042606480558077,0.000000,0.433943,0.433943,200
1775042606480205394,1775042606480558077,1775042606481666817,0.352683,1.108740,1.461423,200
1775042606508108600,1775042606508108600,1775042606508864046,0.000000,0.755446,0.755446,200
1775042606509510173,1775042606509510173,1775042606510854582,0.000000,1.344409,1.344409,200
1775042606509577526,1775042606510854582,1775042606511621279,1.277056,0.766697,2.043753,200
1775042606513180776,1775042606513180776,1775042606515906056,0.000000,2.725280,2.725280,200
1775042606514336186,1775042606515906056,1775042606516447952,1.569870,0.541896,2.111766,200
1775042606515026242,1775042606516447952,1775042606517258596,1.421710,0.810644,2.232354,200
1775042606515094065,1775042606517258596,1775042606517852987,2.164531,0.594391,2.758922,200
1775042606517089899,1775042606517852987,1775042606518534171,0.763088,0.681184,1.444272,200
1775042606538159694,1775042606538159694,1775042606538875562,0.000000,0.715868,0.715868,200
1775042606547841866,1775042606547841866,1775042606548409252,0.000000,0.567386,0.567386,200
1775042606550151284,1775042606550151284,1775042606550878885,0.000000,0.727601,0.727601,200
1775042606560118543,1775042606560118543,1775042606560816028,0.000000,0.697485,0.697485,200
1775042606581107601,1775042606581107601,1775042606581791305,0.000000,0.683704,0.683704,200
1775042606583144984,1775042606583144984,1775042606585146497,0.000000,2.001513,2.001513,200
1775042606585112310,1775042606585146497,1775042606587338486,0.034187,2.191989,2.226176,200
1775042606590274247,1775042606590274247,1775042606591210458,0.000000,0.936211,0.936211,200
1775042606600170312,1775042606600170312,1775042606600918000,0.000000,0.747688,0.747688,200
1775042606601801814,1775042606601801814,1775042606602341636,0.000000,0.539822,0.539822,200
1775042606606203135,1775042606606203135,1775042606606921312,0.000000,0.718177,0.718177,200
1775042606657671270,1775042606657671270,1775042606658321881,0.000000,0.650611,0.650611,200
1775042606663185063,1775042606663185063,1775042606664016643,0.000000,0.831580,0.831580,200
1775042606663296873,1775042606664016643,1775042606664523546,0.719770,0.506903,1.226673,200
1775042606681413810,1775042606681413810,1775042606682275435,0.000000,0.861625,0.861625,200
1775042606684317075,1775042606684317075,1775042606687695457,0.000000,3.378382,3.378382,200
1775042606698951151,1775042606698951151,1775042606699775371,0.000000,0.824220,0.824220,200
1775042606700274130,1775042606700274130,1775042606703346283,0.000000,3.072153,3.072153,200
1775042606701509157,1775042606703346283,1775042606704391090,1.837126,1.044807,2.881933,200
1775042606701557663,1775042606704391090,1775042606704972325,2.833427,0.581235,3.414662,200
1775042606702048437,1775042606704972325,1775042606705823093,2.923888,0.850768,3.774656,200
1775042606707714112,1775042606707714112,1775042606708486626,0.000000,0.772514,0.772514,200
1775042606717280783,1775042606717280783,1775042606717767991,0.000000,0.487208,0.487208,200
1775042606719434345,1775042606719434345,1775042606720282344,0.000000,0.847999,0.847999,200
1775042606721776316,1775042606721776316,1775042606722469528,0.000000,0.693212,0.693212,200
1775042606745418552,1775042606745418552,1775042606746844101,0.000000,1.425549,1.425549,200
1775042606749819610,1775042606749819610,1775042606750185221,0.000000,0.365611,0.365611,200
1775042606751360287,1775042606751360287,1775042606752092148,0.000000,0.731861,0.731861,200
1775042606751430575,1775042606752092148,1775042606753596457,0.661573,1.504309,2.165882,200
1775042606753561623,1775042606753596457,1775042606754393815,0.034834,0.797358,0.832192,200
1775042606754878771,1775042606754878771,1775042606755551173,0.000000,0.672402,0.672402,200
1775042606755000610,1775042606755551173,1775042606756273613,0.550563,0.722440,1.273003,200
1775042606769119994,1775042606769119994,1775042606769643173,0.000000,0.523179,0.523179,200
1775042606770265556,1775042606770265556,1775042606771087198,0.000000,0.821642,0.821642,200
1775042606783504418,1775042606783504418,1775042606784208772,0.000000,0.704354,0.704354,200
1775042606783585147,1775042606784208772,1775042606784672254,0.623625,0.463482,1.087107,200
1775042606784669267,1775042606784672254,1775042606787481266,0.002987,2.809012,2.811999,200
1775042606784731670,1775042606787481266,1775042606788045453,2.749596,0.564187,3.313783,200
1775042606789374666,1775042606789374666,1775042606790025710,0.000000,0.651044,0.651044,200
1775042606789797216,1775042606790025710,1775042606790558026,0.228494,0.532316,0.760810,200
1775042606795772456,1775042606795772456,1775042606796620141,0.000000,0.847685,0.847685,200
1775042606814380008,1775042606814380008,1775042606815143700,0.000000,0.763692,0.763692,200
1775042606817087230,1775042606817087230,1775042606818075408,0.000000,0.988178,0.988178,200
1775042606861174486,1775042606861174486,1775042606861851116,0.000000,0.676630,0.676630,200
1775042606863705198,1775042606863705198,1775042606864233430,0.000000,0.528232,0.528232,200
1775042606872391069,1775042606872391069,1775042606872945277,0.000000,0.554208,0.554208,200
1775042606872542367,1775042606872945277,1775042606873583536,0.402910,0.638259,1.041169,200
1775042606882058708,1775042606882058708,1775042606882880093,0.000000,0.821385,0.821385,200
1775042606883687999,1775042606883687999,1775042606884379077,0.000000,0.691078,0.691078,200
1775042606883777726,1775042606884379077,1775042606884823151,0.601351,0.444074,1.045425,200
1775042606884646172,1775042606884823151,1775042606886025914,0.176979,1.202763,1.379742,200
1775042606902332494,1775042606902332494,1775042606903524008,0.000000,1.191514,1.191514,200
1775042606936313853,1775042606936313853,1775042606937401308,0.000000,1.087455,1.087455,200
1775042606938093554,1775042606938093554,1775042606938815667,0.000000,0.722113,0.722113,200
1775042606938144203,1775042606938815667,1775042606940408212,0.671464,1.592545,2.264009,200
1775042606943433687,1775042606943433687,1775042606944030671,0.000000,0.596984,0.596984,200
1775042606948918355,1775042606948918355,1775042606949816130,0.000000,0.897775,0.897775,200
1775042606957091415,1775042606957091415,1775042606957939823,0.000000,0.848408,0.848408,200
1775042606959962868,1775042606959962868,1775042606960721861,0.000000,0.758993,0.758993,200
1775042606965974908,1775042606965974908,1775042606967550928,0.000000,1.576020,1.576020,200
1775042606966052481,1775042606967550928,1775042606968418715,1.498447,0.867787,2.366234,200
1775042606966150864,1775042606968418715,1775042606969847604,2.267851,1.428889,3.696740,200
1775042606966199670,1775042606969847604,1775042606971003758,3.647934,1.156154,4.804088,200
1775042606967398728,1775042606971003758,1775042606971415158,3.605030,0.411400,4.016430,200
1775042606991545748,1775042606991545748,1775042606992660792,0.000000,1.115044,1.115044,200
1775042606991635073,1775042606992660792,1775042606993423201,1.025719,0.762409,1.788128,200
1775042606991749808,1775042606993423201,1775042606994190685,1.673393,0.767484,2.440877,200
1775042606991917588,1775042606994190685,1775042606994822606,2.273097,0.631921,2.905018,200
1775042606993467964,1775042606994822606,1775042606995450164,1.354642,0.627558,1.982200,200
1775042607002140581,1775042607002140581,1775042607003978523,0.000000,1.837942,1.837942,200
1775042607007811574,1775042607007811574,1775042607008298512,0.000000,0.486938,0.486938,200
1775042607008120074,1775042607008298512,1775042607009136805,0.178438,0.838293,1.016731,200
1775042607010874444,1775042607010874444,1775042607016853682,0.000000,5.979238,5.979238,200
1775042607026018424,1775042607026018424,1775042607026808358,0.000000,0.789934,0.789934,200
1775042607032221593,1775042607032221593,1775042607033674650,0.000000,1.453057,1.453057,200
1775042607036300057,1775042607036300057,1775042607037549284,0.000000,1.249227,1.249227,200
1775042607036368322,1775042607037549284,1775042607039444632,1.180962,1.895348,3.076310,200
1775042607073268546,1775042607073268546,1775042607073750244,0.000000,0.481698,0.481698,200
1775042607073451635,1775042607073750244,1775042607074320436,0.298609,0.570192,0.868801,200
1775042607081181749,1775042607081181749,1775042607081997182,0.000000,0.815433,0.815433,200
1775042607084347188,1775042607084347188,1775042607085079433,0.000000,0.732245,0.732245,200
1775042607084624914,1775042607085079433,1775042607085749360,0.454519,0.669927,1.124446,200
1775042607084673540,1775042607085749360,1775042607086204270,1.075820,0.454910,1.530730,200
1775042607100183545,1775042607100183545,1775042607101137676,0.000000,0.954131,0.954131,200
1775042607104982668,1775042607104982668,1775042607105525649,0.000000,0.542981,0.542981,200
1775042607113379487,1775042607113379487,1775042607113863160,0.000000,0.483673,0.483673,200
1775042607114627769,1775042607114627769,1775042607119991973,0.000000,5.364204,5.364204,200
1775042607118792333,1775042607119991973,1775042607120402551,1.199640,0.410578,1.610218,200
1775042607118915234,1775042607120402551,1775042607121091586,1.487317,0.689035,2.176352,200
1775042607128707166,1775042607128707166,1775042607129211487,0.000000,0.504321,0.504321,200
1775042607128862368,1775042607129211487,1775042607130004639,0.349119,0.793152,1.142271,200
1775042607139549480,1775042607139549480,1775042607140944053,0.000000,1.394573,1.394573,200
1775042607141190895,1775042607141190895,1775042607143635998,0.000000,2.445103,2.445103,200
1775042607141293818,1775042607143635998,1775042607144117112,2.342180,0.481114,2.823294,200
1775042607141339047,1775042607144117112,1775042607144640953,2.778065,0.523841,3.301906,200
1775042607165468829,1775042607165468829,1775042607165992690,0.000000,0.523861,0.523861,200
1775042607165557413,1775042607165992690,1775042607166782003,0.435277,0.789313,1.224590,200
1775042607168348718,1775042607168348718,1775042607169164904,0.000000,0.816186,0.816186,200
1775042607198594378,1775042607198594378,1775042607199336257,0.000000,0.741879,0.741879,200
1775042607200276885,1775042607200276885,1775042607200900372,0.000000,0.623487,0.623487,200
1775042607223099184,1775042607223099184,1775042607224896189,0.000000,1.797005,1.797005,200
1775042607223197988,1775042607224896189,1775042607226784531,1.698201,1.888342,3.586543,200
1775042607223243828,1775042607226784531,1775042607227400746,3.540703,0.616215,4.156918,200
1775042607229385642,1775042607229385642,1775042607229937928,0.000000,0.552286,0.552286,200
1775042607229469327,1775042607229937928,1775042607231111704,0.468601,1.173776,1.642377,200
1775042607253481464,1775042607253481464,1775042607254202595,0.000000,0.721131,0.721131,200
1775042607261448910,1775042607261448910,1775042607262038230,0.000000,0.589320,0.589320,200
1775042607261537294,1775042607262038230,1775042607262487032,0.500936,0.448802,0.949738,200
1775042607273182927,1775042607273182927,1775042607274465916,0.000000,1.282989,1.282989,200
1775042607273428169,1775042607274465916,1775042607275011409,1.037747,0.545493,1.583240,200
1775042607276089077,1775042607276089077,1775042607276812544,0.000000,0.723467,0.723467,200
1775042607278080520,1775042607278080520,1775042607278870782,0.000000,0.790262,0.790262,200
1775042607278141360,1775042607278870782,1775042607279519518,0.729422,0.648736,1.378158,200
1775042607281558154,1775042607281558154,1775042607282269095,0.000000,0.710941,0.710941,200
1775042607298295681,1775042607298295681,1775042607299043752,0.000000,0.748071,0.748071,200
1775042607298349336,1775042607299043752,1775042607299714961,0.694416,0.671209,1.365625,200
1775042607304618067,1775042607304618067,1775042607305265123,0.000000,0.647056,0.647056,200
1775042607308928345,1775042607308928345,1775042607309630764,0.000000,0.702419,0.702419,200
1775042607310225815,1775042607310225815,1775042607311527263,0.000000,1.301448,1.301448,200
1775042607337016785,1775042607337016785,1775042607341656315,0.000000,4.639530,4.639530,200
1775042607365388425,1775042607365388425,1775042607365937065,0.000000,0.548640,0.548640,200
1775042607365993404,1775042607365993404,1775042607366694065,0.000000,0.700661,0.700661,200
1775042607376057984,1775042607376057984,1775042607376695751,0.000000,0.637767,0.637767,200
1775042607376178130,1775042607376695751,1775042607377589939,0.517621,0.894188,1.411809,200
1775042607393716859,1775042607393716859,1775042607394549857,0.000000,0.832998,0.832998,200
1775042607400754844,1775042607400754844,1775042607401660114,0.000000,0.905270,0.905270,200
1775042607414531052,1775042607414531052,1775042607415275786,0.000000,0.744734,0.744734,200
1775042607417811409,1775042607417811409,1775042607418414467,0.000000,0.603058,0.603058,200
1775042607423507557,1775042607423507557,1775042607423968904,0.000000,0.461347,0.461347,200
1775042607423566663,1775042607423968904,1775042607428221267,0.402241,4.252363,4.654604,200
1775042607425106589,1775042607428221267,1775042607432478174,3.114678,4.256907,7.371585,200
1775042607427824935,1775042607432478174,1775042607432945453,4.653239,0.467279,5.120518,200
1775042607429813151,1775042607432945453,1775042607433376353,3.132302,0.430900,3.563202,200
1775042607436003306,1775042607436003306,1775042607437062909,0.000000,1.059603,1.059603,200
1775042607446082100,1775042607446082100,1775042607446532175,0.000000,0.450075,0.450075,200
1775042607446168871,1775042607446532175,1775042607447010405,0.363304,0.478230,0.841534,200
1775042607446203579,1775042607447010405,1775042607447781552,0.806826,0.771147,1.577973,200
1775042607448654695,1775042607448654695,1775042607449060431,0.000000,0.405736,0.405736,200
1775042607485949438,1775042607485949438,1775042607486453769,0.000000,0.504331,0.504331,200
1775042607486146946,1775042607486453769,1775042607487001759,0.306823,0.547990,0.854813,200
1775042607492341376,1775042607492341376,1775042607493165213,0.000000,0.823837,0.823837,200
1775042607492464067,1775042607493165213,1775042607493791855,0.701146,0.626642,1.327788,200
1775042607523654829,1775042607523654829,1775042607524142450,0.000000,0.487621,0.487621,200
1775042607528530550,1775042607528530550,1775042607537777783,0.000000,9.247233,9.247233,200
1775042607529606644,1775042607537777783,1775042607538593368,8.171139,0.815585,8.986724,200
1775042607539359705,1775042607539359705,1775042607540174117,0.000000,0.814412,0.814412,200
1775042607546320817,1775042607546320817,1775042607547270545,0.000000,0.949728,0.949728,200
1775042607553530905,1775042607553530905,1775042607554076338,0.000000,0.545433,0.545433,200
1775042607558273394,1775042607558273394,1775042607558899866,0.000000,0.626472,0.626472,200
1775042607558335125,1775042607558899866,1775042607560293981,0.564741,1.394115,1.958856,200
1775042607559664157,1775042607560293981,1775042607560993918,0.629824,0.699937,1.329761,200
1775042607561629419,1775042607561629419,1775042607562492897,0.000000,0.863478,0.863478,200
1775042607577282654,1775042607577282654,1775042607577707730,0.000000,0.425076,0.425076,200
1775042607577390015,1775042607577707730,1775042607578395611,0.317715,0.687881,1.005596,200
1775042607577428992,1775042607578395611,1775042607579190605,0.966619,0.794994,1.761613,200
1775042607585016730,1775042607585016730,1775042607585693598,0.000000,0.676868,0.676868,200
1775042607585110514,1775042607585693598,1775042607586258871,0.583084,0.565273,1.148357,200
1775042607617771212,1775042607617771212,1775042607618289762,0.000000,0.518550,0.518550,200
1775042607630283129,1775042607630283129,1775042607631124525,0.000000,0.841396,0.841396,200
1775042607631626318,1775042607631626318,1775042607632271802,0.000000,0.645484,0.645484,200
1775042607683267705,1775042607683267705,1775042607684742032,0.000000,1.474327,1.474327,200
1775042607687235798,1775042607687235798,1775042607690400782,0.000000,3.164984,3.164984,200
1775042607689430380,1775042607690400782,1775042607691178671,0.970402,0.777889,1.748291,200
1775042607693494827,1775042607693494827,1775042607694206255,0.000000,0.711428,0.711428,200
1775042607702227056,1775042607702227056,1775042607702854618,0.000000,0.627562,0.627562,200
1775042607704989407,1775042607704989407,1775042607706270666,0.000000,1.281259,1.281259,200
1775042607731469871,1775042607731469871,1775042607732178825,0.000000,0.708954,0.708954,200
1775042607760502359,1775042607760502359,1775042607761251266,0.000000,0.748907,0.748907,200
1775042607761420262,1775042607761420262,1775042607762843125,0.000000,1.422863,1.422863,200
1775042607762745526,1775042607762843125,1775042607763650663,0.097599,0.807538,0.905137,200
1775042607793579345,1775042607793579345,1775042607794918567,0.000000,1.339222,1.339222,200
1775042607826058121,1775042607826058121,1775042607826774337,0.000000,0.716216,0.716216,200
1775042607832861631,1775042607832861631,1775042607833901300,0.000000,1.039669,1.039669,200
1775042607836393952,1775042607836393952,1775042607836851192,0.000000,0.457240,0.457240,200
1775042607856925769,1775042607856925769,1775042607861942223,0.000000,5.016454,5.016454,200
1775042607857568663,1775042607861942223,1775042607862610268,4.373560,0.668045,5.041605,200
1775042607870373744,1775042607870373744,1775042607871028283,0.000000,0.654539,0.654539,200
1775042607905160268,1775042607905160268,1775042607906477777,0.000000,1.317509,1.317509,200
1775042607906518658,1775042607906518658,1775042607907091608,0.000000,0.572950,0.572950,200
1775042607906921950,1775042607907091608,1775042607908134444,0.169658,1.042836,1.212494,200
1775042607930242846,1775042607930242846,1775042607930790801,0.000000,0.547955,0.547955,200
1775042607930568886,1775042607930790801,1775042607931515255,0.221915,0.724454,0.946369,200
1775042607931538912,1775042607931538912,1775042607932033615,0.000000,0.494703,0.494703,200
1775042607933553231,1775042607933553231,1775042607934249059,0.000000,0.695828,0.695828,200
1775042607978798273,1775042607978798273,1775042607979322013,0.000000,0.523740,0.523740,200
1775042607984802620,1775042607984802620,1775042607985579568,0.000000,0.776948,0.776948,200
1775042608007800152,1775042608007800152,1775042608008966221,0.000000,1.166069,1.166069,200
1775042608016357219,1775042608016357219,1775042608016954356,0.000000,0.597137,0.597137,200
1775042608017218126,1775042608017218126,1775042608017736252,0.000000,0.518126,0.518126,200
1775042608017504339,1775042608017736252,1775042608018877912,0.231913,1.141660,1.373573,200
1775042608017767922,1775042608018877912,1775042608019486779,1.109990,0.608867,1.718857,200
1775042608018003124,1775042608019486779,1775042608031057664,1.483655,11.570885,13.054540,200
1775042608021367119,1775042608031057664,1775042608031600685,9.690545,0.543021,10.233566,200
1775042608021631510,1775042608031600685,1775042608033392101,9.969175,1.791416,11.760591,200
1775042608037858318,1775042608037858318,1775042608038667261,0.000000,0.808943,0.808943,200
1775042608040712826,1775042608040712826,1775042608041406334,0.000000,0.693508,0.693508,200
1775042608040770460,1775042608041406334,1775042608042606033,0.635874,1.199699,1.835573,200
1775042608040811029,1775042608042606033,1775042608043349503,1.795004,0.743470,2.538474,200
1775042608040851910,1775042608043349503,1775042608044076184,2.497593,0.726681,3.224274,200
1775042608040907629,1775042608044076184,1775042608044722244,3.168555,0.646060,3.814615,200
1775042608049605568,1775042608049605568,1775042608050398720,0.000000,0.793152,0.793152,200
1775042608058488737,1775042608058488737,1775042608059199744,0.000000,0.711007,0.711007,200
1775042608064379853,1775042608064379853,1775042608064786081,0.000000,0.406228,0.406228,200
1775042608066690603,1775042608066690603,1775042608067042104,0.000000,0.351501,0.351501,200
1775042608068560337,1775042608068560337,1775042608069201127,0.000000,0.640790,0.640790,200
1775042608074021984,1775042608074021984,1775042608074772653,0.000000,0.750669,0.750669,200
1775042608075045295,1775042608075045295,1775042608075447626,0.000000,0.402331,0.402331,200
1775042608075197364,1775042608075447626,1775042608076977484,0.250262,1.529858,1.780120,200
1775042608086988745,1775042608086988745,1775042608087464307,0.000000,0.475562,0.475562,200
1775042608092825457,1775042608092825457,1775042608094644511,0.000000,1.819054,1.819054,200
1775042608092894001,1775042608094644511,1775042608095738623,1.750510,1.094112,2.844622,200
1775042608096235147,1775042608096235147,1775042608097458540,0.000000,1.223393,1.223393,200
1775042608123254700,1775042608123254700,1775042608123727255,0.000000,0.472555,0.472555,200
1775042608134092285,1775042608134092285,1775042608134673466,0.000000,0.581181,0.581181,200
1775042608162736749,1775042608162736749,1775042608163410558,0.000000,0.673809,0.673809,200
1775042608163458778,1775042608163458778,1775042608163883813,0.000000,0.425035,0.425035,200
1775042608167939190,1775042608167939190,1775042608168519491,0.000000,0.580301,0.580301,200
1775042608168266753,1775042608168519491,1775042608169335736,0.252738,0.816245,1.068983,200
1775042608243603239,1775042608243603239,1775042608244392271,0.000000,0.789032,0.789032,200
1775042608245019602,1775042608245019602,1775042608251039384,0.000000,6.019782,6.019782,200
1775042608248028836,1775042608251039384,1775042608252357447,3.010548,1.318063,4.328611,200
1775042608252594786,1775042608252594786,1775042608253431502,0.000000,0.836716,0.836716,200
1775042608255745006,1775042608255745006,1775042608257199218,0.000000,1.454212,1.454212,200
1775042608284456393,1775042608284456393,1775042608284960765,0.000000,0.504372,0.504372,200
1775042608286627239,1775042608286627239,1775042608287411909,0.000000,0.784670,0.784670,200
1775042608289199624,1775042608289199624,1775042608289739994,0.000000,0.540370,0.540370,200
1775042608289255293,1775042608289739994,1775042608290347639,0.484701,0.607645,1.092346,200
1775042608290486813,1775042608290486813,1775042608291169868,0.000000,0.683055,0.683055,200
1775042608290717997,1775042608291169868,1775042608291895865,0.451871,0.725997,1.177868,200
1775042608291344168,1775042608291895865,1775042608292338135,0.551697,0.442270,0.993967,200
1775042608292604153,1775042608292604153,1775042608294046469,0.000000,1.442316,1.442316,200
1775042608347466606,1775042608347466606,1775042608349003257,0.000000,1.536651,1.536651,200
1775042608352790650,1775042608352790650,1775042608354298447,0.000000,1.507797,1.507797,200
1775042608377495503,1775042608377495503,1775042608378276969,0.000000,0.781466,0.781466,200
1775042608378662048,1775042608378662048,1775042608379820381,0.000000,1.158333,1.158333,200
1775042608407105970,1775042608407105970,1775042608407745678,0.000000,0.639708,0.639708,200
1775042608412041885,1775042608412041885,1775042608412787822,0.000000,0.745937,0.745937,200
1775042608412238953,1775042608412787822,1775042608413690686,0.548869,0.902864,1.451733,200
1775042608416523451,1775042608416523451,1775042608417011782,0.000000,0.488331,0.488331,200
1775042608447674373,1775042608447674373,1775042608448507049,0.000000,0.832676,0.832676,200
1775042608447919705,1775042608448507049,1775042608449168061,0.587344,0.661012,1.248356,200
1775042608450898759,1775042608450898759,1775042608451462047,0.000000,0.563288,0.563288,200
1775042608453732648,1775042608453732648,1775042608456975855,0.000000,3.243207,3.243207,200
1775042608457335145,1775042608457335145,1775042608457977700,0.000000,0.642555,0.642555,200
1775042608457401285,1775042608457977700,1775042608458883283,0.576415,0.905583,1.481998,200
1775042608459382490,1775042608459382490,1775042608460048970,0.000000,0.666480,0.666480,200
1775042608465887911,1775042608465887911,1775042608466565804,0.000000,0.677893,0.677893,200
1775042608485728007,1775042608485728007,1775042608487135007,0.000000,1.407000,1.407000,200
1775042608525253553,1775042608525253553,1775042608525940614,0.000000,0.687061,0.687061,200
1775042608527961245,1775042608527961245,1775042608528486429,0.000000,0.525184,0.525184,200
1775042608528095078,1775042608528486429,1775042608529277918,0.391351,0.791489,1.182840,200
1775042608528150437,1775042608529277918,1775042608531725800,1.127481,2.447882,3.575363,200
1775042608581368934,1775042608581368934,1775042608581956529,0.000000,0.587595,0.587595,200
1775042608583931916,1775042608583931916,1775042608584455095,0.000000,0.523179,0.523179,200
1775042608584156086,1775042608584455095,1775042608585174772,0.299009,0.719677,1.018686,200
1775042608592451219,1775042608592451219,1775042608593142228,0.000000,0.691009,0.691009,200
1775042608609251152,1775042608609251152,1775042608609884627,0.000000,0.633475,0.633475,200
1775042608609361839,1775042608609884627,1775042608610453236,0.522788,0.568609,1.091397,200
1775042608614305068,1775042608614305068,1775042608615084362,0.000000,0.779294,0.779294,200
1775042608619234093,1775042608619234093,1775042608629372861,0.000000,10.138768,10.138768,200
1775042608619315453,1775042608629372861,1775042608629984462,10.057408,0.611601,10.669009,200
1775042608621639404,1775042608629984462,1775042608630731111,8.345058,0.746649,9.091707,200
1775042608642803751,1775042608642803751,1775042608643640540,0.000000,0.836789,0.836789,200
1775042608642935540,1775042608643640540,1775042608644229949,0.705000,0.589409,1.294409,200
1775042608684184449,1775042608684184449,1775042608689383265,0.000000,5.198816,5.198816,200
1775042608688374643,1775042608689383265,1775042608690036980,1.008622,0.653715,1.662337,200
1775042608693626306,1775042608693626306,1775042608694961949,0.000000,1.335643,1.335643,200
1775042608693720111,1775042608694961949,1775042608695856811,1.241838,0.894862,2.136700,200
1775042608693776251,1775042608695856811,1775042608696659941,2.080560,0.803130,2.883690,200
1775042608693826379,1775042608696659941,1775042608697385207,2.833562,0.725266,3.558828,200
1775042608695961054,1775042608697385207,1775042608698088991,1.424153,0.703784,2.127937,200
1775042608696033727,1775042608698088991,1775042608699594010,2.055264,1.505019,3.560283,200
1775042608700944472,1775042608700944472,1775042608701907449,0.000000,0.962977,0.962977,200
1775042608731799085,1775042608731799085,1775042608732396100,0.000000,0.597015,0.597015,200
1775042608731897408,1775042608732396100,1775042608733060514,0.498692,0.664414,1.163106,200
1775042608733345504,1775042608733345504,1775042608733782223,0.000000,0.436719,0.436719,200
1775042608760198198,1775042608760198198,1775042608761074982,0.000000,0.876784,0.876784,200
1775042608760265270,1775042608761074982,1775042608761839535,0.809712,0.764553,1.574265,200
1775042608760355978,1775042608761839535,1775042608762337261,1.483557,0.497726,1.981283,200
1775042608760392299,1775042608762337261,1775042608763038742,1.944962,0.701481,2.646443,200
1775042608760508448,1775042608763038742,1775042608763756395,2.530294,0.717653,3.247947,200
1775042608762085286,1775042608763756395,1775042608764886023,1.671109,1.129628,2.800737,200
1775042608765381072,1775042608765381072,1775042608766153931,0.000000,0.772859,0.772859,200
1775042608765497862,1775042608766153931,1775042608766640468,0.656069,0.486537,1.142606,200
1775042608776478059,1775042608776478059,1775042608777535064,0.000000,1.057005,1.057005,200
1775042608780662171,1775042608780662171,1775042608781625269,0.000000,0.963098,0.963098,200
1775042608785449468,1775042608785449468,1775042608786022774,0.000000,0.573306,0.573306,200
1775042608787075643,1775042608787075643,1775042608788167376,0.000000,1.091733,1.091733,200
1775042608792619467,1775042608792619467,1775042608793128328,0.000000,0.508861,0.508861,200
1775042608792722700,1775042608793128328,1775042608793475742,0.405628,0.347414,0.753042,200
1775042608805744212,1775042608805744212,1775042608806240097,0.000000,0.495885,0.495885,200
1775042608807401182,1775042608807401182,1775042608808232367,0.000000,0.831185,0.831185,200
1775042608813441951,1775042608813441951,1775042608814712699,0.000000,1.270748,1.270748,200
1775042608819413843,1775042608819413843,1775042608820044975,0.000000,0.631132,0.631132,200
1775042608841808760,1775042608841808760,1775042608842547182,0.000000,0.738422,0.738422,200
1775042608841889308,1775042608842547182,1775042608843407924,0.657874,0.860742,1.518616,200
1775042608841976780,1775042608843407924,1775042608844009317,1.431144,0.601393,2.032537,200
1775042608842024363,1775042608844009317,1775042608849636143,1.984954,5.626826,7.611780,200
1775042608858891289,1775042608858891289,1775042608859454057,0.000000,0.562768,0.562768,200
1775042608858970655,1775042608859454057,1775042608860186490,0.483402,0.732433,1.215835,200
1775042608860459270,1775042608860459270,1775042608861090392,0.000000,0.631122,0.631122,200
1775042608863662052,1775042608863662052,1775042608864463220,0.000000,0.801168,0.801168,200
1775042608867257127,1775042608867257127,1775042608868696837,0.000000,1.439710,1.439710,200
1775042608868664452,1775042608868696837,1775042608869233756,0.032385,0.536919,0.569304,200
1775042608871000353,1775042608871000353,1775042608871411520,0.000000,0.411167,0.411167,200
1775042608871070421,1775042608871411520,1775042608872273355,0.341099,0.861835,1.202934,200
1775042608871121882,1775042608872273355,1775042608872866651,1.151473,0.593296,1.744769,200
1775042608871153644,1775042608872866651,1775042608873617739,1.713007,0.751088,2.464095,200
1775042608934081445,1775042608934081445,1775042608934844906,0.000000,0.763461,0.763461,200
1775042608935713562,1775042608935713562,1775042608936429645,0.000000,0.716083,0.716083,200
1775042608960291754,1775042608960291754,1775042608961102638,0.000000,0.810884,0.810884,200
1775042608968025200,1775042608968025200,1775042608968677290,0.000000,0.652090,0.652090,200
1775042608969422035,1775042608969422035,1775042608970275995,0.000000,0.853960,0.853960,200
1775042608988402262,1775042608988402262,1775042608989087430,0.000000,0.685168,0.685168,200
1775042608998340651,1775042608998340651,1775042608999031868,0.000000,0.691217,0.691217,200
1775042608998716683,1775042608999031868,1775042608999583651,0.315185,0.551783,0.866968,200
1775042609021829528,1775042609021829528,1775042609022263923,0.000000,0.434395,0.434395,200
1775042609022608066,1775042609022608066,1775042609023327751,0.000000,0.719685,0.719685,200
1775042609084779069,1775042609084779069,1775042609085294392,0.000000,0.515323,0.515323,200
1775042609084912531,1775042609085294392,1775042609087102669,0.381861,1.808277,2.190138,200
1775042609096761665,1775042609096761665,1775042609097847403,0.000000,1.085738,1.085738,200
1775042609096935586,1775042609097847403,1775042609101070815,0.911817,3.223412,4.135229,200
1775042609101259557,1775042609101259557,1775042609101976005,0.000000,0.716448,0.716448,200
1775042609101965294,1775042609101976005,1775042609102986181,0.010711,1.010176,1.020887,200
1775042609107510279,1775042609107510279,1775042609108414580,0.000000,0.904301,0.904301,200
1775042609115415764,1775042609115415764,1775042609116109307,0.000000,0.693543,0.693543,200
1775042609117006960,1775042609117006960,1775042609117592271,0.000000,0.585311,0.585311,200
1775042609121539588,1775042609121539588,1775042609124274274,0.000000,2.734686,2.734686,200
1775042609129261971,1775042609129261971,1775042609130124645,0.000000,0.862674,0.862674,200
1775042609129490170,1775042609130124645,1775042609130962276,0.634475,0.837631,1.472106,200
1775042609130070169,1775042609130962276,1775042609131761147,0.892107,0.798871,1.690978,200
1775042609145942238,1775042609145942238,1775042609146651334,0.000000,0.709096,0.709096,200
1775042609146075630,1775042609146651334,1775042609147412663,0.575704,0.761329,1.337033,200
1775042609157175631,1775042609157175631,1775042609158132503,0.000000,0.956872,0.956872,200
1775042609161872397,1775042609161872397,1775042609162780905,0.000000,0.908508,0.908508,200
1775042609161989247,1775042609162780905,1775042609163465261,0.791658,0.684356,1.476014,200
1775042609162918391,1775042609163465261,1775042609163867783,0.546870,0.402522,0.949392,200
1775042609165096291,1775042609165096291,1775042609165758173,0.000000,0.661882,0.661882,200
1775042609165853358,1775042609165853358,1775042609166515271,0.000000,0.661913,0.661913,200
1775042609199651721,1775042609199651721,1775042609200447776,0.000000,0.796055,0.796055,200
1775042609202453075,1775042609202453075,1775042609203100698,0.000000,0.647623,0.647623,200
1775042609204614918,1775042609204614918,1775042609215929484,0.000000,11.314566,11.314566,200
1775042609204680817,1775042609215929484,1775042609216562997,11.248667,0.633513,11.882180,200
1775042609236122294,1775042609236122294,1775042609236655031,0.000000,0.532737,0.532737,200
1775042609250281080,1775042609250281080,1775042609250946779,0.000000,0.665699,0.665699,200
1775042609257635558,1775042609257635558,1775042609258263311,0.000000,0.627753,0.627753,200
1775042609260339511,1775042609260339511,1775042609261177949,0.000000,0.838438,0.838438,200
1775042609276336768,1775042609276336768,1775042609277089809,0.000000,0.753041,0.753041,200
1775042609279813369,1775042609279813369,1775042609280516727,0.000000,0.703358,0.703358,200
1775042609279882405,1775042609280516727,1775042609281361592,0.634322,0.844865,1.479187,200
1775042609281143343,1775042609281361592,1775042609282289301,0.218249,0.927709,1.145958,200
1775042609293125458,1775042609293125458,1775042609293928929,0.000000,0.803471,0.803471,200
1775042609296870487,1775042609296870487,1775042609297632346,0.000000,0.761859,0.761859,200
1775042609313273054,1775042609313273054,1775042609313913226,0.000000,0.640172,0.640172,200
1775042609314551025,1775042609314551025,1775042609315247974,0.000000,0.696949,0.696949,200
1775042609314602366,1775042609315247974,1775042609319057562,0.645608,3.809588,4.455196,200
1775042609314635621,1775042609319057562,1775042609320444700,4.421941,1.387138,5.809079,200
1775042609314691631,1775042609320444700,1775042609321561091,5.753069,1.116391,6.869460,200
1775042609314717412,1775042609321561091,1775042609322817137,6.843679,1.256046,8.099725,200
1775042609314743453,1775042609322817137,1775042609327930638,8.073684,5.113501,13.187185,200
1775042609314767661,1775042609327930638,1775042609328622501,13.162977,0.691863,13.854840,200
1775042609314794584,1775042609328622501,1775042609329813278,13.827917,1.190777,15.018694,200
1775042609317664934,1775042609329813278,1775042609330647692,12.148344,0.834414,12.982758,200
1775042609319466945,1775042609330647692,1775042609331326807,11.180747,0.679115,11.859862,200
1775042609324707062,1775042609331326807,1775042609332048997,6.619745,0.722190,7.341935,200
1775042609324902435,1775042609332048997,1775042609332676220,7.146562,0.627223,7.773785,200
1775042609330225275,1775042609332676220,1775042609333333802,2.450945,0.657582,3.108527,200
1775042609332109146,1775042609333333802,1775042609333837411,1.224656,0.503609,1.728265,200
1775042609334943576,1775042609334943576,1775042609335718389,0.000000,0.774813,0.774813,200
1775042609336554762,1775042609336554762,1775042609337070486,0.000000,0.515724,0.515724,200
1775042609336844592,1775042609337070486,1775042609338459927,0.225894,1.389441,1.615335,200
1775042609338524312,1775042609338524312,1775042609339271864,0.000000,0.747552,0.747552,200
1775042609351783506,1775042609351783506,1775042609353296384,0.000000,1.512878,1.512878,200
1775042609361759278,1775042609361759278,1775042609362597842,0.000000,0.838564,0.838564,200
1775042609375050447,1775042609375050447,1775042609375744883,0.000000,0.694436,0.694436,200
1775042609376998616,1775042609376998616,1775042609377653012,0.000000,0.654396,0.654396,200
1775042609442550864,1775042609442550864,1775042609443174769,0.000000,0.623905,0.623905,200
1775042609447934692,1775042609447934692,1775042609448517338,0.000000,0.582646,0.582646,200
1775042609469554534,1775042609469554534,1775042609470167042,0.000000,0.612508,0.612508,200
1775042609469691614,1775042609470167042,1775042609471412639,0.475428,1.245597,1.721025,200
1775042609505535105,1775042609505535105,1775042609506225613,0.000000,0.690508,0.690508,200
1775042609505637076,1775042609506225613,1775042609506839831,0.588537,0.614218,1.202755,200
1775042609507128981,1775042609507128981,1775042609507991562,0.000000,0.862581,0.862581,200
1775042609513099513,1775042609513099513,1775042609513655765,0.000000,0.556252,0.556252,200
1775042609513177126,1775042609513655765,1775042609514313121,0.478639,0.657356,1.135995,200
1775042609513247564,1775042609514313121,1775042609516390821,1.065557,2.077700,3.143257,200
1775042609518729787,1775042609518729787,1775042609519429618,0.000000,0.699831,0.699831,200
1775042609531717978,1775042609531717978,1775042609532470135,0.000000,0.752157,0.752157,200
1775042609552506957,1775042609552506957,1775042609553000218,0.000000,0.493261,0.493261,200
1775042609554044659,1775042609554044659,1775042609554684196,0.000000,0.639537,0.639537,200
1775042609554139666,1775042609554684196,1775042609555322161,0.544530,0.637965,1.182495,200
1775042609586987581,1775042609586987581,1775042609587703797,0.000000,0.716216,0.716216,200
1775042609587066967,1775042609587703797,1775042609591457582,0.636830,3.753785,4.390615,200
1775042609591632054,1775042609591632054,1775042609592579000,0.000000,0.946946,0.946946,200
1775042609603228220,1775042609603228220,1775042609605113288,0.000000,1.885068,1.885068,200
1775042609605564411,1775042609605564411,1775042609606331895,0.000000,0.767484,0.767484,200
1775042609614572822,1775042609614572822,1775042609615291395,0.000000,0.718573,0.718573,200
1775042609614783606,1775042609615291395,1775042609615845565,0.507789,0.554170,1.061959,200
1775042609631633946,1775042609631633946,1775042609632591769,0.000000,0.957823,0.957823,200
1775042609631692772,1775042609632591769,1775042609633269381,0.898997,0.677612,1.576609,200
1775042609635003959,1775042609635003959,1775042609635565221,0.000000,0.561262,0.561262,200
1775042609635378074,1775042609635565221,1775042609636267992,0.187147,0.702771,0.889918,200
1775042609639023901,1775042609639023901,1775042609639636834,0.000000,0.612933,0.612933,200
1775042609645348741,1775042609645348741,1775042609645780489,0.000000,0.431748,0.431748,200
1775042609655065312,1775042609655065312,1775042609656321578,0.000000,1.256266,1.256266,200
1775042609655146191,1775042609656321578,1775042609657137112,1.175387,0.815534,1.990921,200
1775042609655266517,1775042609657137112,1775042609657753443,1.870595,0.616331,2.486926,200
1775042609657383988,1775042609657753443,1775042609658268918,0.369455,0.515475,0.884930,200
1775042609659534445,1775042609659534445,1775042609660505422,0.000000,0.970977,0.970977,200
1775042609677978216,1775042609677978216,1775042609678702380,0.000000,0.724164,0.724164,200
1775042609693307959,1775042609693307959,1775042609694032744,0.000000,0.724785,0.724785,200
1775042609696827825,1775042609696827825,1775042609697504403,0.000000,0.676578,0.676578,200
1775042609710851710,1775042609710851710,1775042609712806704,0.000000,1.954994,1.954994,200
1775042609716252103,1775042609716252103,1775042609716703081,0.000000,0.450978,0.450978,200
1775042609721181698,1775042609721181698,1775042609721843970,0.000000,0.662272,0.662272,200
1775042609721424725,1775042609721843970,1775042609722620960,0.419245,0.776990,1.196235,200
1775042609725575965,1775042609725575965,1775042609726134114,0.000000,0.558149,0.558149,200
1775042609727182630,1775042609727182630,1775042609727961155,0.000000,0.778525,0.778525,200
1775042609728769167,1775042609728769167,1775042609729784043,0.000000,1.014876,1.014876,200
1775042609728955653,1775042609729784043,1775042609730632942,0.828390,0.848899,1.677289,200
1775042609729251925,1775042609730632942,1775042609731421974,1.381017,0.789032,2.170049,200
1775042609730892730,1775042609731421974,1775042609733071295,0.529244,1.649321,2.178565,200
1775042609731072573,1775042609733071295,1775042609733583419,1.998722,0.512124,2.510846,200
1775042609731261995,1775042609733583419,1775042609734334235,2.321424,0.750816,3.072240,200
1775042609738340834,1775042609738340834,1775042609739583450,0.000000,1.242616,1.242616,200
1775042609743590631,1775042609743590631,1775042609744272263,0.000000,0.681632,0.681632,200
1775042609745215634,1775042609745215634,1775042609745982435,0.000000,0.766801,0.766801,200
1775042609746177486,1775042609746177486,1775042609746964654,0.000000,0.787168,0.787168,200
1775042609750103371,1775042609750103371,1775042609750832529,0.000000,0.729158,0.729158,200
1775042609763176214,1775042609763176214,1775042609763861021,0.000000,0.684807,0.684807,200
1775042609783651441,1775042609783651441,1775042609784410070,0.000000,0.758629,0.758629,200
1775042609783693614,1775042609784410070,1775042609785808750,0.716456,1.398680,2.115136,200
1775042609783715667,1775042609785808750,1775042609786490350,2.093083,0.681600,2.774683,200
1775042609783736558,1775042609786490350,1775042609786953681,2.753792,0.463331,3.217123,200
1775042609789469281,1775042609789469281,1775042609790182844,0.000000,0.713563,0.713563,200
1775042609810761542,1775042609810761542,1775042609811263636,0.000000,0.502094,0.502094,200
1775042609813224141,1775042609813224141,1775042609813961926,0.000000,0.737785,0.737785,200
1775042609823073816,1775042609823073816,1775042609823827378,0.000000,0.753562,0.753562,200
1775042609833868406,1775042609833868406,1775042609835186891,0.000000,1.318485,1.318485,200
1775042609866917914,1775042609866917914,1775042609867796993,0.000000,0.879079,0.879079,200
1775042609909134048,1775042609909134048,1775042609909951481,0.000000,0.817433,0.817433,200
1775042609911597218,1775042609911597218,1775042609912444604,0.000000,0.847386,0.847386,200
1775042609939941073,1775042609939941073,1775042609940671970,0.000000,0.730897,0.730897,200
1775042609968412433,1775042609968412433,1775042609969683821,0.000000,1.271388,1.271388,200
1775042610014106347,1775042610014106347,1775042610014855302,0.000000,0.748955,0.748955,200
1775042610019562683,1775042610019562683,1775042610020621684,0.000000,1.059001,1.059001,200
1775042610046897901,1775042610046897901,1775042610049449509,0.000000,2.551608,2.551608,200
1775042610049821746,1775042610049821746,1775042610050395384,0.000000,0.573638,0.573638,200
1775042610078092863,1775042610078092863,1775042610079392246,0.000000,1.299383,1.299383,200
1775042610083260493,1775042610083260493,1775042610083954929,0.000000,0.694436,0.694436,200
1775042610083316403,1775042610083954929,1775042610084430838,0.638526,0.475909,1.114435,200
1775042610085288099,1775042610085288099,1775042610086125627,0.000000,0.837528,0.837528,200
1775042610085358647,1775042610086125627,1775042610086819963,0.766980,0.694336,1.461316,200
1775042610087281083,1775042610087281083,1775042610088042581,0.000000,0.761498,0.761498,200
1775042610097066416,1775042610097066416,1775042610097960817,0.000000,0.894401,0.894401,200
1775042610097139600,1775042610097960817,1775042610101127523,0.821217,3.166706,3.987923,200
1775042610124674665,1775042610124674665,1775042610125460257,0.000000,0.785592,0.785592,200
1775042610127507507,1775042610127507507,1775042610128078819,0.000000,0.571312,0.571312,200
1775042610135643718,1775042610135643718,1775042610136250712,0.000000,0.606994,0.606994,200
1775042610135740629,1775042610136250712,1775042610137576016,0.510083,1.325304,1.835387,200
1775042610136439943,1775042610137576016,1775042610138079022,1.136073,0.503006,1.639079,200
1775042610168645096,1775042610168645096,1775042610169695235,0.000000,1.050139,1.050139,200
1775042610179841262,1775042610179841262,1775042610180489710,0.000000,0.648448,0.648448,200
1775042610180110711,1775042610180489710,1775042610182798191,0.378999,2.308481,2.687480,200
1775042610180160208,1775042610182798191,1775042610183433167,2.637983,0.634976,3.272959,200
1775042610180260766,1775042610183433167,1775042610184146971,3.172401,0.713804,3.886205,200
1775042610184933067,1775042610184933067,1775042610186447975,0.000000,1.514908,1.514908,200
1775042610204962448,1775042610204962448,1775042610205648758,0.000000,0.686310,0.686310,200
1775042610205906233,1775042610205906233,1775042610206703351,0.000000,0.797118,0.797118,200
1775042610209916062,1775042610209916062,1775042610210729293,0.000000,0.813231,0.813231,200
1775042610224799273,1775042610224799273,1775042610225425174,0.000000,0.625901,0.625901,200
1775042610224884922,1775042610225425174,1775042610226074797,0.540252,0.649623,1.189875,200
1775042610225954413,1775042610226074797,1775042610227494489,0.120384,1.419692,1.540076,200
1775042610231794900,1775042610231794900,1775042610232403177,0.000000,0.608277,0.608277,200
1775042610247863937,1775042610247863937,1775042610249252678,0.000000,1.388741,1.388741,200
1775042610248002840,1775042610249252678,1775042610250083792,1.249838,0.831114,2.080952,200
1775042610248078949,1775042610250083792,1775042610253293219,2.004843,3.209427,5.214270,200
1775042610251505191,1775042610253293219,1775042610253919231,1.788028,0.626012,2.414040,200
1775042610268463826,1775042610268463826,1775042610269200166,0.000000,0.736340,0.736340,200
1775042610287022471,1775042610287022471,1775042610287796893,0.000000,0.774422,0.774422,200
1775042610292314921,1775042610292314921,1775042610293245912,0.000000,0.930991,0.930991,200
1775042610295902640,1775042610295902640,1775042610296554730,0.000000,0.652090,0.652090,200
1775042610298128625,1775042610298128625,1775042610298875274,0.000000,0.746649,0.746649,200
1775042610299565260,1775042610299565260,1775042610300414330,0.000000,0.849070,0.849070,200
1775042610300702646,1775042610300702646,1775042610301367441,0.000000,0.664795,0.664795,200
1775042610302093849,1775042610302093849,1775042610302843774,0.000000,0.749925,0.749925,200
1775042610302469457,1775042610302843774,1775042610303581263,0.374317,0.737489,1.111806,200
1775042610303861443,1775042610303861443,1775042610306117812,0.000000,2.256369,2.256369,200
1775042610305025570,1775042610306117812,1775042610306800784,1.092242,0.682972,1.775214,200
1775042610306104700,1775042610306800784,1775042610307708719,0.696084,0.907935,1.604019,200
1775042610308783564,1775042610308783564,1775042610309650979,0.000000,0.867415,0.867415,200
1775042610309012013,1775042610309650979,1775042610310428678,0.638966,0.777699,1.416665,200
1775042610313524841,1775042610313524841,1775042610314188786,0.000000,0.663945,0.663945,200
1775042610315069446,1775042610315069446,1775042610315890375,0.000000,0.820929,0.820929,200
1775042610315307213,1775042610315890375,1775042610316307518,0.583162,0.417143,1.000305,200
1775042610316373558,1775042610316373558,1775042610316857589,0.000000,0.484031,0.484031,200
1775042610317451146,1775042610317451146,1775042610318275404,0.000000,0.824258,0.824258,200
1775042610319258253,1775042610319258253,1775042610319820719,0.000000,0.562466,0.562466,200
1775042610319555838,1775042610319820719,1775042610321056357,0.264881,1.235638,1.500519,200
1775042610321138057,1775042610321138057,1775042610323099350,0.000000,1.961293,1.961293,200
1775042610322755525,1775042610323099350,1775042610323744107,0.343825,0.644757,0.988582,200
1775042610323098299,1775042610323744107,1775042610325430527,0.645808,1.686420,2.332228,200
1775042610362788223,1775042610362788223,1775042610363824094,0.000000,1.035871,1.035871,200
1775042610401879492,1775042610401879492,1775042610402860566,0.000000,0.981074,0.981074,200
1775042610401916264,1775042610402860566,1775042610403668366,0.944302,0.807800,1.752102,200
1775042610401937496,1775042610403668366,1775042610404409332,1.730870,0.740966,2.471836,200
1775042610442595357,1775042610442595357,1775042610443420701,0.000000,0.825344,0.825344,200
1775042610468076410,1775042610468076410,1775042610468948051,0.000000,0.871641,0.871641,200
1775042610470140881,1775042610470140881,1775042610470853171,0.000000,0.712290,0.712290,200
1775042610522656868,1775042610522656868,1775042610523342385,0.000000,0.685517,0.685517,200
1775042610550759436,1775042610550759436,1775042610551523218,0.000000,0.763782,0.763782,200
1775042610583716438,1775042610583716438,1775042610584281206,0.000000,0.564768,0.564768,200
1775042610609430075,1775042610609430075,1775042610609811755,0.000000,0.381680,0.381680,200
1775042610609523679,1775042610609811755,1775042610610485019,0.288076,0.673264,0.961340,200
1775042610611790408,1775042610611790408,1775042610613233805,0.000000,1.443397,1.443397,200
1775042610615772584,1775042610615772584,1775042610616687814,0.000000,0.915230,0.915230,200
1775042610639106523,1775042610639106523,1775042610639910374,0.000000,0.803851,0.803851,200
1775042610639960800,1775042610639960800,1775042610640575006,0.000000,0.614206,0.614206,200
1775042610646529912,1775042610646529912,1775042610647231462,0.000000,0.701550,0.701550,200
1775042610672368427,1775042610672368427,1775042610673226977,0.000000,0.858550,0.858550,200
1775042610675821059,1775042610675821059,1775042610677628083,0.000000,1.807024,1.807024,200
1775042610676058616,1775042610677628083,1775042610678071354,1.569467,0.443271,2.012738,200
1775042610681519528,1775042610681519528,1775042610682038610,0.000000,0.519082,0.519082,200
1775042610682650576,1775042610682650576,1775042610683095752,0.000000,0.445176,0.445176,200
1775042610682701677,1775042610683095752,1775042610684768428,0.394075,1.672676,2.066751,200
1775042610682816260,1775042610684768428,1775042610685664467,1.952168,0.896039,2.848207,200
1775042610687696690,1775042610687696690,1775042610688383578,0.000000,0.686888,0.686888,200
1775042610687775295,1775042610688383578,1775042610688902616,0.608283,0.519038,1.127321,200
1775042610691782197,1775042610691782197,1775042610692523244,0.000000,0.741047,0.741047,200
1775042610691957311,1775042610692523244,1775042610694141346,0.565933,1.618102,2.184035,200
1775042610693671793,1775042610694141346,1775042610695149985,0.469553,1.008639,1.478192,200
1775042610709879598,1775042610709879598,1775042610710521951,0.000000,0.642353,0.642353,200
1775042610709938414,1775042610710521951,1775042610711312125,0.583537,0.790174,1.373711,200
1775042610741385017,1775042610741385017,1775042610742037353,0.000000,0.652336,0.652336,200
1775042610741461838,1775042610742037353,1775042610742762867,0.575515,0.725514,1.301029,200
1775042610751270647,1775042610751270647,1775042610752302606,0.000000,1.031959,1.031959,200
1775042610756290320,1775042610756290320,1775042610757595530,0.000000,1.305210,1.305210,200
1775042610779070246,1775042610779070246,1775042610783391060,0.000000,4.320814,4.320814,200
1775042610779167257,1775042610783391060,1775042610783936723,4.223803,0.545663,4.769466,200
1775042610780114128,1775042610783936723,1775042610784833550,3.822595,0.896827,4.719422,200
1775042610783353744,1775042610784833550,1775042610785685996,1.479806,0.852446,2.332252,200
1775042610817173750,1775042610817173750,1775042610817818497,0.000000,0.644747,0.644747,200
1775042610830268879,1775042610830268879,1775042610831024044,0.000000,0.755165,0.755165,200
1775042610830990879,1775042610831024044,1775042610832757965,0.033165,1.733921,1.767086,200
1775042610832002990,1775042610832757965,1775042610833387553,0.754975,0.629588,1.384563,200
1775042610832198475,1775042610833387553,1775042610834083604,1.189078,0.696051,1.885129,200
1775042610854160243,1775042610854160243,1775042610863000169,0.000000,8.839926,8.839926,200
1775042610860515722,1775042610863000169,1775042610863620581,2.484447,0.620412,3.104859,200
1775042610863406008,1775042610863620581,1775042610865108787,0.214573,1.488206,1.702779,200
1775042610863464723,1775042610865108787,1775042610866242342,1.644064,1.133555,2.777619,200
1775042610865416001,1775042610866242342,1775042610866707919,0.826341,0.465577,1.291918,200
1775042610876356150,1775042610876356150,1775042610876901041,0.000000,0.544891,0.544891,200
1775042610876408473,1775042610876901041,1775042610877996460,0.492568,1.095419,1.587987,200
1775042610882040231,1775042610882040231,1775042610882982995,0.000000,0.942764,0.942764,200
1775042610883811535,1775042610883811535,1775042610886718779,0.000000,2.907244,2.907244,200
1775042610884015696,1775042610886718779,1775042610887379909,2.703083,0.661130,3.364213,200
1775042610900835352,1775042610900835352,1775042610901487723,0.000000,0.652371,0.652371,200
1775042610920374416,1775042610920374416,1775042610921304215,0.000000,0.929799,0.929799,200
1775042610920472830,1775042610921304215,1775042610921887364,0.831385,0.583149,1.414534,200
1775042610922693642,1775042610922693642,1775042610923494019,0.000000,0.800377,0.800377,200
1775042610928264510,1775042610928264510,1775042610928866853,0.000000,0.602343,0.602343,200
1775042610931707110,1775042610931707110,1775042610932370063,0.000000,0.662953,0.662953,200
1775042610931836054,1775042610932370063,1775042610933632126,0.534009,1.262063,1.796072,200
1775042610942274234,1775042610942274234,1775042610942949966,0.000000,0.675732,0.675732,200
1775042610945955125,1775042610945955125,1775042610946533766,0.000000,0.578641,0.578641,200
1775042610982100185,1775042610982100185,1775042610985162701,0.000000,3.062516,3.062516,200
1775042611041841982,1775042611041841982,1775042611042434304,0.000000,0.592322,0.592322,200
1775042611058431884,1775042611058431884,1775042611059124694,0.000000,0.692810,0.692810,200
1775042611058784677,1775042611059124694,1775042611060765023,0.340017,1.640329,1.980346,200
1775042611062315934,1775042611062315934,1775042611063182759,0.000000,0.866825,0.866825,200
1775042611062554433,1775042611063182759,1775042611063836867,0.628326,0.654108,1.282434,200
1775042611067365368,1775042611067365368,1775042611068039468,0.000000,0.674100,0.674100,200
1775042611067923282,1775042611068039468,1775042611069005067,0.116186,0.965599,1.081785,200
1775042611084910057,1775042611084910057,1775042611085655934,0.000000,0.745877,0.745877,200
1775042611085277801,1775042611085655934,1775042611086153392,0.378133,0.497458,0.875591,200
1775042611097955809,1775042611097955809,1775042611098735116,0.000000,0.779307,0.779307,200
1775042611131483502,1775042611131483502,1775042611132960807,0.000000,1.477305,1.477305,200
1775042611165962609,1775042611165962609,1775042611166721252,0.000000,0.758643,0.758643,200
1775042611167734033,1775042611167734033,1775042611168384511,0.000000,0.650478,0.650478,200
1775042611167785455,1775042611168384511,1775042611169298523,0.599056,0.914012,1.513068,200
1775042611174816278,1775042611174816278,1775042611175300309,0.000000,0.484031,0.484031,200
1775042611199909384,1775042611199909384,1775042611200874123,0.000000,0.964739,0.964739,200
1775042611213525329,1775042611213525329,1775042611214303830,0.000000,0.778501,0.778501,200
1775042611216528595,1775042611216528595,1775042611217306283,0.000000,0.777688,0.777688,200
1775042611242897738,1775042611242897738,1775042611243548037,0.000000,0.650299,0.650299,200
1775042611243488821,1775042611243548037,1775042611244065042,0.059216,0.517005,0.576221,200
1775042611243943064,1775042611244065042,1775042611244735593,0.121978,0.670551,0.792529,200
1775042611250300239,1775042611250300239,1775042611251275827,0.000000,0.975588,0.975588,200
1775042611265358185,1775042611265358185,1775042611266044936,0.000000,0.686751,0.686751,200
1775042611272080748,1775042611272080748,1775042611272595969,0.000000,0.515221,0.515221,200
1775042611272340159,1775042611272595969,1775042611273170801,0.255810,0.574832,0.830642,200
1775042611284755953,1775042611284755953,1775042611285449797,0.000000,0.693844,0.693844,200
1775042611285100320,1775042611285449797,1775042611285885810,0.349477,0.436013,0.785490,200
1775042611304303792,1775042611304303792,1775042611305107844,0.000000,0.804052,0.804052,200
1775042611306496660,1775042611306496660,1775042611307277904,0.000000,0.781244,0.781244,200
1775042611306565455,1775042611307277904,1775042611307831192,0.712449,0.553288,1.265737,200
1775042611307773451,1775042611307831192,1775042611308591652,0.057741,0.760460,0.818201,200
1775042611308958213,1775042611308958213,1775042611310907384,0.000000,1.949171,1.949171,200
1775042611312485641,1775042611312485641,1775042611313148154,0.000000,0.662513,0.662513,200
1775042611318104644,1775042611318104644,1775042611318581121,0.000000,0.476477,0.476477,200
1775042611318280429,1775042611318581121,1775042611319192673,0.300692,0.611552,0.912244,200
1775042611321519601,1775042611321519601,1775042611323137703,0.000000,1.618102,1.618102,200
1775042611325169972,1775042611325169972,1775042611328384745,0.000000,3.214773,3.214773,200
1775042611325384293,1775042611328384745,1775042611328938875,3.000452,0.554130,3.554582,200
1775042611335370696,1775042611335370696,1775042611335942308,0.000000,0.571612,0.571612,200
1775042611336572129,1775042611336572129,1775042611337298537,0.000000,0.726408,0.726408,200
1775042611337637094,1775042611337637094,1775042611338164444,0.000000,0.527350,0.527350,200
1775042611341640089,1775042611341640089,1775042611343036846,0.000000,1.396757,1.396757,200
1775042611341714846,1775042611343036846,1775042611343744768,1.322000,0.707922,2.029922,200
1775042611349247514,1775042611349247514,1775042611349860684,0.000000,0.613170,0.613170,200
1775042611352973641,1775042611352973641,1775042611353649869,0.000000,0.676228,0.676228,200
1775042611356274987,1775042611356274987,1775042611357181815,0.000000,0.906828,0.906828,200
1775042611359797966,1775042611359797966,1775042611360791390,0.000000,0.993424,0.993424,200
1775042611361203812,1775042611361203812,1775042611362007513,0.000000,0.803701,0.803701,200
1775042611366896128,1775042611366896128,1775042611367762472,0.000000,0.866344,0.866344,200
1775042611368705798,1775042611368705798,1775042611369276371,0.000000,0.570573,0.570573,200
1775042611371002683,1775042611371002683,1775042611372411893,0.000000,1.409210,1.409210,200
1775042611373812209,1775042611373812209,1775042611374600802,0.000000,0.788593,0.788593,200
1775042611375974212,1775042611375974212,1775042611376731560,0.000000,0.757348,0.757348,200
1775042611376021314,1775042611376731560,1775042611377666151,0.710246,0.934591,1.644837,200
1775042611376048368,1775042611377666151,1775042611378390736,1.617783,0.724585,2.342368,200
1775042611379374104,1775042611379374104,1775042611380132696,0.000000,0.758592,0.758592,200
1775042611379668053,1775042611380132696,1775042611380910475,0.464643,0.777779,1.242422,200
1775042611379721277,1775042611380910475,1775042611381443563,1.189198,0.533088,1.722286,200
1775042611379765685,1775042611381443563,1775042611382218050,1.677878,0.774487,2.452365,200
1775042611379916571,1775042611382218050,1775042611383752591,2.301479,1.534541,3.836020,200
1775042611379985757,1775042611383752591,1775042611384397172,3.766834,0.644581,4.411415,200
1775042611384132002,1775042611384397172,1775042611385057843,0.265170,0.660671,0.925841,200
1775042611385957483,1775042611385957483,1775042611386869636,0.000000,0.912153,0.912153,200
1775042611397694707,1775042611397694707,1775042611398335056,0.000000,0.640349,0.640349,200
1775042611398883395,1775042611398883395,1775042611399905294,0.000000,1.021899,1.021899,200
1775042611398948353,1775042611399905294,1775042611403609913,0.956941,3.704619,4.661560,200
1775042611400104086,1775042611403609913,1775042611404211473,3.505827,0.601560,4.107387,200
1775042611406715302,1775042611406715302,1775042611408546379,0.000000,1.831077,1.831077,200
1775042611431243493,1775042611431243493,1775042611431664740,0.000000,0.421247,0.421247,200
1775042611433295559,1775042611433295559,1775042611434778579,0.000000,1.483020,1.483020,200
1775042611448556147,1775042611448556147,1775042611451547045,0.000000,2.990898,2.990898,200
1775042611450280495,1775042611451547045,1775042611452713114,1.266550,1.166069,2.432619,200
1775042611453253757,1775042611453253757,1775042611453917271,0.000000,0.663514,0.663514,200
1775042611456916714,1775042611456916714,1775042611458166935,0.000000,1.250221,1.250221,200
1775042611472952757,1775042611472952757,1775042611474452656,0.000000,1.499899,1.499899,200
1775042611473509121,1775042611474452656,1775042611475331146,0.943535,0.878490,1.822025,200
1775042611490154674,1775042611490154674,1775042611494198391,0.000000,4.043717,4.043717,200
1775042611496157478,1775042611496157478,1775042611500496360,0.000000,4.338882,4.338882,200
1775042611524860592,1775042611524860592,1775042611525741553,0.000000,0.880961,0.880961,200
1775042611525957506,1775042611525957506,1775042611527256889,0.000000,1.299383,1.299383,200
1775042611555729973,1775042611555729973,1775042611556384081,0.000000,0.654108,0.654108,200
1775042611588583978,1775042611588583978,1775042611589302972,0.000000,0.718994,0.718994,200
1775042611661533269,1775042611661533269,1775042611662266350,0.000000,0.733081,0.733081,200
1775042611665806750,1775042611665806750,1775042611666472569,0.000000,0.665819,0.665819,200
1775042611667085164,1775042611667085164,1775042611667791805,0.000000,0.706641,0.706641,200
1775042611678811901,1775042611678811901,1775042611679276776,0.000000,0.464875,0.464875,200
1775042611679923838,1775042611679923838,1775042611680778063,0.000000,0.854225,0.854225,200
1775042611681472803,1775042611681472803,1775042611682598529,0.000000,1.125726,1.125726,200
1775042611706002552,1775042611706002552,1775042611706754253,0.000000,0.751701,0.751701,200
1775042611711858752,1775042611711858752,1775042611712578498,0.000000,0.719746,0.719746,200
1775042611714162002,1775042611714162002,1775042611714833553,0.000000,0.671551,0.671551,200
1775042611732176431,1775042611732176431,1775042611746888850,0.000000,14.712419,14.712419,200
1775042611732287089,1775042611746888850,1775042611754818998,14.601761,7.930148,22.531909,200
1775042611756935119,1775042611756935119,1775042611757384556,0.000000,0.449437,0.449437,200
1775042611761520773,1775042611761520773,1775042611763261293,0.000000,1.740520,1.740520,200
1775042611764861334,1775042611764861334,1775042611765338883,0.000000,0.477549,0.477549,200
1775042611791906852,1775042611791906852,1775042611792673549,0.000000,0.766697,0.766697,200
1775042611792776625,1775042611792776625,1775042611793345203,0.000000,0.568578,0.568578,200
1775042611816100464,1775042611816100464,1775042611816526592,0.000000,0.426128,0.426128,200
1775042611820313551,1775042611820313551,1775042611821080801,0.000000,0.767250,0.767250,200
1775042611855591821,1775042611855591821,1775042611856205728,0.000000,0.613907,0.613907,200
1775042611859774591,1775042611859774591,1775042611862031726,0.000000,2.257135,2.257135,200
1775042611863971807,1775042611863971807,1775042611864618032,0.000000,0.646225,0.646225,200
1775042611867623528,1775042611867623528,1775042611868093673,0.000000,0.470145,0.470145,200
1775042611876672732,1775042611876672732,1775042611877411265,0.000000,0.738533,0.738533,200
1775042611877283473,1775042611877411265,1775042611877872592,0.127792,0.461327,0.589119,200
1775042611877327991,1775042611877872592,1775042611878377485,0.544601,0.504893,1.049494,200
1775042611877361267,1775042611878377485,1775042611879032308,1.016218,0.654823,1.671041,200
1775042611877825289,1775042611879032308,1775042611882263324,1.207019,3.231016,4.438035,200
1775042611898027125,1775042611898027125,1775042611898658627,0.000000,0.631502,0.631502,200
1775042611900669290,1775042611900669290,1775042611905763261,0.000000,5.093971,5.093971,200
1775042611905804607,1775042611905804607,1775042611906500910,0.000000,0.696303,0.696303,200
1775042611949679697,1775042611949679697,1775042611950773182,0.000000,1.093485,1.093485,200
1775042611959802894,1775042611959802894,1775042611960446609,0.000000,0.643715,0.643715,200
1775042611963416302,1775042611963416302,1775042611965011519,0.000000,1.595217,1.595217,200
1775042611963514104,1775042611965011519,1775042611965727587,1.497415,0.716068,2.213483,200
1775042611963824415,1775042611965727587,1775042611966814105,1.903172,1.086518,2.989690,200
1775042611963874513,1775042611966814105,1775042611967797976,2.939592,0.983871,3.923463,200
1775042611965193788,1775042611967797976,1775042611968508002,2.604188,0.710026,3.314214,200
1775042611965256371,1775042611968508002,1775042611969167899,3.251631,0.659897,3.911528,200
1775042611965301430,1775042611969167899,1775042611969813118,3.866469,0.645219,4.511688,200
1775042611968584839,1775042611969813118,1775042611971689804,1.228279,1.876686,3.104965,200
1775042611996089611,1775042611996089611,1775042611996815719,0.000000,0.726108,0.726108,200
1775042611996426614,1775042611996815719,1775042611997429784,0.389105,0.614065,1.003170,200
1775042611996496511,1775042611997429784,1775042611997840491,0.933273,0.410707,1.343980,200
1775042611998289067,1775042611998289067,1775042611999069292,0.000000,0.780225,0.780225,200
1775042612001315871,1775042612001315871,1775042612002449628,0.000000,1.133757,1.133757,200
1775042612003878382,1775042612003878382,1775042612004587065,0.000000,0.708683,0.708683,200
1775042612032800499,1775042612032800499,1775042612033434634,0.000000,0.634135,0.634135,200
1775042612034718022,1775042612034718022,1775042612035180381,0.000000,0.462359,0.462359,200
1775042612038251471,1775042612038251471,1775042612039492204,0.000000,1.240733,1.240733,200
1775042612039538963,1775042612039538963,1775042612040261093,0.000000,0.722130,0.722130,200
1775042612051280561,1775042612051280561,1775042612052096042,0.000000,0.815481,0.815481,200
1775042612051593967,1775042612052096042,1775042612052816092,0.502075,0.720050,1.222125,200
1775042612053873682,1775042612053873682,1775042612054567196,0.000000,0.693514,0.693514,200
1775042612053930393,1775042612054567196,1775042612055297261,0.636803,0.730065,1.366868,200
1775042612080254728,1775042612080254728,1775042612081378343,0.000000,1.123615,1.123615,200
1775042612080410855,1775042612081378343,1775042612082007521,0.967488,0.629178,1.596666,200
1775042612080486463,1775042612082007521,1775042612083162968,1.521058,1.155447,2.676505,200
1775042612101589795,1775042612101589795,1775042612107734616,0.000000,6.144821,6.144821,200
1775042612103853974,1775042612107734616,1775042612108312283,3.880642,0.577667,4.458309,200
1775042612107432063,1775042612108312283,1775042612109709191,0.880220,1.396908,2.277128,200
1775042612109915217,1775042612109915217,1775042612110808796,0.000000,0.893579,0.893579,200
1775042612115522510,1775042612115522510,1775042612117940144,0.000000,2.417634,2.417634,200
1775042612120256148,1775042612120256148,1775042612121051873,0.000000,0.795725,0.795725,200
1775042612120347748,1775042612121051873,1775042612121467579,0.704125,0.415706,1.119831,200
1775042612120463205,1775042612121467579,1775042612123026432,1.004374,1.558853,2.563227,200
1775042612123856885,1775042612123856885,1775042612124475180,0.000000,0.618295,0.618295,200
1775042612126663035,1775042612126663035,1775042612127604498,0.000000,0.941463,0.941463,200
1775042612129587918,1775042612129587918,1775042612133918069,0.000000,4.330151,4.330151,200
1775042612131214027,1775042612133918069,1775042612134491789,2.704042,0.573720,3.277762,200
1775042612132373217,1775042612134491789,1775042612135179143,2.118572,0.687354,2.805926,200
1775042612132564593,1775042612135179143,1775042612138204299,2.614550,3.025156,5.639706,200
1775042612132675301,1775042612138204299,1775042612138923252,5.528998,0.718953,6.247951,200
1775042612132811108,1775042612138923252,1775042612140420837,6.112144,1.497585,7.609729,200
1775042612133009138,1775042612140420837,1775042612141247084,7.411699,0.826247,8.237946,200
1775042612133102642,1775042612141247084,1775042612141674778,8.144442,0.427694,8.572136,200
1775042612133183781,1775042612141674778,1775042612142426427,8.490997,0.751649,9.242646,200
1775042612133366551,1775042612142426427,1775042612143541673,9.059876,1.115246,10.175122,200
1775042612133501626,1775042612143541673,1775042612149657043,10.040047,6.115370,16.155417,200
1775042612157207847,1775042612157207847,1775042612157736037,0.000000,0.528190,0.528190,200
1775042612168019956,1775042612168019956,1775042612168743910,0.000000,0.723954,0.723954,200
1775042612168512736,1775042612168743910,1775042612169437928,0.231174,0.694018,0.925192,200
1775042612187682749,1775042612187682749,1775042612188484446,0.000000,0.801697,0.801697,200
1775042612190251202,1775042612190251202,1775042612191125022,0.000000,0.873820,0.873820,200
1775042612218932609,1775042612218932609,1775042612220406936,0.000000,1.474327,1.474327,200
1775042612222820461,1775042612222820461,1775042612223633692,0.000000,0.813231,0.813231,200
1775042612225109472,1775042612225109472,1775042612225835850,0.000000,0.726378,0.726378,200
1775042612254907704,1775042612254907704,1775042612255570511,0.000000,0.662807,0.662807,200
1775042612257794913,1775042612257794913,1775042612258418663,0.000000,0.623750,0.623750,200
1775042612270804318,1775042612270804318,1775042612272228188,0.000000,1.423870,1.423870,200
1775042612272530403,1775042612272530403,1775042612273039264,0.000000,0.508861,0.508861,200
1775042612272622695,1775042612273039264,1775042612273763098,0.416569,0.723834,1.140403,200
1775042612272663966,1775042612273763098,1775042612274530047,1.099132,0.766949,1.866081,200
1775042612285037295,1775042612285037295,1775042612286602242,0.000000,1.564947,1.564947,200
1775042612285156650,1775042612286602242,1775042612287464648,1.445592,0.862406,2.307998,200
1775042612287379401,1775042612287464648,1775042612289390957,0.085247,1.926309,2.011556,200
1775042612287582797,1775042612289390957,1775042612290197532,1.808160,0.806575,2.614735,200
1775042612288422559,1775042612290197532,1775042612291891708,1.774973,1.694176,3.469149,200
1775042612291021686,1775042612291891708,1775042612292518020,0.870022,0.626312,1.496334,200
1775042612329719796,1775042612329719796,1775042612330146184,0.000000,0.426388,0.426388,200
1775042612364015413,1775042612364015413,1775042612364541356,0.000000,0.525943,0.525943,200
1775042612366353596,1775042612366353596,1775042612379251576,0.000000,12.897980,12.897980,200
1775042612373985790,1775042612379251576,1775042612379675731,5.265786,0.424155,5.689941,200
1775042612382023572,1775042612382023572,1775042612382784976,0.000000,0.761404,0.761404,200
1775042612383256587,1775042612383256587,1775042612383978178,0.000000,0.721591,0.721591,200
1775042612383330552,1775042612383978178,1775042612384937554,0.647626,0.959376,1.607002,200
1775042612385712648,1775042612385712648,1775042612386231861,0.000000,0.519213,0.519213,200
1775042612385767396,1775042612386231861,1775042612387564431,0.464465,1.332570,1.797035,200
1775042612387749433,1775042612387749433,1775042612389477265,0.000000,1.727832,1.727832,200
1775042612387836284,1775042612389477265,1775042612390151210,1.640981,0.673945,2.314926,200
1775042612410766910,1775042612410766910,1775042612411701886,0.000000,0.934976,0.934976,200
1775042612435969034,1775042612435969034,1775042612436698418,0.000000,0.729384,0.729384,200
1775042612437803007,1775042612437803007,1775042612438683746,0.000000,0.880739,0.880739,200
1775042612445515840,1775042612445515840,1775042612446232620,0.000000,0.716780,0.716780,200
1775042612447492540,1775042612447492540,1775042612448160944,0.000000,0.668404,0.668404,200
1775042612447578419,1775042612448160944,1775042612448805691,0.582525,0.644747,1.227272,200
1775042612477389836,1775042612477389836,1775042612478376400,0.000000,0.986564,0.986564,200
1775042612477445315,1775042612478376400,1775042612479574317,0.931085,1.197917,2.129002,200
1775042612478852112,1775042612479574317,1775042612480418236,0.722205,0.843919,1.566124,200
1775042612479001456,1775042612480418236,1775042612481094200,1.416780,0.675964,2.092744,200
1775042612483790887,1775042612483790887,1775042612484351560,0.000000,0.560673,0.560673,200
1775042612493914334,1775042612493914334,1775042612494616865,0.000000,0.702531,0.702531,200
1775042612496982005,1775042612496982005,1775042612497710738,0.000000,0.728733,0.728733,200
1775042612499109379,1775042612499109379,1775042612499732866,0.000000,0.623487,0.623487,200
1775042612514137084,1775042612514137084,1775042612515020542,0.000000,0.883458,0.883458,200
1775042612515247818,1775042612515247818,1775042612516177617,0.000000,0.929799,0.929799,200
1775042612522023556,1775042612522023556,1775042612522732690,0.000000,0.709134,0.709134,200
1775042612524101139,1775042612524101139,1775042612524812999,0.000000,0.711860,0.711860,200
1775042612576708946,1775042612576708946,1775042612577484662,0.000000,0.775716,0.775716,200
1775042612608436120,1775042612608436120,1775042612609610704,0.000000,1.174584,1.174584,200
1775042612610787860,1775042612610787860,1775042612611828844,0.000000,1.040984,1.040984,200
1775042612617840359,1775042612617840359,1775042612618631185,0.000000,0.790826,0.790826,200
1775042612692455892,1775042612692455892,1775042612693124327,0.000000,0.668435,0.668435,200
1775042612698145818,1775042612698145818,1775042612698771392,0.000000,0.625574,0.625574,200
1775042612788840898,1775042612788840898,1775042612789576990,0.000000,0.736092,0.736092,200
1775042612790131566,1775042612790131566,1775042612790683320,0.000000,0.551754,0.551754,200
1775042612815419826,1775042612815419826,1775042612816133779,0.000000,0.713953,0.713953,200
1775042612818726314,1775042612818726314,1775042612819382424,0.000000,0.656110,0.656110,200
1775042612824513065,1775042612824513065,1775042612825397577,0.000000,0.884512,0.884512,200
1775042612839443853,1775042612839443853,1775042612840330551,0.000000,0.886698,0.886698,200
1775042612846474603,1775042612846474603,1775042612848142869,0.000000,1.668266,1.668266,200
1775042612874353776,1775042612874353776,1775042612875080918,0.000000,0.727142,0.727142,200
1775042612876972568,1775042612876972568,1775042612877945565,0.000000,0.972997,0.972997,200
1775042612877088165,1775042612877945565,1775042612878340181,0.857400,0.394616,1.252016,200
1775042612878125552,1775042612878340181,1775042612879028243,0.214629,0.688062,0.902691,200
1775042612882930894,1775042612882930894,1775042612883638266,0.000000,0.707372,0.707372,200
1775042612889209055,1775042612889209055,1775042612890142280,0.000000,0.933225,0.933225,200
1775042612889310034,1775042612890142280,1775042612890839350,0.832246,0.697070,1.529316,200
1775042612889368218,1775042612890839350,1775042612895324751,1.471132,4.485401,5.956533,200
1775042612895057228,1775042612895324751,1775042612895870294,0.267523,0.545543,0.813066,200
1775042612895116805,1775042612895870294,1775042612896645877,0.753489,0.775583,1.529072,200
1775042612897462559,1775042612897462559,1775042612898131825,0.000000,0.669266,0.669266,200
1775042612905801215,1775042612905801215,1775042612906620115,0.000000,0.818900,0.818900,200
1775042612907963018,1775042612907963018,1775042612908699820,0.000000,0.736802,0.736802,200
1775042612917641996,1775042612917641996,1775042612919300518,0.000000,1.658522,1.658522,200
1775042612919090435,1775042612919300518,1775042612920075903,0.210083,0.775385,0.985468,200
1775042612932117408,1775042612932117408,1775042612932917579,0.000000,0.800171,0.800171,200
1775042612934756328,1775042612934756328,1775042612936165404,0.000000,1.409076,1.409076,200
1775042612937184875,1775042612937184875,1775042612938282128,0.000000,1.097253,1.097253,200
1775042612938329517,1775042612938329517,1775042612939031147,0.000000,0.701630,0.701630,200
1775042612944711854,1775042612944711854,1775042612945364407,0.000000,0.652553,0.652553,200
1775042612950431450,1775042612950431450,1775042612951928617,0.000000,1.497167,1.497167,200
1775042612957460176,1775042612957460176,1775042612957871104,0.000000,0.410928,0.410928,200
1775042612960179786,1775042612960179786,1775042612960985359,0.000000,0.805573,0.805573,200
1775042612973008365,1775042612973008365,1775042612974910432,0.000000,1.902067,1.902067,200
1775042612974141173,1775042612974910432,1775042612975638751,0.769259,0.728319,1.497578,200
1775042612974204217,1775042612975638751,1775042612976499493,1.434534,0.860742,2.295276,200
1775042612974257091,1775042612976499493,1775042612977322477,2.242402,0.822984,3.065386,200
1775042612974300527,1775042612977322477,1775042612981366194,3.021950,4.043717,7.065667,200
1775042612974325225,1775042612981366194,1775042612982212999,7.040969,0.846805,7.887774,200
1775042612977704923,1775042612982212999,1775042612984572144,4.508076,2.359145,6.867221,200
1775042612979819483,1775042612984572144,1775042612985993768,4.752661,1.421624,6.174285,200
1775042612983440104,1775042612985993768,1775042612986750586,2.553664,0.756818,3.310482,200
1775042612985130379,1775042612986750586,1775042612987733162,1.620207,0.982576,2.602783,200
1775042612986194428,1775042612987733162,1775042612990530641,1.538734,2.797479,4.336213,200
1775042612992618479,1775042612992618479,1775042612996809156,0.000000,4.190677,4.190677,200
1775042612993235062,1775042612996809156,1775042612997307449,3.574094,0.498293,4.072387,200
1775042612993512919,1775042612997307449,1775042612998013901,3.794530,0.706452,4.500982,200
1775042613007354232,1775042613007354232,1775042613008001044,0.000000,0.646812,0.646812,200
1775042613013796136,1775042613013796136,1775042613014571802,0.000000,0.775666,0.775666,200
1775042613027806736,1775042613027806736,1775042613028268354,0.000000,0.461618,0.461618,200
1775042613030208861,1775042613030208861,1775042613030856484,0.000000,0.647623,0.647623,200
1775042613034359906,1775042613034359906,1775042613035256993,0.000000,0.897087,0.897087,200
1775042613040072042,1775042613040072042,1775042613040869408,0.000000,0.797366,0.797366,200
1775042613043757550,1775042613043757550,1775042613048333852,0.000000,4.576302,4.576302,200
1775042613043805184,1775042613048333852,1775042613049127180,4.528668,0.793328,5.321996,200
1775042613059185084,1775042613059185084,1775042613059895531,0.000000,0.710447,0.710447,200
1775042613060665910,1775042613060665910,1775042613061453306,0.000000,0.787396,0.787396,200
1775042613069325154,1775042613069325154,1775042613070031142,0.000000,0.705988,0.705988,200
1775042613073847761,1775042613073847761,1775042613076183796,0.000000,2.336035,2.336035,200
1775042613075891740,1775042613076183796,1775042613076668960,0.292056,0.485164,0.777220,200
1775042613092001737,1775042613092001737,1775042613093401082,0.000000,1.399345,1.399345,200
1775042613092044892,1775042613093401082,1775042613094624453,1.356190,1.223371,2.579561,200
1775042613097527114,1775042613097527114,1775042613098124098,0.000000,0.596984,0.596984,200
1775042613097592613,1775042613098124098,1775042613098991133,0.531485,0.867035,1.398520,200
1775042613102020074,1775042613102020074,1775042613102660273,0.000000,0.640199,0.640199,200
1775042613106726814,1775042613106726814,1775042613107803263,0.000000,1.076449,1.076449,200
1775042613112576350,1775042613112576350,1775042613113632397,0.000000,1.056047,1.056047,200
1775042613127333966,1775042613127333966,1775042613127758121,0.000000,0.424155,0.424155,200
1775042613127415116,1775042613127758121,1775042613128536589,0.343005,0.778468,1.121473,200
1775042613127461146,1775042613128536589,1775042613129062813,1.075443,0.526224,1.601667,200
1775042613128901650,1775042613129062813,1775042613129631329,0.161163,0.568516,0.729679,200
1775042613129798875,1775042613129798875,1775042613130384737,0.000000,0.585862,0.585862,200
1775042613132045313,1775042613132045313,1775042613134199645,0.000000,2.154332,2.154332,200
1775042613153906790,1775042613153906790,1775042613154473994,0.000000,0.567204,0.567204,200
1775042613155801116,1775042613155801116,1775042613157113274,0.000000,1.312158,1.312158,200
1775042613184663385,1775042613184663385,1775042613186057967,0.000000,1.394582,1.394582,200
1775042613189048631,1775042613189048631,1775042613189795300,0.000000,0.746669,0.746669,200
1775042613189131514,1775042613189795300,1775042613190242578,0.663786,0.447278,1.111064,200
1775042613189221962,1775042613190242578,1775042613190884821,1.020616,0.642243,1.662859,200
1775042613214747283,1775042613214747283,1775042613215560091,0.000000,0.812808,0.812808,200
1775042613215891206,1775042613215891206,1775042613216846715,0.000000,0.955509,0.955509,200
1775042613221343649,1775042613221343649,1775042613223641419,0.000000,2.297770,2.297770,200
1775042613224157373,1775042613224157373,1775042613225585635,0.000000,1.428262,1.428262,200
1775042613227694840,1775042613227694840,1775042613228499582,0.000000,0.804742,0.804742,200
1775042613238516298,1775042613238516298,1775042613239238238,0.000000,0.721940,0.721940,200
1775042613238603710,1775042613239238238,1775042613240357906,0.634528,1.119668,1.754196,200
1775042613239058605,1775042613240357906,1775042613240896384,1.299301,0.538478,1.837779,200
1775042613258433584,1775042613258433584,1775042613258946389,0.000000,0.512805,0.512805,200
1775042613281652239,1775042613281652239,1775042613282414852,0.000000,0.762613,0.762613,200
1775042613281725954,1775042613282414852,1775042613283101572,0.688898,0.686720,1.375618,200
1775042613281778347,1775042613283101572,1775042613283851928,1.323225,0.750356,2.073581,200
1775042613305761975,1775042613305761975,1775042613307261171,0.000000,1.499196,1.499196,200
1775042613307189794,1775042613307261171,1775042613307735995,0.071377,0.474824,0.546201,200
1775042613312217670,1775042613312217670,1775042613312924233,0.000000,0.706563,0.706563,200
1775042613312354530,1775042613312924233,1775042613314282674,0.569703,1.358441,1.928144,200
1775042613312479385,1775042613314282674,1775042613314869371,1.803289,0.586697,2.389986,200
1775042613312530315,1775042613314869371,1775042613315547634,2.339056,0.678263,3.017319,200
1775042613338343775,1775042613338343775,1775042613339675903,0.000000,1.332128,1.332128,200
1775042613359685291,1775042613359685291,1775042613360353453,0.000000,0.668162,0.668162,200
1775042613384554239,1775042613384554239,1775042613385094490,0.000000,0.540251,0.540251,200
1775042613388358965,1775042613388358965,1775042613388983463,0.000000,0.624498,0.624498,200
1775042613388404455,1775042613388983463,1775042613389717056,0.579008,0.733593,1.312601,200
1775042613417990731,1775042613417990731,1775042613418685888,0.000000,0.695157,0.695157,200
1775042613420769948,1775042613420769948,1775042613421455726,0.000000,0.685778,0.685778,200
1775042613421848825,1775042613421848825,1775042613422361005,0.000000,0.512180,0.512180,200
1775042613423299063,1775042613423299063,1775042613424013016,0.000000,0.713953,0.713953,200
1775042613429382048,1775042613429382048,1775042613429947880,0.000000,0.565832,0.565832,200
1775042613463140697,1775042613463140697,1775042613465757491,0.000000,2.616794,2.616794,200
1775042613470867135,1775042613470867135,1775042613474974652,0.000000,4.107517,4.107517,200
1775042613471780698,1775042613474974652,1775042613475808408,3.193954,0.833756,4.027710,200
1775042613500128539,1775042613500128539,1775042613500950181,0.000000,0.821642,0.821642,200
1775042613523310629,1775042613523310629,1775042613524286548,0.000000,0.975919,0.975919,200
1775042613525352620,1775042613525352620,1775042613526705758,0.000000,1.353138,1.353138,200
1775042613585218980,1775042613585218980,1775042613585915031,0.000000,0.696051,0.696051,200
1775042613590513892,1775042613590513892,1775042613590977223,0.000000,0.463331,0.463331,200
1775042613590975229,1775042613590977223,1775042613591926408,0.001994,0.949185,0.951179,200
1775042613607322640,1775042613607322640,1775042613608198323,0.000000,0.875683,0.875683,200
1775042613611307949,1775042613611307949,1775042613611973396,0.000000,0.665447,0.665447,200
1775042613612487946,1775042613612487946,1775042613613617574,0.000000,1.129628,1.129628,200
1775042613612557983,1775042613613617574,1775042613614562101,1.059591,0.944527,2.004118,200
1775042613617964392,1775042613617964392,1775042613619143387,0.000000,1.178995,1.178995,200
1775042613618021975,1775042613619143387,1775042613619586731,1.121412,0.443344,1.564756,200
1775042613618052646,1775042613619586731,1775042613620098397,1.534085,0.511666,2.045751,200
1775042613618078867,1775042613620098397,1775042613620687985,2.019530,0.589588,2.609118,200
1775042613646650977,1775042613646650977,1775042613647299777,0.000000,0.648800,0.648800,200
1775042613648273108,1775042613648273108,1775042613648717182,0.000000,0.444074,0.444074,200
1775042613651430518,1775042613651430518,1775042613651948476,0.000000,0.517958,0.517958,200
1775042613668911306,1775042613668911306,1775042613669580070,0.000000,0.668764,0.668764,200
1775042613693300868,1775042613693300868,1775042613694515739,0.000000,1.214871,1.214871,200
1775042613698647479,1775042613698647479,1775042613699374381,0.000000,0.726902,0.726902,200
1775042613700518229,1775042613700518229,1775042613700956070,0.000000,0.437841,0.437841,200
1775042613705050370,1775042613705050370,1775042613705919529,0.000000,0.869159,0.869159,200
1775042613705133142,1775042613705919529,1775042613706550780,0.786387,0.631251,1.417638,200
1775042613706983423,1775042613706983423,1775042613710609027,0.000000,3.625604,3.625604,200
1775042613726052564,1775042613726052564,1775042613726587477,0.000000,0.534913,0.534913,200
1775042613726166378,1775042613726587477,1775042613727303294,0.421099,0.715817,1.136916,200
1775042613726285402,1775042613727303294,1775042613727945946,1.017892,0.642652,1.660544,200
1775042613727756937,1775042613727945946,1775042613729157879,0.189009,1.211933,1.400942,200
1775042613729075360,1775042613729157879,1775042613730621678,0.082519,1.463799,1.546318,200
1775042613730348134,1775042613730621678,1775042613731175788,0.273544,0.554110,0.827654,200
1775042613731555769,1775042613731555769,1775042613734246641,0.000000,2.690872,2.690872,200
1775042613731691406,1775042613734246641,1775042613735041583,2.555235,0.794942,3.350177,200
1775042613731732918,1775042613735041583,1775042613735933386,3.308665,0.891803,4.200468,200
1775042613736785845,1775042613736785845,1775042613738103908,0.000000,1.318063,1.318063,200
1775042613739642685,1775042613739642685,1775042613740111607,0.000000,0.468922,0.468922,200
1775042613739689457,1775042613740111607,1775042613747633357,0.422150,7.521750,7.943900,200
1775042613739714526,1775042613747633357,1775042613748380868,7.918831,0.747511,8.666342,200
1775042613739735758,1775042613748380868,1775042613748968683,8.645110,0.587815,9.232925,200
1775042613744372162,1775042613748968683,1775042613749719729,4.596521,0.751046,5.347567,200
1775042613765365994,1775042613765365994,1775042613766038397,0.000000,0.672403,0.672403,200
1775042613773616618,1775042613773616618,1775042613774250805,0.000000,0.634187,0.634187,200
1775042613776223957,1775042613776223957,1775042613777194726,0.000000,0.970769,0.970769,200
1775042613791478462,1775042613791478462,1775042613794533398,0.000000,3.054936,3.054936,200
1775042613791532648,1775042613794533398,1775042613795089311,3.000750,0.555913,3.556663,200
1775042613806061074,1775042613806061074,1775042613806828614,0.000000,0.767540,0.767540,200
1775042613806211320,1775042613806828614,1775042613807274070,0.617294,0.445456,1.062750,200
1775042613806550457,1775042613807274070,1775042613812431194,0.723613,5.157124,5.880737,200
1775042613835878739,1775042613835878739,1775042613836804820,0.000000,0.926081,0.926081,200
1775042613844897415,1775042613844897415,1775042613845837668,0.000000,0.940253,0.940253,200
1775042613866180110,1775042613866180110,1775042613869307807,0.000000,3.127697,3.127697,200
1775042613868228279,1775042613869307807,1775042613870018053,1.079528,0.710246,1.789774,200
1775042613870379460,1775042613870379460,1775042613871292175,0.000000,0.912715,0.912715,200
1775042613872028985,1775042613872028985,1775042613873603883,0.000000,1.574898,1.574898,200
1775042613875685487,1775042613875685487,1775042613876355414,0.000000,0.669927,0.669927,200
1775042613897932087,1775042613897932087,1775042613898694166,0.000000,0.762079,0.762079,200
1775042613898001644,1775042613898694166,1775042613899625241,0.692522,0.931075,1.623597,200
1775042613899285920,1775042613899625241,1775042613900392140,0.339321,0.766899,1.106220,200
1775042613930274556,1775042613930274556,1775042613931720094,0.000000,1.445538,1.445538,200
1775042613934499078,1775042613934499078,1775042613935541685,0.000000,1.042607,1.042607,200
1775042613943606064,1775042613943606064,1775042613944364575,0.000000,0.758511,0.758511,200
1775042613952219455,1775042613952219455,1775042613959718321,0.000000,7.498866,7.498866,200
1775042613952304512,1775042613959718321,1775042613961646964,7.413809,1.928643,9.342452,200
1775042613952343689,1775042613961646964,1775042613962591235,9.303275,0.944271,10.247546,200
1775042613955289594,1775042613962591235,1775042613963210032,7.301641,0.618797,7.920438,200
1775042613958081856,1775042613963210032,1775042613963778610,5.128176,0.568578,5.696754,200
1775042614005542397,1775042614005542397,1775042614006359689,0.000000,0.817292,0.817292,200
1775042614012782788,1775042614012782788,1775042614013452925,0.000000,0.670137,0.670137,200
1775042614040051877,1775042614040051877,1775042614040522212,0.000000,0.470335,0.470335,200
1775042614043185000,1775042614043185000,1775042614043857443,0.000000,0.672443,0.672443,200
1775042614043352981,1775042614043857443,1775042614044395981,0.504462,0.538538,1.043000,200
1775042614046016987,1775042614046016987,1775042614046831448,0.000000,0.814461,0.814461,200
1775042614050991945,1775042614050991945,1775042614051457731,0.000000,0.465786,0.465786,200
1775042614053667780,1775042614053667780,1775042614054406402,0.000000,0.738622,0.738622,200
1775042614068362235,1775042614068362235,1775042614069272578,0.000000,0.910343,0.910343,200
1775042614079469994,1775042614079469994,1775042614080166443,0.000000,0.696449,0.696449,200
1775042614085457931,1775042614085457931,1775042614086139140,0.000000,0.681209,0.681209,200
1775042614097164196,1775042614097164196,1775042614097724398,0.000000,0.560202,0.560202,200
1775042614097244664,1775042614097724398,1775042614098879294,0.479734,1.154896,1.634630,200
1775042614117735019,1775042614117735019,1775042614118438377,0.000000,0.703358,0.703358,200
1775042614121212950,1775042614121212950,1775042614123958008,0.000000,2.745058,2.745058,200
1775042614146285469,1775042614146285469,1775042614147048795,0.000000,0.763326,0.763326,200
1775042614147778396,1775042614147778396,1775042614148554506,0.000000,0.776110,0.776110,200
1775042614150008112,1775042614150008112,1775042614150771613,0.000000,0.763501,0.763501,200
1775042614150857483,1775042614150857483,1775042614152013216,0.000000,1.155733,1.155733,200
1775042614176549484,1775042614176549484,1775042614177346956,0.000000,0.797472,0.797472,200
1775042614179533224,1775042614179533224,1775042614180132643,0.000000,0.599419,0.599419,200
1775042614185379373,1775042614185379373,1775042614186169440,0.000000,0.790067,0.790067,200
1775042614185460543,1775042614186169440,1775042614187142690,0.708897,0.973250,1.682147,200
1775042614209501609,1775042614209501609,1775042614210011962,0.000000,0.510353,0.510353,200
1775042614214470266,1775042614214470266,1775042614215194433,0.000000,0.724167,0.724167,200
1775042614251642956,1775042614251642956,1775042614252098053,0.000000,0.455097,0.455097,200
1775042614254923689,1775042614254923689,1775042614255729158,0.000000,0.805469,0.805469,200
1775042614258837144,1775042614258837144,1775042614259564254,0.000000,0.727110,0.727110,200
1775042614260320722,1775042614260320722,1775042614260971923,0.000000,0.651201,0.651201,200
1775042614272093984,1775042614272093984,1775042614272913239,0.000000,0.819255,0.819255,200
1775042614272270271,1775042614272913239,1775042614273352448,0.642968,0.439209,1.082177,200
1775042614272384185,1775042614273352448,1775042614274805195,0.968263,1.452747,2.421010,200
1775042614272431969,1775042614274805195,1775042614275604066,2.373226,0.798871,3.172097,200
1775042614272466647,1775042614275604066,1775042614277250574,3.137419,1.646508,4.783927,200
1775042614272819071,1775042614277250574,1775042614278087290,4.431503,0.836716,5.268219,200
1775042614301828404,1775042614301828404,1775042614302915959,0.000000,1.087555,1.087555,200
1775042614305304968,1775042614305304968,1775042614305896220,0.000000,0.591252,0.591252,200
1775042614306764139,1775042614306764139,1775042614307656955,0.000000,0.892816,0.892816,200
1775042614320771115,1775042614320771115,1775042614321746703,0.000000,0.975588,0.975588,200
1775042614322005333,1775042614322005333,1775042614331670441,0.000000,9.665108,9.665108,200
1775042614324006750,1775042614331670441,1775042614332348895,7.663691,0.678454,8.342145,200
1775042614324638793,1775042614332348895,1775042614332859520,7.710102,0.510625,8.220727,200
1775042614335869383,1775042614335869383,1775042614336565240,0.000000,0.695857,0.695857,200
1775042614335977115,1775042614336565240,1775042614337231474,0.588125,0.666234,1.254359,200
1775042614337373722,1775042614337373722,1775042614337750312,0.000000,0.376590,0.376590,200
1775042614361884296,1775042614361884296,1775042614362546166,0.000000,0.661870,0.661870,200
1775042614366318525,1775042614366318525,1775042614366841703,0.000000,0.523178,0.523178,200
1775042614366456496,1775042614366841703,1775042614367515778,0.385207,0.674075,1.059282,200
1775042614367985574,1775042614367985574,1775042614368776469,0.000000,0.790895,0.790895,200
1775042614371199870,1775042614371199870,1775042614371885360,0.000000,0.685490,0.685490,200
1775042614420922144,1775042614420922144,1775042614421558839,0.000000,0.636695,0.636695,200
1775042614427438492,1775042614427438492,1775042614428004757,0.000000,0.566265,0.566265,200
1775042614428534768,1775042614428534768,1775042614429299071,0.000000,0.764303,0.764303,200
1775042614428612070,1775042614429299071,1775042614429945024,0.687001,0.645953,1.332954,200
1775042614486176625,1775042614486176625,1775042614486703272,0.000000,0.526647,0.526647,200
1775042614494459035,1775042614494459035,1775042614495248209,0.000000,0.789174,0.789174,200
1775042614503204906,1775042614503204906,1775042614504218840,0.000000,1.013934,1.013934,200
1775042614511878993,1775042614511878993,1775042614512608487,0.000000,0.729494,0.729494,200
1775042614513797166,1775042614513797166,1775042614514480179,0.000000,0.683013,0.683013,200
1775042614513941841,1775042614514480179,1775042614515231880,0.538338,0.751701,1.290039,200
1775042614514237452,1775042614515231880,1775042614516007014,0.994428,0.775134,1.769562,200
1775042614565896617,1775042614565896617,1775042614567883753,0.000000,1.987136,1.987136,200
1775042614567710523,1775042614567883753,1775042614568357014,0.173230,0.473261,0.646491,200
1775042614628143476,1775042614628143476,1775042614628691764,0.000000,0.548288,0.548288,200
1775042614628698849,1775042614628698849,1775042614629414799,0.000000,0.715950,0.715950,200
1775042614628758556,1775042614629414799,1775042614630198077,0.656243,0.783278,1.439521,200
1775042614628804326,1775042614630198077,1775042614630939425,1.393751,0.741348,2.135099,200
1775042614630224179,1775042614630939425,1775042614631611096,0.715246,0.671671,1.386917,200
1775042614632564523,1775042614632564523,1775042614633169543,0.000000,0.605020,0.605020,200
1775042614644709256,1775042614644709256,1775042614645565440,0.000000,0.856184,0.856184,200
1775042614651418443,1775042614651418443,1775042614653234365,0.000000,1.815922,1.815922,200
1775042614659881337,1775042614659881337,1775042614660360468,0.000000,0.479131,0.479131,200
1775042614659989720,1775042614660360468,1775042614661035666,0.370748,0.675198,1.045946,200
1775042614664153984,1775042614664153984,1775042614665760499,0.000000,1.606515,1.606515,200
1775042614673711761,1775042614673711761,1775042614674163740,0.000000,0.451979,0.451979,200
1775042614673796267,1775042614674163740,1775042614674682053,0.367473,0.518313,0.885786,200
1775042614675308171,1775042614675308171,1775042614676232433,0.000000,0.924262,0.924262,200
1775042614675427366,1775042614676232433,1775042614676897540,0.805067,0.665107,1.470174,200
1775042614675489378,1775042614676897540,1775042614677445318,1.408162,0.547778,1.955940,200
1775042614676432527,1775042614677445318,1775042614677973517,1.012791,0.528199,1.540990,200
1775042614694164827,1775042614694164827,1775042614694699669,0.000000,0.534842,0.534842,200
1775042614699327612,1775042614699327612,1775042614699831803,0.000000,0.504191,0.504191,200
1775042614711770479,1775042614711770479,1775042614712831313,0.000000,1.060834,1.060834,200
1775042614712014257,1775042614712831313,1775042614716023061,0.817056,3.191748,4.008804,200
1775042614718343768,1775042614718343768,1775042614719069327,0.000000,0.725559,0.725559,200
1775042614726159177,1775042614726159177,1775042614726577099,0.000000,0.417922,0.417922,200
1775042614734660584,1775042614734660584,1775042614735285731,0.000000,0.625147,0.625147,200
1775042614737608853,1775042614737608853,1775042614738375892,0.000000,0.767039,0.767039,200
1775042614741892770,1775042614741892770,1775042614742253558,0.000000,0.360788,0.360788,200
1775042614744587681,1775042614744587681,1775042614745306925,0.000000,0.719244,0.719244,200
1775042614744665043,1775042614745306925,1775042614746253928,0.641882,0.947003,1.588885,200
1775042614757863141,1775042614757863141,1775042614758618105,0.000000,0.754964,0.754964,200
1775042614763281711,1775042614763281711,1775042614764008189,0.000000,0.726478,0.726478,200
1775042614794635023,1775042614794635023,1775042614795211096,0.000000,0.576073,0.576073,200
1775042614799847846,1775042614799847846,1775042614800649432,0.000000,0.801586,0.801586,200
1775042614801856828,1775042614801856828,1775042614802357293,0.000000,0.500465,0.500465,200
1775042614814483820,1775042614814483820,1775042614815170540,0.000000,0.686720,0.686720,200
1775042614815694281,1775042614815694281,1775042614816366823,0.000000,0.672542,0.672542,200
1775042614817797318,1775042614817797318,1775042614818630237,0.000000,0.832919,0.832919,200
1775042614819267540,1775042614819267540,1775042614821063109,0.000000,1.795569,1.795569,200
1775042614820341452,1775042614821063109,1775042614821859214,0.721657,0.796105,1.517762,200
1775042614836220383,1775042614836220383,1775042614837054232,0.000000,0.833849,0.833849,200
1775042614839912014,1775042614839912014,1775042614840805840,0.000000,0.893826,0.893826,200
1775042614841581148,1775042614841581148,1775042614842180326,0.000000,0.599178,0.599178,200
1775042614843779772,1775042614843779772,1775042614844658811,0.000000,0.879039,0.879039,200
1775042614851237943,1775042614851237943,1775042614851793436,0.000000,0.555493,0.555493,200
1775042614858789671,1775042614858789671,1775042614859768365,0.000000,0.978694,0.978694,200
1775042614864544902,1775042614864544902,1775042614865169320,0.000000,0.624418,0.624418,200
1775042614867589467,1775042614867589467,1775042614870386946,0.000000,2.797479,2.797479,200
1775042614868763576,1775042614870386946,1775042614871317666,1.623370,0.930720,2.554090,200
1775042614871918988,1775042614871918988,1775042614878367509,0.000000,6.448521,6.448521,200
1775042614876572601,1775042614878367509,1775042614878807846,1.794908,0.440337,2.235245,200
1775042614879363892,1775042614879363892,1775042614882038952,0.000000,2.675060,2.675060,200
1775042614881499042,1775042614882038952,1775042614882799512,0.539910,0.760560,1.300470,200
1775042614883373118,1775042614883373118,1775042614884836945,0.000000,1.463827,1.463827,200
1775042614886524056,1775042614886524056,1775042614887220359,0.000000,0.696303,0.696303,200
1775042614891883098,1775042614891883098,1775042614892477489,0.000000,0.594391,0.594391,200
1775042614895336171,1775042614895336171,1775042614896004838,0.000000,0.668667,0.668667,200
1775042614897945020,1775042614897945020,1775042614898429150,0.000000,0.484130,0.484130,200
1775042614900492782,1775042614900492782,1775042614901473927,0.000000,0.981145,0.981145,200
1775042614902004495,1775042614902004495,1775042614902870809,0.000000,0.866314,0.866314,200
1775042614907649272,1775042614907649272,1775042614908278759,0.000000,0.629487,0.629487,200
1775042614917971673,1775042614917971673,1775042614918950979,0.000000,0.979306,0.979306,200
1775042614932909860,1775042614932909860,1775042614933602201,0.000000,0.692341,0.692341,200
1775042614946733722,1775042614946733722,1775042614947312363,0.000000,0.578641,0.578641,200
1775042614948449196,1775042614948449196,1775042614950244721,0.000000,1.795525,1.795525,200
1775042614949434815,1775042614950244721,1775042614950974466,0.809906,0.729745,1.539651,200
1775042614953790372,1775042614953790372,1775042614954366429,0.000000,0.576057,0.576057,200
1775042614956875260,1775042614956875260,1775042614957676846,0.000000,0.801586,0.801586,200
1775042614957974743,1775042614957974743,1775042614958490861,0.000000,0.516118,0.516118,200
1775042614959192448,1775042614959192448,1775042614960059192,0.000000,0.866744,0.866744,200
1775042614960360716,1775042614960360716,1775042614960840172,0.000000,0.479456,0.479456,200
1775042614961573863,1775042614961573863,1775042614962312526,0.000000,0.738663,0.738663,200
1775042614965231217,1775042614965231217,1775042614965849683,0.000000,0.618466,0.618466,200
1775042614966760455,1775042614966760455,1775042614967621300,0.000000,0.860845,0.860845,200
1775042614972854703,1775042614972854703,1775042614973930810,0.000000,1.076107,1.076107,200
1775042614975184495,1775042614975184495,1775042614986095697,0.000000,10.911202,10.911202,200
1775042614976931592,1775042614986095697,1775042614989849482,9.164105,3.753785,12.917890,200
1775042614978095912,1775042614989849482,1775042614990465698,11.753570,0.616216,12.369786,200
1775042614979679096,1775042614990465698,1775042614991128443,10.786602,0.662745,11.449347,200
1775042614981619153,1775042614991128443,1775042614991756001,9.509290,0.627558,10.136848,200
1775042614982579311,1775042614991756001,1775042614995194439,9.176690,3.438438,12.615128,200
1775042614982835115,1775042614995194439,1775042614997114949,12.359324,1.920510,14.279834,200
1775042614997252821,1775042614997252821,1775042614997868601,0.000000,0.615780,0.615780,200
1775042615041368911,1775042615041368911,1775042615042200247,0.000000,0.831336,0.831336,200
1775042615069490891,1775042615069490891,1775042615079862800,0.000000,10.371909,10.371909,200
1775042615072750573,1775042615079862800,1775042615080571793,7.112227,0.708993,7.821220,200
1775042615076616805,1775042615080571793,1775042615081299394,3.954988,0.727601,4.682589,200
1775042615077879482,1775042615081299394,1775042615082054800,3.419912,0.755406,4.175318,200
1775042615077977876,1775042615082054800,1775042615082775931,4.076924,0.721131,4.798055,200
1775042615080988733,1775042615082775931,1775042615083239604,1.787198,0.463673,2.250871,200
1775042615124333184,1775042615124333184,1775042615125194462,0.000000,0.861278,0.861278,200
1775042615147909794,1775042615147909794,1775042615148591238,0.000000,0.681444,0.681444,200
1775042615148749612,1775042615148749612,1775042615149393671,0.000000,0.644059,0.644059,200
1775042615148818147,1775042615149393671,1775042615150340957,0.575524,0.947286,1.522810,200
1775042615149509110,1775042615150340957,1775042615151492386,0.831847,1.151429,1.983276,200
1775042615164147644,1775042615164147644,1775042615164980594,0.000000,0.832950,0.832950,200
1775042615165756299,1775042615165756299,1775042615166755397,0.000000,0.999098,0.999098,200
1775042615171752433,1775042615171752433,1775042615172459764,0.000000,0.707331,0.707331,200
1775042615230798600,1775042615230798600,1775042615231801070,0.000000,1.002470,1.002470,200
1775042615258670952,1775042615258670952,1775042615269275674,0.000000,10.604722,10.604722,200
1775042615266845343,1775042615269275674,1775042615269979098,2.430331,0.703424,3.133755,200
1775042615270333015,1775042615270333015,1775042615272434646,0.000000,2.101631,2.101631,200
1775042615273409964,1775042615273409964,1775042615274228123,0.000000,0.818159,0.818159,200
1775042615278733882,1775042615278733882,1775042615279473122,0.000000,0.739240,0.739240,200
1775042615285353568,1775042615285353568,1775042615286133853,0.000000,0.780285,0.780285,200
1775042615285425570,1775042615286133853,1775042615286851572,0.708283,0.717719,1.426002,200
1775042615313987544,1775042615313987544,1775042615314846776,0.000000,0.859232,0.859232,200
1775042615316481582,1775042615316481582,1775042615317123603,0.000000,0.642021,0.642021,200
1775042615316551259,1775042615317123603,1775042615321141332,0.572344,4.017729,4.590073,200
1775042615357429557,1775042615357429557,1775042615357955351,0.000000,0.525794,0.525794,200
1775042615357506088,1775042615357955351,1775042615358968527,0.449263,1.013176,1.462439,200
1775042615357559282,1775042615358968527,1775042615359677520,1.409245,0.708993,2.118238,200
1775042615363709483,1775042615363709483,1775042615364471301,0.000000,0.761818,0.761818,200
1775042615380987144,1775042615380987144,1775042615381954913,0.000000,0.967769,0.967769,200
1775042615384934642,1775042615384934642,1775042615385515954,0.000000,0.581312,0.581312,200
1775042615386278055,1775042615386278055,1775042615386828006,0.000000,0.549951,0.549951,200
1775042615386325829,1775042615386828006,1775042615387524575,0.502177,0.696569,1.198746,200
1775042615413813314,1775042615413813314,1775042615414560736,0.000000,0.747422,0.747422,200
1775042615413995873,1775042615414560736,1775042615415346856,0.564863,0.786120,1.350983,200
1775042615415351019,1775042615415351019,1775042615416216576,0.000000,0.865557,0.865557,200
1775042615416263804,1775042615416263804,1775042615416975664,0.000000,0.711860,0.711860,200
1775042615418902326,1775042615418902326,1775042615420172040,0.000000,1.269714,1.269714,200
1775042615421225256,1775042615421225256,1775042615421819425,0.000000,0.594169,0.594169,200
1775042615430091588,1775042615430091588,1775042615430843661,0.000000,0.752073,0.752073,200
1775042615432723616,1775042615432723616,1775042615433408083,0.000000,0.684467,0.684467,200
1775042615434035987,1775042615434035987,1775042615435161713,0.000000,1.125726,1.125726,200
1775042615436366511,1775042615436366511,1775042615437293743,0.000000,0.927232,0.927232,200
1775042615440432559,1775042615440432559,1775042615440954465,0.000000,0.521906,0.521906,200
1775042615444111133,1775042615444111133,1775042615444567100,0.000000,0.455967,0.455967,200
1775042615457724052,1775042615457724052,1775042615458683662,0.000000,0.959610,0.959610,200
1775042615461447396,1775042615461447396,1775042615463406376,0.000000,1.958980,1.958980,200
1775042615490940301,1775042615490940301,1775042615491793100,0.000000,0.852799,0.852799,200
1775042615494178330,1775042615494178330,1775042615495832243,0.000000,1.653913,1.653913,200
1775042615496886999,1775042615496886999,1775042615498248461,0.000000,1.361462,1.361462,200
1775042615521484059,1775042615521484059,1775042615523025780,0.000000,1.541721,1.541721,200
1775042615557577629,1775042615557577629,1775042615558892670,0.000000,1.315041,1.315041,200
1775042615565351580,1775042615565351580,1775042615565961571,0.000000,0.609991,0.609991,200
1775042615574033940,1775042615574033940,1775042615574830942,0.000000,0.797002,0.797002,200
1775042615580462364,1775042615580462364,1775042615581096575,0.000000,0.634211,0.634211,200
1775042615580534316,1775042615581096575,1775042615583994190,0.562259,2.897615,3.459874,200
1775042615582010860,1775042615583994190,1775042615584404256,1.983330,0.410066,2.393396,200
1775042615603805962,1775042615603805962,1775042615604559371,0.000000,0.753409,0.753409,200
1775042615606255196,1775042615606255196,1775042615606898703,0.000000,0.643507,0.643507,200
1775042615609328291,1775042615609328291,1775042615609999424,0.000000,0.671133,0.671133,200
1775042615612108169,1775042615612108169,1775042615612604603,0.000000,0.496434,0.496434,200
1775042615646762390,1775042615646762390,1775042615648104535,0.000000,1.342145,1.342145,200
1775042615646839983,1775042615648104535,1775042615649089909,1.264552,0.985374,2.249926,200
1775042615653466698,1775042615653466698,1775042615655355040,0.000000,1.888342,1.888342,200
1775042615657188028,1775042615657188028,1775042615658118227,0.000000,0.930199,0.930199,200
1775042615677829771,1775042615677829771,1775042615679192353,0.000000,1.362582,1.362582,200
1775042615679743235,1775042615679743235,1775042615680515096,0.000000,0.771861,0.771861,200
1775042615688715079,1775042615688715079,1775042615689187969,0.000000,0.472890,0.472890,200
1775042615688776379,1775042615689187969,1775042615689986022,0.411590,0.798053,1.209643,200
1775042615690986207,1775042615690986207,1775042615691636506,0.000000,0.650299,0.650299,200
1775042615713422740,1775042615713422740,1775042615714075293,0.000000,0.652553,0.652553,200
1775042615713808368,1775042615714075293,1775042615714804821,0.266925,0.729528,0.996453,200
1775042615717516332,1775042615717516332,1775042615718124149,0.000000,0.607817,0.607817,200
1775042615718377788,1775042615718377788,1775042615719004901,0.000000,0.627113,0.627113,200
1775042615736686111,1775042615736686111,1775042615737321231,0.000000,0.635120,0.635120,200
1775042615738275428,1775042615738275428,1775042615739381884,0.000000,1.106456,1.106456,200
1775042615740061854,1775042615740061854,1775042615740881297,0.000000,0.819443,0.819443,200
1775042615747156580,1775042615747156580,1775042615748170943,0.000000,1.014363,1.014363,200
1775042615747230075,1775042615748170943,1775042615749203694,0.940868,1.032751,1.973619,200
1775042615747324781,1775042615749203694,1775042615750015693,1.878913,0.811999,2.690912,200
1775042615748051591,1775042615750015693,1775042615750739536,1.964102,0.723843,2.687945,200
1775042615774738342,1775042615774738342,1775042615775282534,0.000000,0.544192,0.544192,200
1775042615775099422,1775042615775282534,1775042615775755033,0.183112,0.472499,0.655611,200
1775042615805187710,1775042615805187710,1775042615805757031,0.000000,0.569321,0.569321,200
1775042615811183945,1775042615811183945,1775042615811794136,0.000000,0.610191,0.610191,200
1775042615812707743,1775042615812707743,1775042615813626870,0.000000,0.919127,0.919127,200
1775042615819469102,1775042615819469102,1775042615820161683,0.000000,0.692581,0.692581,200
1775042615819834551,1775042615820161683,1775042615820816370,0.327132,0.654687,0.981819,200
1775042615821829220,1775042615821829220,1775042615822242372,0.000000,0.413152,0.413152,200
1775042615824416249,1775042615824416249,1775042615825394452,0.000000,0.978203,0.978203,200
1775042615840346188,1775042615840346188,1775042615840852454,0.000000,0.506266,0.506266,200
1775042615841418467,1775042615841418467,1775042615842061255,0.000000,0.642788,0.642788,200
1775042615843615048,1775042615843615048,1775042615844211963,0.000000,0.596915,0.596915,200
1775042615855474494,1775042615855474494,1775042615855929542,0.000000,0.455048,0.455048,200
1775042615862227315,1775042615862227315,1775042615877496542,0.000000,15.269227,15.269227,200
1775042615865231033,1775042615877496542,1775042615878274732,12.265509,0.778190,13.043699,200
1775042615867698788,1775042615878274732,1775042615883272116,10.575944,4.997384,15.573328,200
1775042615892127380,1775042615892127380,1775042615892631925,0.000000,0.504545,0.504545,200
1775042615903699586,1775042615903699586,1775042615904200663,0.000000,0.501077,0.501077,200
1775042615922469774,1775042615922469774,1775042615925919393,0.000000,3.449619,3.449619,200
1775042615922591554,1775042615925919393,1775042615926622359,3.327839,0.702966,4.030805,200
1775042615925070071,1775042615926622359,1775042615927536371,1.552288,0.914012,2.466300,200
1775042615952731084,1775042615952731084,1775042615958069345,0.000000,5.338261,5.338261,200
1775042615955505000,1775042615958069345,1775042615958774310,2.564345,0.704965,3.269310,200
1775042615955571451,1775042615958774310,1775042615959314682,3.202859,0.540372,3.743231,200
1775042616079133880,1775042616079133880,1775042616080007934,0.000000,0.874054,0.874054,200
1775042616079991432,1775042616080007934,1775042616080434954,0.016502,0.427020,0.443522,200
1775042616082801990,1775042616082801990,1775042616083608541,0.000000,0.806551,0.806551,200
1775042616112906171,1775042616112906171,1775042616126544610,0.000000,13.638439,13.638439,200
1775042616114035944,1775042616126544610,1775042616127230897,12.508666,0.686287,13.194953,200
1775042616115401620,1775042616127230897,1775042616127994190,11.829277,0.763293,12.592570,200
1775042616139835858,1775042616139835858,1775042616140377253,0.000000,0.541395,0.541395,200
1775042616152376565,1775042616152376565,1775042616153599958,0.000000,1.223393,1.223393,200
1775042616170249974,1775042616170249974,1775042616171178063,0.000000,0.928089,0.928089,200
1775042616203980161,1775042616203980161,1775042616206007221,0.000000,2.027060,2.027060,200
1775042616204053665,1775042616206007221,1775042616206709545,1.953556,0.702324,2.655880,200
1775042616211702858,1775042616211702858,1775042616212242026,0.000000,0.539168,0.539168,200
1775042616212377069,1775042616212377069,1775042616213142534,0.000000,0.765465,0.765465,200
1775042616216781107,1775042616216781107,1775042616217191254,0.000000,0.410147,0.410147,200
1775042616217455117,1775042616217455117,1775042616218063964,0.000000,0.608847,0.608847,200
1775042616219498376,1775042616219498376,1775042616220072925,0.000000,0.574549,0.574549,200
1775042616228324136,1775042616228324136,1775042616229104109,0.000000,0.779973,0.779973,200
1775042616280885845,1775042616280885845,1775042616281312964,0.000000,0.427119,0.427119,200
1775042616283151732,1775042616283151732,1775042616283906504,0.000000,0.754772,0.754772,200
1775042616283207421,1775042616283906504,1775042616284378694,0.699083,0.472190,1.171273,200
1775042616315487852,1775042616315487852,1775042616315950411,0.000000,0.462559,0.462559,200
1775042616320707596,1775042616320707596,1775042616321435572,0.000000,0.727976,0.727976,200
1775042616341219898,1775042616341219898,1775042616341656767,0.000000,0.436869,0.436869,200
1775042616382185370,1775042616382185370,1775042616384588271,0.000000,2.402901,2.402901,200
1775042616382240007,1775042616384588271,1775042616385317765,2.348264,0.729494,3.077758,200
1775042616382272271,1775042616385317765,1775042616386267246,3.045494,0.949481,3.994975,200
1775042616382301699,1775042616386267246,1775042616386678200,3.965547,0.410954,4.376501,200
1775042616385304583,1775042616386678200,1775042616387440059,1.373617,0.761859,2.135476,200
1775042616385377647,1775042616387440059,1775042616387985903,2.062412,0.545844,2.608256,200
1775042616391559449,1775042616391559449,1775042616404017393,0.000000,12.457944,12.457944,200
1775042616422754761,1775042616422754761,1775042616423531930,0.000000,0.777169,0.777169,200
1775042616423065913,1775042616423531930,1775042616424165305,0.466017,0.633375,1.099392,200
1775042616450092031,1775042616450092031,1775042616451002374,0.000000,0.910343,0.910343,200
1775042616450335550,1775042616451002374,1775042616452778767,0.666824,1.776393,2.443217,200
1775042616459179396,1775042616459179396,1775042616459742532,0.000000,0.563136,0.563136,200
1775042616459318380,1775042616459742532,1775042616460791936,0.424152,1.049404,1.473556,200
1775042616461139241,1775042616461139241,1775042616462421513,0.000000,1.282272,1.282272,200
1775042616466429788,1775042616466429788,1775042616467124183,0.000000,0.694395,0.694395,200
1775042616472503968,1775042616472503968,1775042616473624853,0.000000,1.120885,1.120885,200
1775042616501410428,1775042616501410428,1775042616502093220,0.000000,0.682792,0.682792,200
1775042616502644676,1775042616502644676,1775042616503069351,0.000000,0.424675,0.424675,200
1775042616502711868,1775042616503069351,1775042616504476608,0.357483,1.407257,1.764740,200
1775042616526963184,1775042616526963184,1775042616527888066,0.000000,0.924882,0.924882,200
1775042616527227103,1775042616527888066,1775042616528694641,0.660963,0.806575,1.467538,200
1775042616533820459,1775042616533820459,1775042616534331753,0.000000,0.511294,0.511294,200
1775042616534127087,1775042616534331753,1775042616534959366,0.204666,0.627613,0.832279,200
1775042616535754213,1775042616535754213,1775042616536700146,0.000000,0.945933,0.945933,200
1775042616556397623,1775042616556397623,1775042616557117018,0.000000,0.719395,0.719395,200
1775042616566875994,1775042616566875994,1775042616567484614,0.000000,0.608620,0.608620,200
1775042616577811701,1775042616577811701,1775042616578250961,0.000000,0.439260,0.439260,200
1775042616596115330,1775042616596115330,1775042616596565405,0.000000,0.450075,0.450075,200
1775042616604457996,1775042616604457996,1775042616605127603,0.000000,0.669607,0.669607,200
1775042616604538865,1775042616605127603,1775042616605919421,0.588738,0.791818,1.380556,200
1775042616604894524,1775042616605919421,1775042616606745455,1.024897,0.826034,1.850931,200
1775042616620171996,1775042616620171996,1775042616620972996,0.000000,0.801000,0.801000,200
1775042616620264628,1775042616620972996,1775042616622665419,0.708368,1.692423,2.400791,200
1775042616623043073,1775042616623043073,1775042616623706387,0.000000,0.663314,0.663314,200
1775042616624940285,1775042616624940285,1775042616626057993,0.000000,1.117708,1.117708,200
1775042616625190658,1775042616626057993,1775042616626862871,0.867335,0.804878,1.672213,200
1775042616626335309,1775042616626862871,1775042616627687873,0.527562,0.825002,1.352564,200
1775042616626870843,1775042616627687873,1775042616628163029,0.817030,0.475156,1.292186,200
1775042616626951542,1775042616628163029,1775042616629100739,1.211487,0.937710,2.149197,200
1775042616631770445,1775042616631770445,1775042616633172052,0.000000,1.401607,1.401607,200
1775042616631870662,1775042616633172052,1775042616633729036,1.301390,0.556984,1.858374,200
1775042616639389770,1775042616639389770,1775042616642431502,0.000000,3.041732,3.041732,200
1775042616644120846,1775042616644120846,1775042616644974865,0.000000,0.854019,0.854019,200
1775042616644236473,1775042616644974865,1775042616645950353,0.738392,0.975488,1.713880,200
1775042616682498157,1775042616682498157,1775042616683396053,0.000000,0.897896,0.897896,200
1775042616682610307,1775042616683396053,1775042616683978699,0.785746,0.582646,1.368392,200
1775042616703317201,1775042616703317201,1775042616703739631,0.000000,0.422430,0.422430,200
1775042616703379974,1775042616703739631,1775042616705153680,0.359657,1.414049,1.773706,200
1775042616719186035,1775042616719186035,1775042616719996679,0.000000,0.810644,0.810644,200
1775042616719245241,1775042616719996679,1775042616720899996,0.751438,0.903317,1.654755,200
1775042616726153296,1775042616726153296,1775042616727382969,0.000000,1.229673,1.229673,200
1775042616726215809,1775042616727382969,1775042616730532972,1.167160,3.150003,4.317163,200
1775042616737368071,1775042616737368071,1775042616738162003,0.000000,0.793932,0.793932,200
1775042616750011400,1775042616750011400,1775042616750833829,0.000000,0.822429,0.822429,200
1775042616754727875,1775042616754727875,1775042616781446479,0.000000,26.718604,26.718604,200
1775042616754795348,1775042616781446479,1775042616782926164,26.651131,1.479685,28.130816,200
1775042616758072114,1775042616782926164,1775042616783828320,24.854050,0.902156,25.756206,200
1775042616760861260,1775042616783828320,1775042616784557584,22.967060,0.729264,23.696324,200
1775042616760914986,1775042616784557584,1775042616785440721,23.642598,0.883137,24.525735,200
1775042616761950352,1775042616785440721,1775042616786339556,23.490369,0.898835,24.389204,200
1775042616766148853,1775042616786339556,1775042616787107661,20.190703,0.768105,20.958808,200
1775042616772499782,1775042616787107661,1775042616788385725,14.607879,1.278064,15.885943,200
1775042616780126174,1775042616788385725,1775042616789133866,8.259551,0.748141,9.007692,200
1775042616792970162,1775042616792970162,1775042616793622755,0.000000,0.652593,0.652593,200
1775042616793027885,1775042616793622755,1775042616794492655,0.594870,0.869900,1.464770,200
1775042616795562481,1775042616795562481,1775042616796375811,0.000000,0.813330,0.813330,200
1775042616799773514,1775042616799773514,1775042616800555041,0.000000,0.781527,0.781527,200
1775042616801039765,1775042616801039765,1775042616802386031,0.000000,1.346266,1.346266,200
1775042616802328971,1775042616802386031,1775042616802890640,0.057060,0.504609,0.561669,200
1775042616812904674,1775042616812904674,1775042616817921128,0.000000,5.016454,5.016454,200
1775042616816433956,1775042616817921128,1775042616818330261,1.487172,0.409133,1.896305,200
1775042616820844312,1775042616820844312,1775042616821634574,0.000000,0.790262,0.790262,200
1775042616821653995,1775042616821653995,1775042616822366586,0.000000,0.712591,0.712591,200
1775042616823203322,1775042616823203322,1775042616824045469,0.000000,0.842147,0.842147,200
1775042616824949227,1775042616824949227,1775042616826218301,0.000000,1.269074,1.269074,200
1775042616829914855,1775042616829914855,1775042616830605160,0.000000,0.690305,0.690305,200
1775042616832985204,1775042616832985204,1775042616833633799,0.000000,0.648595,0.648595,200
1775042616838997718,1775042616838997718,1775042616839686435,0.000000,0.688717,0.688717,200
1775042616840112241,1775042616840112241,1775042616842334323,0.000000,2.222082,2.222082,200
1775042616840580812,1775042616842334323,1775042616844393882,1.753511,2.059559,3.813070,200
1775042616841836001,1775042616844393882,1775042616845133077,2.557881,0.739195,3.297076,200
1775042616842136492,1775042616845133077,1775042616846615713,2.996585,1.482636,4.479221,200
1775042616846347017,1775042616846615713,1775042616847211395,0.268696,0.595682,0.864378,200
1775042616847657945,1775042616847657945,1775042616848439272,0.000000,0.781327,0.781327,200
1775042616849473447,1775042616849473447,1775042616850274447,0.000000,0.801000,0.801000,200
1775042616850996192,1775042616850996192,1775042616851721468,0.000000,0.725276,0.725276,200
1775042616852466103,1775042616852466103,1775042616853286195,0.000000,0.820092,0.820092,200
1775042616864654638,1775042616864654638,1775042616865209779,0.000000,0.555141,0.555141,200
1775042616867106187,1775042616867106187,1775042616867901222,0.000000,0.795035,0.795035,200
1775042616905150065,1775042616905150065,1775042616905683664,0.000000,0.533599,0.533599,200
1775042616919971178,1775042616919971178,1775042616920832456,0.000000,0.861278,0.861278,200
1775042616931934106,1775042616931934106,1775042616932688715,0.000000,0.754609,0.754609,200
1775042616936824968,1775042616936824968,1775042616937529675,0.000000,0.704707,0.704707,200
1775042616938372230,1775042616938372230,1775042616939241690,0.000000,0.869460,0.869460,200
1775042616941473154,1775042616941473154,1775042616953026058,0.000000,11.552904,11.552904,200
1775042616948126301,1775042616953026058,1775042616953528267,4.899757,0.502209,5.401966,200
1775042616977575886,1775042616977575886,1775042616978229464,0.000000,0.653578,0.653578,200
1775042617013970880,1775042617013970880,1775042617014856451,0.000000,0.885571,0.885571,200
1775042617098796722,1775042617098796722,1775042617099628548,0.000000,0.831826,0.831826,200
1775042617106651436,1775042617106651436,1775042617107562149,0.000000,0.910713,0.910713,200
1775042617107218883,1775042617107562149,1775042617107983247,0.343266,0.421098,0.764364,200
1775042617111669425,1775042617111669425,1775042617112517013,0.000000,0.847588,0.847588,200
1775042617143721826,1775042617143721826,1775042617146230752,0.000000,2.508926,2.508926,200
1775042617145036683,1775042617146230752,1775042617146856245,1.194069,0.625493,1.819562,200
1775042617150010503,1775042617150010503,1775042617152568342,0.000000,2.557839,2.557839,200
1775042617156006331,1775042617156006331,1775042617156421127,0.000000,0.414796,0.414796,200
1775042617156800613,1775042617156800613,1775042617157643480,0.000000,0.842867,0.842867,200
1775042617159437287,1775042617159437287,1775042617160527019,0.000000,1.089732,1.089732,200
1775042617160915648,1775042617160915648,1775042617161623003,0.000000,0.707355,0.707355,200
1775042617192544574,1775042617192544574,1775042617193264624,0.000000,0.720050,0.720050,200
1775042617192833392,1775042617193264624,1775042617194622823,0.431232,1.358199,1.789431,200
1775042617224126261,1775042617224126261,1775042617225021802,0.000000,0.895541,0.895541,200
1775042617238818996,1775042617238818996,1775042617239455956,0.000000,0.636960,0.636960,200
1775042617241388751,1775042617241388751,1775042617242066205,0.000000,0.677454,0.677454,200
1775042617249580575,1775042617249580575,1775042617256201992,0.000000,6.621417,6.621417,200
1775042617280476364,1775042617280476364,1775042617281362602,0.000000,0.886238,0.886238,200
1775042617280574287,1775042617281362602,1775042617282200895,0.788315,0.838293,1.626608,200
1775042617291655163,1775042617291655163,1775042617292434457,0.000000,0.779294,0.779294,200
1775042617293612675,1775042617293612675,1775042617294416146,0.000000,0.803471,0.803471,200
1775042617293682583,1775042617294416146,1775042617294964776,0.733563,0.548630,1.282193,200
1775042617300131171,1775042617300131171,1775042617300635780,0.000000,0.504609,0.504609,200
1775042617300290985,1775042617300635780,1775042617301428107,0.344795,0.792327,1.137122,200
1775042617300347617,1775042617301428107,1775042617301856500,1.080490,0.428393,1.508883,200
1775042617300396783,1775042617301856500,1775042617303571706,1.459717,1.715206,3.174923,200
1775042617302947641,1775042617303571706,1775042617304777181,0.624065,1.205475,1.829540,200
1775042617313334337,1775042617313334337,1775042617313790304,0.000000,0.455967,0.455967,200
1775042617319818215,1775042617319818215,1775042617320596575,0.000000,0.778360,0.778360,200
1775042617323994010,1775042617323994010,1775042617324560321,0.000000,0.566311,0.566311,200
1775042617324225806,1775042617324560321,1775042617325152519,0.334515,0.592198,0.926713,200
1775042617344644005,1775042617344644005,1775042617345461903,0.000000,0.817898,0.817898,200
1775042617348067358,1775042617348067358,1775042617349281767,0.000000,1.214409,1.214409,200
1775042617348149811,1775042617349281767,1775042617350062211,1.131956,0.780444,1.912400,200
1775042617350531329,1775042617350531329,1775042617351222189,0.000000,0.690860,0.690860,200
1775042617350586558,1775042617351222189,1775042617352185964,0.635631,0.963775,1.599406,200
1775042617352583676,1775042617352583676,1775042617359989433,0.000000,7.405757,7.405757,200
1775042617357516490,1775042617359989433,1775042617361012780,2.472943,1.023347,3.496290,200
1775042617386825292,1775042617386825292,1775042617387579536,0.000000,0.754244,0.754244,200
1775042617397414962,1775042617397414962,1775042617406506198,0.000000,9.091236,9.091236,200
1775042617423141277,1775042617423141277,1775042617423777561,0.000000,0.636284,0.636284,200
1775042617425709689,1775042617425709689,1775042617426433803,0.000000,0.724114,0.724114,200
1775042617425785648,1775042617426433803,1775042617426954108,0.648155,0.520305,1.168460,200
1775042617426176717,1775042617426954108,1775042617427600629,0.777391,0.646521,1.423912,200
1775042617428677276,1775042617428677276,1775042617430106646,0.000000,1.429370,1.429370,200
1775042617440879569,1775042617440879569,1775042617441607282,0.000000,0.727713,0.727713,200
1775042617473921353,1775042617473921353,1775042617474802206,0.000000,0.880853,0.880853,200
1775042617474596468,1775042617474802206,1775042617475694701,0.205738,0.892495,1.098233,200
1775042617474662628,1775042617475694701,1775042617476358818,1.032073,0.664117,1.696190,200
1775042617475710703,1775042617476358818,1775042617477159986,0.648115,0.801168,1.449283,200
1775042617478140842,1775042617478140842,1775042617478933553,0.000000,0.792711,0.792711,200
1775042617482010926,1775042617482010926,1775042617482461203,0.000000,0.450277,0.450277,200
1775042617484529209,1775042617484529209,1775042617486096170,0.000000,1.566961,1.566961,200
1775042617484566032,1775042617486096170,1775042617487077473,1.530138,0.981303,2.511441,200
1775042617487117581,1775042617487117581,1775042617487760575,0.000000,0.642994,0.642994,200
1775042617490727391,1775042617490727391,1775042617491429609,0.000000,0.702218,0.702218,200
1775042617500490685,1775042617500490685,1775042617501165211,0.000000,0.674526,0.674526,200
1775042617500558128,1775042617501165211,1775042617501896957,0.607083,0.731746,1.338829,200
1775042617500653365,1775042617501896957,1775042617503436541,1.243592,1.539584,2.783176,200
1775042617502247162,1775042617503436541,1775042617506499057,1.189379,3.062516,4.251895,200
1775042617504104375,1775042617506499057,1775042617507302918,2.394682,0.803861,3.198543,200
1775042617519489094,1775042617519489094,1775042617519953463,0.000000,0.464369,0.464369,200
1775042617531363430,1775042617531363430,1775042617534285544,0.000000,2.922114,2.922114,200
1775042617533266797,1775042617534285544,1775042617534964800,1.018747,0.679256,1.698003,200
1775042617534208608,1775042617534964800,1775042617535606535,0.756192,0.641735,1.397927,200
1775042617534848229,1775042617535606535,1775042617536189694,0.758306,0.583159,1.341465,200
1775042617540529675,1775042617540529675,1775042617541173334,0.000000,0.643659,0.643659,200
1775042617542632090,1775042617542632090,1775042617553962399,0.000000,11.330309,11.330309,200
1775042617544390499,1775042617553962399,1775042617554714392,9.571900,0.751993,10.323893,200
1775042617544528781,1775042617554714392,1775042617555509716,10.185611,0.795324,10.980935,200
1775042617545067431,1775042617555509716,1775042617556350516,10.442285,0.840800,11.283085,200
1775042617545160784,1775042617556350516,1775042617558610872,11.189732,2.260356,13.450088,200
1775042617548594038,1775042617558610872,1775042617562364657,10.016834,3.753785,13.770619,200
1775042617548669677,1775042617562364657,1775042617563203687,13.694980,0.839030,14.534010,200
1775042617575163792,1775042617575163792,1775042617575718696,0.000000,0.554904,0.554904,200
1775042617575275011,1775042617575718696,1775042617576394966,0.443685,0.676270,1.119955,200
1775042617577906713,1775042617577906713,1775042617580667873,0.000000,2.761160,2.761160,200
1775042617577971972,1775042617580667873,1775042617581625629,2.695901,0.957756,3.653657,200
1775042617591666703,1775042617591666703,1775042617592332937,0.000000,0.666234,0.666234,200
1775042617593127918,1775042617593127918,1775042617593627627,0.000000,0.499709,0.499709,200
1775042617609796973,1775042617609796973,1775042617610908999,0.000000,1.112026,1.112026,200
1775042617610290504,1775042617610908999,1775042617611595879,0.618495,0.686880,1.305375,200
1775042617610323749,1775042617611595879,1775042617612164600,1.272130,0.568721,1.840851,200
1775042617610347045,1775042617612164600,1775042617612851488,1.817555,0.686888,2.504443,200
1775042617610458825,1775042617612851488,1775042617613444035,2.392663,0.592547,2.985210,200
1775042617625059865,1775042617625059865,1775042617625494099,0.000000,0.434234,0.434234,200
1775042617636662238,1775042617636662238,1775042617637399828,0.000000,0.737590,0.737590,200
1775042617639436669,1775042617639436669,1775042617642185006,0.000000,2.748337,2.748337,200
1775042617641554385,1775042617642185006,1775042617642664462,0.630621,0.479456,1.110077,200
1775042617642231206,1775042617642664462,1775042617643321818,0.433256,0.657356,1.090612,200
1775042617642288779,1775042617643321818,1775042617643890290,1.033039,0.568472,1.601511,200
1775042617646933874,1775042617646933874,1775042617648094166,0.000000,1.160292,1.160292,200
1775042617647014983,1775042617648094166,1775042617648755654,1.079183,0.661488,1.740671,200
1775042617657331800,1775042617657331800,1775042617657973622,0.000000,0.641822,0.641822,200
1775042617657617933,1775042617657973622,1775042617658556739,0.355689,0.583117,0.938806,200
1775042617659073967,1775042617659073967,1775042617659741412,0.000000,0.667445,0.667445,200
1775042617667292669,1775042617667292669,1775042617668057383,0.000000,0.764714,0.764714,200
1775042617684108406,1775042617684108406,1775042617684835626,0.000000,0.727220,0.727220,200
1775042617686207415,1775042617686207415,1775042617687631405,0.000000,1.423990,1.423990,200
1775042617686283535,1775042617687631405,1775042617688666135,1.347870,1.034730,2.382600,200
1775042617686645457,1775042617688666135,1775042617689167412,2.020678,0.501277,2.521955,200
1775042617690797464,1775042617690797464,1775042617692692812,0.000000,1.895348,1.895348,200
1775042617693251922,1775042617693251922,1775042617693907672,0.000000,0.655750,0.655750,200
1775042617694072606,1775042617694072606,1775042617694604742,0.000000,0.532136,0.532136,200
1775042617694131713,1775042617694604742,1775042617696247881,0.473029,1.643139,2.116168,200
1775042617694619853,1775042617696247881,1775042617697664030,1.628028,1.416149,3.044177,200
1775042617695494858,1775042617697664030,1775042617698126389,2.169172,0.462359,2.631531,200
1775042617698286340,1775042617698286340,1775042617698841833,0.000000,0.555493,0.555493,200
1775042617703474564,1775042617703474564,1775042617704108809,0.000000,0.634245,0.634245,200
1775042617706810949,1775042617706810949,1775042617708258779,0.000000,1.447830,1.447830,200
1775042617749182825,1775042617749182825,1775042617749996947,0.000000,0.814122,0.814122,200
1775042617774771739,1775042617774771739,1775042617775664455,0.000000,0.892716,0.892716,200
1775042617777707364,1775042617777707364,1775042617780366143,0.000000,2.658779,2.658779,200
1775042617815209097,1775042617815209097,1775042617816026244,0.000000,0.817147,0.817147,200
1775042617860675633,1775042617860675633,1775042617861358015,0.000000,0.682382,0.682382,200
1775042617862542956,1775042617862542956,1775042617864138965,0.000000,1.596009,1.596009,200
1775042617862632251,1775042617864138965,1775042617864904212,1.506714,0.765247,2.271961,200
1775042617862675837,1775042617864904212,1775042617865633997,2.228375,0.729785,2.958160,200
1775042617864797815,1775042617865633997,1775042617866239676,0.836182,0.605679,1.441861,200
1775042617870878537,1775042617870878537,1775042617872117843,0.000000,1.239306,1.239306,200
1775042617876059925,1775042617876059925,1775042617880575049,0.000000,4.515124,4.515124,200
1775042617877821641,1775042617880575049,1775042617896420452,2.753408,15.845403,18.598811,200
1775042617881033361,1775042617896420452,1775042617897096683,15.387091,0.676231,16.063322,200
1775042617888826728,1775042617897096683,1775042617897962977,8.269955,0.866294,9.136249,200
1775042617889033214,1775042617897962977,1775042617898490665,8.929763,0.527688,9.457451,200
1775042617892092501,1775042617898490665,1775042617899246862,6.398164,0.756197,7.154361,200
1775042617897491782,1775042617899246862,1775042617900772809,1.755080,1.525947,3.281027,200
1775042617902530236,1775042617902530236,1775042617903502391,0.000000,0.972155,0.972155,200
1775042617912398078,1775042617912398078,1775042617913458432,0.000000,1.060354,1.060354,200
1775042617917489257,1775042617917489257,1775042617918343217,0.000000,0.853960,0.853960,200
1775042617918599962,1775042617918599962,1775042617919260369,0.000000,0.660407,0.660407,200
1775042617987244272,1775042617987244272,1775042617991115501,0.000000,3.871229,3.871229,200
1775042617987375560,1775042617991115501,1775042617991945493,3.739941,0.829992,4.569933,200
1775042617995263402,1775042617995263402,1775042617996816545,0.000000,1.553143,1.553143,200
1775042617995955534,1775042617996816545,1775042618000508093,0.861011,3.691548,4.552559,200
1775042618037348286,1775042618037348286,1775042618038099063,0.000000,0.750777,0.750777,200
1775042618038096788,1775042618038099063,1775042618038753728,0.002275,0.654665,0.656940,200
1775042618038158239,1775042618038753728,1775042618040749540,0.595489,1.995812,2.591301,200
1775042618066919333,1775042618066919333,1775042618067693156,0.000000,0.773823,0.773823,200
1775042618070517872,1775042618070517872,1775042618071290994,0.000000,0.773122,0.773122,200
1775042618073005365,1775042618073005365,1775042618073665051,0.000000,0.659686,0.659686,200
1775042618077936655,1775042618077936655,1775042618080294231,0.000000,2.357576,2.357576,200
1775042618097152707,1775042618097152707,1775042618097920616,0.000000,0.767909,0.767909,200
1775042618098092416,1775042618098092416,1775042618098862260,0.000000,0.769844,0.769844,200
1775042618101129770,1775042618101129770,1775042618101880586,0.000000,0.750816,0.750816,200
1775042618105655112,1775042618105655112,1775042618106295311,0.000000,0.640199,0.640199,200
1775042618108809447,1775042618108809447,1775042618109492423,0.000000,0.682976,0.682976,200
1775042618111871720,1775042618111871720,1775042618113197682,0.000000,1.325962,1.325962,200
1775042618111943311,1775042618113197682,1775042618114502227,1.254371,1.304545,2.558916,200
1775042618128303218,1775042618128303218,1775042618129168803,0.000000,0.865585,0.865585,200
1775042618128409557,1775042618129168803,1775042618130038677,0.759246,0.869874,1.629120,200
1775042618129595590,1775042618130038677,1775042618130820793,0.443087,0.782116,1.225203,200
1775042618129648574,1775042618130820793,1775042618131648431,1.172219,0.827638,1.999857,200
1775042618151282694,1775042618151282694,1775042618151768806,0.000000,0.486112,0.486112,200
1775042618152630305,1775042618152630305,1775042618153822670,0.000000,1.192365,1.192365,200
1775042618157992699,1775042618157992699,1775042618158484817,0.000000,0.492118,0.492118,200
1775042618159867847,1775042618159867847,1775042618160534688,0.000000,0.666841,0.666841,200
1775042618159967283,1775042618160534688,1775042618161428897,0.567405,0.894209,1.461614,200
1775042618162067654,1775042618162067654,1775042618164069060,0.000000,2.001406,2.001406,200
1775042618174308888,1775042618174308888,1775042618174909640,0.000000,0.600752,0.600752,200
1775042618208037119,1775042618208037119,1775042618208497074,0.000000,0.459955,0.459955,200
1775042618209664261,1775042618209664261,1775042618210372316,0.000000,0.708055,0.708055,200
1775042618216854174,1775042618216854174,1775042618218326016,0.000000,1.471842,1.471842,200
1775042618238115914,1775042618238115914,1775042618239004292,0.000000,0.888378,0.888378,200
1775042618239181180,1775042618239181180,1775042618244873605,0.000000,5.692425,5.692425,200
1775042618243757376,1775042618244873605,1775042618245590095,1.116229,0.716490,1.832719,200
1775042618243831191,1775042618245590095,1775042618246397633,1.758904,0.807538,2.566442,200
1775042618259765782,1775042618259765782,1775042618260840445,0.000000,1.074663,1.074663,200
1775042618259904094,1775042618260840445,1775042618261404632,0.936351,0.564187,1.500538,200
1775042618265758482,1775042618265758482,1775042618266818265,0.000000,1.059783,1.059783,200
1775042618275036108,1775042618275036108,1775042618276002084,0.000000,0.965976,0.965976,200
1775042618276500629,1775042618276500629,1775042618277238219,0.000000,0.737590,0.737590,200
1775042618277463563,1775042618277463563,1775042618278229449,0.000000,0.765886,0.765886,200
1775042618280524788,1775042618280524788,1775042618281246889,0.000000,0.722101,0.722101,200
1775042618285350139,1775042618285350139,1775042618286254165,0.000000,0.904026,0.904026,200
1775042618298891453,1775042618298891453,1775042618299573705,0.000000,0.682252,0.682252,200
1775042618298995347,1775042618299573705,1775042618300356653,0.578358,0.782948,1.361306,200
1775042618299815064,1775042618300356653,1775042618300944101,0.541589,0.587448,1.129037,200
1775042618317500167,1775042618317500167,1775042618318276714,0.000000,0.776547,0.776547,200
1775042618325583888,1775042618325583888,1775042618326263564,0.000000,0.679676,0.679676,200
1775042618339144647,1775042618339144647,1775042618340169867,0.000000,1.025220,1.025220,200
1775042618340942573,1775042618340942573,1775042618341935843,0.000000,0.993270,0.993270,200
1775042618341004084,1775042618341935843,1775042618342575935,0.931759,0.640092,1.571851,200
1775042618359922013,1775042618359922013,1775042618360750565,0.000000,0.828552,0.828552,200
1775042618367476466,1775042618367476466,1775042618370641450,0.000000,3.164984,3.164984,200
1775042618367557115,1775042618370641450,1775042618371102787,3.084335,0.461337,3.545672,200
1775042618368296997,1775042618371102787,1775042618371783155,2.805790,0.680368,3.486158,200
1775042618376305814,1775042618376305814,1775042618376873440,0.000000,0.567626,0.567626,200
1775042618376374058,1775042618376873440,1775042618377649847,0.499382,0.776407,1.275789,200
1775042618379784797,1775042618379784797,1775042618380493941,0.000000,0.709144,0.709144,200
1775042618379856218,1775042618380493941,1775042618383823956,0.637723,3.330015,3.967738,200
1775042618381115665,1775042618383823956,1775042618384531328,2.708291,0.707372,3.415663,200
1775042618410283189,1775042618410283189,1775042618410784444,0.000000,0.501255,0.501255,200
1775042618416547221,1775042618416547221,1775042618417243840,0.000000,0.696619,0.696619,200
1775042618421961959,1775042618421961959,1775042618422736446,0.000000,0.774487,0.774487,200
1775042618425524937,1775042618425524937,1775042618426198746,0.000000,0.673809,0.673809,200
1775042618454041687,1775042618454041687,1775042618454722448,0.000000,0.680761,0.680761,200
1775042618454139560,1775042618454722448,1775042618455340474,0.582888,0.618026,1.200914,200
1775042618456945042,1775042618456945042,1775042618458475347,0.000000,1.530305,1.530305,200
1775042618457142501,1775042618458475347,1775042618459366602,1.332846,0.891255,2.224101,200
1775042618458348164,1775042618459366602,1775042618459829433,1.018438,0.462831,1.481269,200
1775042618471776772,1775042618471776772,1775042618472287125,0.000000,0.510353,0.510353,200
1775042618477656818,1775042618477656818,1775042618482708966,0.000000,5.052148,5.052148,200
1775042618484688358,1775042618484688358,1775042618485362433,0.000000,0.674075,0.674075,200
1775042618502972737,1775042618502972737,1775042618503434694,0.000000,0.461957,0.461957,200
1775042618503604496,1775042618503604496,1775042618504247674,0.000000,0.643178,0.643178,200
1775042618504963301,1775042618504963301,1775042618505476106,0.000000,0.512805,0.512805,200
1775042618506477272,1775042618506477272,1775042618507074287,0.000000,0.597015,0.597015,200
1775042618509317814,1775042618509317814,1775042618510522561,0.000000,1.204747,1.204747,200
1775042618522051763,1775042618522051763,1775042618522670173,0.000000,0.618410,0.618410,200
1775042618522202971,1775042618522670173,1775042618523117451,0.467202,0.447278,0.914480,200
1775042618522555625,1775042618523117451,1775042618523959638,0.561826,0.842187,1.404013,200
1775042618524316261,1775042618524316261,1775042618525029764,0.000000,0.713503,0.713503,200
1775042618524430446,1775042618525029764,1775042618525835168,0.599318,0.805404,1.404722,200
1775042618524468221,1775042618525835168,1775042618526488894,1.366947,0.653726,2.020673,200
1775042618528181060,1775042618528181060,1775042618528810841,0.000000,0.629781,0.629781,200
1775042618574475013,1775042618574475013,1775042618575361112,0.000000,0.886099,0.886099,200
1775042618576736565,1775042618576736565,1775042618577555133,0.000000,0.818568,0.818568,200
1775042618582986259,1775042618582986259,1775042618583765511,0.000000,0.779252,0.779252,200
1775042618590029164,1775042618590029164,1775042618590919031,0.000000,0.889867,0.889867,200
1775042618590105955,1775042618590919031,1775042618591858679,0.813076,0.939648,1.752724,200
1775042618595971172,1775042618595971172,1775042618597273180,0.000000,1.302008,1.302008,200
1775042618600741373,1775042618600741373,1775042618601629821,0.000000,0.888448,0.888448,200
1775042618608843193,1775042618608843193,1775042618609686484,0.000000,0.843291,0.843291,200
1775042618608955574,1775042618609686484,1775042618611354926,0.730910,1.668442,2.399352,200
1775042618609188879,1775042618611354926,1775042618612437668,2.166047,1.082742,3.248789,200
1775042618620096416,1775042618620096416,1775042618621582919,0.000000,1.486503,1.486503,200
1775042618621264947,1775042618621582919,1775042618622129904,0.317972,0.546985,0.864957,200
1775042618626691780,1775042618626691780,1775042618627262383,0.000000,0.570603,0.570603,200
1775042618630639829,1775042618630639829,1775042618631140294,0.000000,0.500465,0.500465,200
1775042618633094355,1775042618633094355,1775042618634242193,0.000000,1.147838,1.147838,200
1775042618636551912,1775042618636551912,1775042618637195301,0.000000,0.643389,0.643389,200
1775042618637252391,1775042618637252391,1775042618637715722,0.000000,0.463331,0.463331,200
1775042618640391931,1775042618640391931,1775042618641219869,0.000000,0.827938,0.827938,200
1775042618640666411,1775042618641219869,1775042618642181210,0.553458,0.961341,1.514799,200
1775042618641788260,1775042618642181210,1775042618642683767,0.392950,0.502557,0.895507,200
1775042618641907665,1775042618642683767,1775042618643130505,0.776102,0.446738,1.222840,200
1775042618643240300,1775042618643240300,1775042618643928362,0.000000,0.688062,0.688062,200
1775042618643363342,1775042618643928362,1775042618644855594,0.565020,0.927232,1.492252,200
1775042618643518828,1775042618644855594,1775042618645442341,1.336766,0.586747,1.923513,200
1775042618643717219,1775042618645442341,1775042618646162417,1.725122,0.720076,2.445198,200
1775042618643827456,1775042618646162417,1775042618657942358,2.334961,11.779941,14.114902,200
1775042618656478226,1775042618657942358,1775042618658373258,1.464132,0.430900,1.895032,200
1775042618657054942,1775042618658373258,1775042618658906857,1.318316,0.533599,1.851915,200
1775042618691335263,1775042618691335263,1775042618692201298,0.000000,0.866035,0.866035,200
1775042618692678207,1775042618692678207,1775042618697194756,0.000000,4.516549,4.516549,200
1775042618692738295,1775042618697194756,1775042618699506931,4.456461,2.312175,6.768636,200
1775042618694212998,1775042618699506931,1775042618700104777,5.293933,0.597846,5.891779,200
1775042618695648024,1775042618700104777,1775042618700789914,4.456753,0.685137,5.141890,200
1775042618724728734,1775042618724728734,1775042618725893891,0.000000,1.165157,1.165157,200
1775042618755749943,1775042618755749943,1775042618756486283,0.000000,0.736340,0.736340,200
1775042618757752596,1775042618757752596,1775042618758385243,0.000000,0.632647,0.632647,200
1775042618764901648,1775042618764901648,1775042618766513129,0.000000,1.611481,1.611481,200
1775042618769171098,1775042618769171098,1775042618769639672,0.000000,0.468574,0.468574,200
1775042618775658489,1775042618775658489,1775042618776484091,0.000000,0.825602,0.825602,200
1775042618805212878,1775042618805212878,1775042618806108856,0.000000,0.895978,0.895978,200
1775042618818621520,1775042618818621520,1775042618819262701,0.000000,0.641181,0.641181,200
1775042618818958895,1775042618819262701,1775042618819665312,0.303806,0.402611,0.706417,200
1775042618821848352,1775042618821848352,1775042618822492599,0.000000,0.644247,0.644247,200
1775042618824720473,1775042618824720473,1775042618825217583,0.000000,0.497110,0.497110,200
1775042618845550180,1775042618845550180,1775042618846952481,0.000000,1.402301,1.402301,200
1775042618845628965,1775042618846952481,1775042618847425633,1.323516,0.473152,1.796668,200
1775042618852956285,1775042618852956285,1775042618853710889,0.000000,0.754604,0.754604,200
1775042618890079765,1775042618890079765,1775042618890731297,0.000000,0.651532,0.651532,200
1775042618891188652,1775042618891188652,1775042618891842040,0.000000,0.653388,0.653388,200
1775042618921858551,1775042618921858551,1775042618922372873,0.000000,0.514322,0.514322,200
1775042618928434056,1775042618928434056,1775042618934827739,0.000000,6.393683,6.393683,200
1775042618936489541,1775042618936489541,1775042618937773231,0.000000,1.283690,1.283690,200
1775042618941475390,1775042618941475390,1775042618942299062,0.000000,0.823672,0.823672,200
1775042618943801438,1775042618943801438,1775042618944504299,0.000000,0.702861,0.702861,200
1775042618943850584,1775042618944504299,1775042618946317810,0.653715,1.813511,2.467226,200
1775042618943887407,1775042618946317810,1775042618946846400,2.430403,0.528590,2.958993,200
1775042618970947042,1775042618970947042,1775042618972378477,0.000000,1.431435,1.431435,200
1775042618975502639,1775042618975502639,1775042618985816850,0.000000,10.314211,10.314211,200
1775042619039704730,1775042619039704730,1775042619040126540,0.000000,0.421810,0.421810,200
1775042619040094888,1775042619040126540,1775042619040568058,0.031652,0.441518,0.473170,200
1775042619040856136,1775042619040856136,1775042619041329016,0.000000,0.472880,0.472880,200
1775042619043808500,1775042619043808500,1775042619044318292,0.000000,0.509792,0.509792,200
1775042619048855939,1775042619048855939,1775042619049759407,0.000000,0.903468,0.903468,200
1775042619080722713,1775042619080722713,1775042619083718986,0.000000,2.996273,2.996273,200
1775042619083611219,1775042619083718986,1775042619084393494,0.107767,0.674508,0.782275,200
1775042619086559714,1775042619086559714,1775042619089842600,0.000000,3.282886,3.282886,200
1775042619090933054,1775042619090933054,1775042619091413811,0.000000,0.480757,0.480757,200
1775042619100584422,1775042619100584422,1775042619101277044,0.000000,0.692622,0.692622,200
1775042619123887992,1775042619123887992,1775042619124325983,0.000000,0.437991,0.437991,200
1775042619130936596,1775042619130936596,1775042619131604041,0.000000,0.667445,0.667445,200
1775042619131040561,1775042619131604041,1775042619132411523,0.563480,0.807482,1.370962,200
1775042619133066133,1775042619133066133,1775042619133735990,0.000000,0.669857,0.669857,200
1775042619145892324,1775042619145892324,1775042619146444219,0.000000,0.551895,0.551895,200
1775042619146052539,1775042619146444219,1775042619147085009,0.391680,0.640790,1.032470,200
1775042619146131094,1775042619147085009,1775042619147907109,0.953915,0.822100,1.776015,200
1775042619151025158,1775042619151025158,1775042619151676519,0.000000,0.651361,0.651361,200
1775042619151127881,1775042619151676519,1775042619153848795,0.548638,2.172276,2.720914,200
1775042619184655846,1775042619184655846,1775042619185359963,0.000000,0.704117,0.704117,200
1775042619185747173,1775042619185747173,1775042619186417284,0.000000,0.670111,0.670111,200
1775042619193075741,1775042619193075741,1775042619193734406,0.000000,0.658665,0.658665,200
1775042619222977997,1775042619222977997,1775042619223802048,0.000000,0.824051,0.824051,200
1775042619228012869,1775042619228012869,1775042619228698106,0.000000,0.685237,0.685237,200
1775042619238605516,1775042619238605516,1775042619239277067,0.000000,0.671551,0.671551,200
1775042619248321083,1775042619248321083,1775042619249083973,0.000000,0.762890,0.762890,200
1775042619250837715,1775042619250837715,1775042619251615896,0.000000,0.778181,0.778181,200
1775042619250888895,1775042619251615896,1775042619252156799,0.727001,0.540903,1.267904,200
1775042619252520871,1775042619252520871,1775042619253112505,0.000000,0.591634,0.591634,200
1775042619261062669,1775042619261062669,1775042619261467545,0.000000,0.404876,0.404876,200
1775042619265584796,1775042619265584796,1775042619266235891,0.000000,0.651095,0.651095,200
1775042619266897400,1775042619266897400,1775042619267796235,0.000000,0.898835,0.898835,200
1775042619275664894,1775042619275664894,1775042619279772411,0.000000,4.107517,4.107517,200
1775042619275826843,1775042619279772411,1775042619280601560,3.945568,0.829149,4.774717,200
1775042619280350996,1775042619280601560,1775042619281684007,0.250564,1.082447,1.333011,200
1775042619304571553,1775042619304571553,1775042619305274125,0.000000,0.702572,0.702572,200
1775042619307201901,1775042619307201901,1775042619307810521,0.000000,0.608620,0.608620,200
1775042619308146781,1775042619308146781,1775042619308662002,0.000000,0.515221,0.515221,200
1775042619315517158,1775042619315517158,1775042619315989595,0.000000,0.472437,0.472437,200
1775042619315570112,1775042619315989595,1775042619316623041,0.419483,0.633446,1.052929,200
1775042619316558478,1775042619316623041,1775042619318187966,0.064563,1.564925,1.629488,200
1775042619316592404,1775042619318187966,1775042619318773216,1.595562,0.585250,2.180812,200
1775042619318514608,1775042619318773216,1775042619319426604,0.258608,0.653388,0.911996,200
1775042619318652279,1775042619319426604,1775042619319936158,0.774325,0.509554,1.283879,200
1775042619355016172,1775042619355016172,1775042619355604793,0.000000,0.588621,0.588621,200
1775042619357086809,1775042619357086809,1775042619357840218,0.000000,0.753409,0.753409,200
1775042619357618837,1775042619357840218,1775042619358382782,0.221381,0.542564,0.763945,200
1775042619357710527,1775042619358382782,1775042619358964627,0.672255,0.581845,1.254100,200
1775042619365117174,1775042619365117174,1775042619365709232,0.000000,0.592058,0.592058,200
1775042619397229147,1775042619397229147,1775042619404762130,0.000000,7.532983,7.532983,200
1775042619414034758,1775042619414034758,1775042619414942894,0.000000,0.908136,0.908136,200
1775042619416235584,1775042619416235584,1775042619416748784,0.000000,0.513200,0.513200,200
1775042619427251642,1775042619427251642,1775042619427760695,0.000000,0.509053,0.509053,200
1775042619427393100,1775042619427760695,1775042619428748351,0.367595,0.987656,1.355251,200
1775042619431807813,1775042619431807813,1775042619432484443,0.000000,0.676630,0.676630,200
1775042619431874714,1775042619432484443,1775042619433126556,0.609729,0.642113,1.251842,200
1775042619432718696,1775042619433126556,1775042619433838334,0.407860,0.711778,1.119638,200
1775042619433087120,1775042619433838334,1775042619434399171,0.751214,0.560837,1.312051,200
1775042619433266964,1775042619434399171,1775042619435760722,1.132207,1.361551,2.493758,200
1775042619457580355,1775042619457580355,1775042619458588994,0.000000,1.008639,1.008639,200
1775042619470121726,1775042619470121726,1775042619470746895,0.000000,0.625169,0.625169,200
1775042619472117966,1775042619472117966,1775042619473858650,0.000000,1.740684,1.740684,200
1775042619473403306,1775042619473858650,1775042619474583615,0.455344,0.724965,1.180309,200
1775042619473464096,1775042619474583615,1775042619475429859,1.119519,0.846244,1.965763,200
1775042619474980451,1775042619475429859,1775042619476062525,0.449408,0.632666,1.082074,200
1775042619476397931,1775042619476397931,1775042619477135716,0.000000,0.737785,0.737785,200
1775042619484676974,1775042619484676974,1775042619491089101,0.000000,6.412127,6.412127,200
1775042619493119252,1775042619493119252,1775042619494013731,0.000000,0.894479,0.894479,200
1775042619493408482,1775042619494013731,1775042619494949293,0.605249,0.935562,1.540811,200
1775042619525272630,1775042619525272630,1775042619525847861,0.000000,0.575231,0.575231,200
1775042619527853782,1775042619527853782,1775042619528580722,0.000000,0.726940,0.726940,200
1775042619530847696,1775042619530847696,1775042619531496596,0.000000,0.648900,0.648900,200
1775042619540356199,1775042619540356199,1775042619540941017,0.000000,0.584818,0.584818,200
1775042619541488238,1775042619541488238,1775042619542456415,0.000000,0.968177,0.968177,200
1775042619547981439,1775042619547981439,1775042619548518358,0.000000,0.536919,0.536919,200
1775042619551176962,1775042619551176962,1775042619552581252,0.000000,1.404290,1.404290,200
1775042619556380717,1775042619556380717,1775042619556785809,0.000000,0.405092,0.405092,200
1775042619557791750,1775042619557791750,1775042619558752719,0.000000,0.960969,0.960969,200
1775042619562194311,1775042619562194311,1775042619562923870,0.000000,0.729559,0.729559,200
1775042619565359412,1775042619565359412,1775042619571504233,0.000000,6.144821,6.144821,200
1775042619568021102,1775042619571504233,1775042619572308975,3.483131,0.804742,4.287873,200
1775042619576932144,1775042619576932144,1775042619577669984,0.000000,0.737840,0.737840,200
1775042619577293325,1775042619577669984,1775042619578519792,0.376659,0.849808,1.226467,200
1775042619590194812,1775042619590194812,1775042619590853599,0.000000,0.658787,0.658787,200
1775042619594476192,1775042619594476192,1775042619595829330,0.000000,1.353138,1.353138,200
1775042619597219515,1775042619597219515,1775042619598123697,0.000000,0.904182,0.904182,200
1775042619615734916,1775042619615734916,1775042619616498889,0.000000,0.763973,0.763973,200
1775042619619319693,1775042619619319693,1775042619619962687,0.000000,0.642994,0.642994,200
1775042619619419630,1775042619619962687,1775042619620432132,0.543057,0.469445,1.012502,200
1775042619619819938,1775042619620432132,1775042619621154303,0.612194,0.722171,1.334365,200
1775042619622549482,1775042619622549482,1775042619623280000,0.000000,0.730518,0.730518,200
1775042619622730187,1775042619623280000,1775042619623925699,0.549813,0.645699,1.195512,200
1775042619622769645,1775042619623925699,1775042619624657442,1.156054,0.731743,1.887797,200
1775042619622807590,1775042619624657442,1775042619629145879,1.849852,4.488437,6.338289,200
1775042619641280015,1775042619641280015,1775042619641943203,0.000000,0.663188,0.663188,200
1775042619642086272,1775042619642086272,1775042619642951706,0.000000,0.865434,0.865434,200
1775042619647924297,1775042619647924297,1775042619648662649,0.000000,0.738352,0.738352,200
1775042619649484007,1775042619649484007,1775042619650196979,0.000000,0.712972,0.712972,200
1775042619649519056,1775042619650196979,1775042619656312349,0.677923,6.115370,6.793293,200
1775042619651372594,1775042619656312349,1775042619658155866,4.939755,1.843517,6.783272,200
1775042619663664232,1775042619663664232,1775042619665582068,0.000000,1.917836,1.917836,200
1775042619669772255,1775042619669772255,1775042619670456120,0.000000,0.683865,0.683865,200
1775042619685881399,1775042619685881399,1775042619687903375,0.000000,2.021976,2.021976,200
1775042619688447360,1775042619688447360,1775042619689355868,0.000000,0.908508,0.908508,200
1775042619715887221,1775042619715887221,1775042619716619466,0.000000,0.732245,0.732245,200
1775042619731503538,1775042619731503538,1775042619732243536,0.000000,0.739998,0.739998,200
1775042619742907257,1775042619742907257,1775042619743759984,0.000000,0.852727,0.852727,200
1775042619744260833,1775042619744260833,1775042619744746308,0.000000,0.485475,0.485475,200
1775042619780653426,1775042619780653426,1775042619781070487,0.000000,0.417061,0.417061,200
1775042619843235004,1775042619843235004,1775042619843957855,0.000000,0.722851,0.722851,200
1775042619843316815,1775042619843957855,1775042619844599551,0.641040,0.641696,1.282736,200
1775042619871292034,1775042619871292034,1775042619872124984,0.000000,0.832950,0.832950,200
1775042619874272792,1775042619874272792,1775042619875074378,0.000000,0.801586,0.801586,200
1775042619884780028,1775042619884780028,1775042619886116104,0.000000,1.336076,1.336076,200
1775042619884850577,1775042619886116104,1775042619890158277,1.265527,4.042173,5.307700,200
1775042619893189326,1775042619893189326,1775042619893776479,0.000000,0.587153,0.587153,200
1775042619909825996,1775042619909825996,1775042619911533276,0.000000,1.707280,1.707280,200
1775042619909960180,1775042619911533276,1775042619912582669,1.573096,1.049393,2.622489,200
1775042619911066037,1775042619912582669,1775042619915610747,1.516632,3.028078,4.544710,200
1775042619931500217,1775042619931500217,1775042619932112725,0.000000,0.612508,0.612508,200
1775042619932897206,1775042619932897206,1775042619935780913,0.000000,2.883707,2.883707,200
1775042619936551374,1775042619936551374,1775042619937381366,0.000000,0.829992,0.829992,200
1775042619942639685,1775042619942639685,1775042619951149575,0.000000,8.509890,8.509890,200
1775042619943302821,1775042619951149575,1775042619952227029,7.846754,1.077454,8.924208,200
1775042619947741153,1775042619952227029,1775042619953295715,4.485876,1.068686,5.554562,200
1775042619947830689,1775042619953295715,1775042619954360960,5.465026,1.065245,6.530271,200
1775042619948131701,1775042619954360960,1775042619955276783,6.229259,0.915823,7.145082,200
1775042619958931213,1775042619958931213,1775042619960081020,0.000000,1.149807,1.149807,200
1775042619959872415,1775042619960081020,1775042619961091196,0.208605,1.010176,1.218781,200
1775042619960800602,1775042619961091196,1775042619962372556,0.290594,1.281360,1.571954,200
1775042619965770467,1775042619965770467,1775042619970767701,0.000000,4.997234,4.997234,200
1775042619969324664,1775042619970767701,1775042619973362197,1.443037,2.594496,4.037533,200
1775042619973455417,1775042619973455417,1775042619974260844,0.000000,0.805427,0.805427,200
1775042619975118770,1775042619975118770,1775042619976680264,0.000000,1.561494,1.561494,200
1775042620026346269,1775042620026346269,1775042620027039532,0.000000,0.693263,0.693263,200
1775042620028243514,1775042620028243514,1775042620028722739,0.000000,0.479225,0.479225,200
1775042620028304243,1775042620028722739,1775042620029477615,0.418496,0.754876,1.173372,200
1775042620029589423,1775042620029589423,1775042620031003472,0.000000,1.414049,1.414049,200
1775042620032270973,1775042620032270973,1775042620033129199,0.000000,0.858226,0.858226,200
1775042620033097941,1775042620033129199,1775042620033845247,0.031258,0.716048,0.747306,200
1775042620033371960,1775042620033845247,1775042620035813186,0.473287,1.967939,2.441226,200
1775042620049105512,1775042620049105512,1775042620050036498,0.000000,0.930986,0.930986,200
1775042620050711564,1775042620050711564,1775042620051809372,0.000000,1.097808,1.097808,200
1775042620057932262,1775042620057932262,1775042620058665855,0.000000,0.733593,0.733593,200
1775042620058098970,1775042620058665855,1775042620059073813,0.566885,0.407958,0.974843,200
1775042620084399225,1775042620084399225,1775042620085075855,0.000000,0.676630,0.676630,200
1775042620085649616,1775042620085649616,1775042620086266051,0.000000,0.616435,0.616435,200
1775042620085710837,1775042620086266051,1775042620087979417,0.555214,1.713366,2.268580,200
1775042620085757609,1775042620087979417,1775042620088631784,2.221808,0.652367,2.874175,200
1775042620106181158,1775042620106181158,1775042620106836396,0.000000,0.655238,0.655238,200
1775042620109468079,1775042620109468079,1775042620110135371,0.000000,0.667292,0.667292,200
1775042620109569188,1775042620110135371,1775042620111311452,0.566183,1.176081,1.742264,200
1775042620109614277,1775042620111311452,1775042620111789293,1.697175,0.477841,2.175016,200
1775042620114030600,1775042620114030600,1775042620117223074,0.000000,3.192474,3.192474,200
1775042620134346686,1775042620134346686,1775042620134919513,0.000000,0.572827,0.572827,200
1775042620139386602,1775042620139386602,1775042620140189732,0.000000,0.803130,0.803130,200
1775042620164970149,1775042620164970149,1775042620166027879,0.000000,1.057730,1.057730,200
1775042620172359613,1775042620172359613,1775042620174013526,0.000000,1.653913,1.653913,200
1775042620199801175,1775042620199801175,1775042620201263131,0.000000,1.461956,1.461956,200
1775042620204016365,1775042620204016365,1775042620204719550,0.000000,0.703185,0.703185,200
1775042620228833300,1775042620228833300,1775042620229567072,0.000000,0.733772,0.733772,200
1775042620228945571,1775042620229567072,1775042620232564484,0.621501,2.997412,3.618913,200
1775042620230365891,1775042620232564484,1775042620233202750,2.198593,0.638266,2.836859,200
1775042620237321481,1775042620237321481,1775042620240357171,0.000000,3.035690,3.035690,200
1775042620241551027,1775042620241551027,1775042620242062185,0.000000,0.511158,0.511158,200
1775042620294921812,1775042620294921812,1775042620307620952,0.000000,12.699140,12.699140,200
1775042620299868476,1775042620307620952,1775042620308619374,7.752476,0.998422,8.750898,200
1775042620306828157,1775042620308619374,1775042620309338818,1.791217,0.719444,2.510661,200
1775042620322812486,1775042620322812486,1775042620323467885,0.000000,0.655399,0.655399,200
1775042620323785461,1775042620323785461,1775042620324425810,0.000000,0.640349,0.640349,200
1775042620323901991,1775042620324425810,1775042620325193780,0.523819,0.767970,1.291789,200
1775042620323956418,1775042620325193780,1775042620325926508,1.237362,0.732728,1.970090,200
1775042620324003811,1775042620325926508,1775042620326730566,1.922697,0.804058,2.726755,200
1775042620326998517,1775042620326998517,1775042620327747771,0.000000,0.749254,0.749254,200
1775042620329046673,1775042620329046673,1775042620329850144,0.000000,0.803471,0.803471,200
1775042620333719333,1775042620333719333,1775042620335487710,0.000000,1.768377,1.768377,200
1775042620346750215,1775042620346750215,1775042620353408260,0.000000,6.658045,6.658045,200
1775042620367791165,1775042620367791165,1775042620369278433,0.000000,1.487268,1.487268,200
1775042620377594716,1775042620377594716,1775042620378372404,0.000000,0.777688,0.777688,200
1775042620377646148,1775042620378372404,1775042620379257281,0.726256,0.884877,1.611133,200
1775042620377704673,1775042620379257281,1775042620379909874,1.552608,0.652593,2.205201,200
1775042620398123864,1775042620398123864,1775042620398880482,0.000000,0.756618,0.756618,200
1775042620403572848,1775042620403572848,1775042620403980415,0.000000,0.407567,0.407567,200
1775042620405611853,1775042620405611853,1775042620407085742,0.000000,1.473889,1.473889,200
1775042620417326655,1775042620417326655,1775042620418023975,0.000000,0.697320,0.697320,200
1775042620417587128,1775042620418023975,1775042620419010539,0.436847,0.986564,1.423411,200
1775042620418214273,1775042620419010539,1775042620419579117,0.796266,0.568578,1.364844,200
1775042620448999250,1775042620448999250,1775042620450675861,0.000000,1.676611,1.676611,200
1775042620449073787,1775042620450675861,1775042620451809066,1.602074,1.133205,2.735279,200
1775042620458981745,1775042620458981745,1775042620459682783,0.000000,0.701038,0.701038,200
1775042620460536014,1775042620460536014,1775042620461285718,0.000000,0.749704,0.749704,200
1775042620467531086,1775042620467531086,1775042620468266872,0.000000,0.735786,0.735786,200
1775042620474956103,1775042620474956103,1775042620475699705,0.000000,0.743602,0.743602,200
1775042620477762919,1775042620477762919,1775042620478505241,0.000000,0.742322,0.742322,200
1775042620477824119,1775042620478505241,1775042620479184677,0.681122,0.679436,1.360558,200
1775042620480448897,1775042620480448897,1775042620481433445,0.000000,0.984548,0.984548,200
1775042620488231277,1775042620488231277,1775042620489410627,0.000000,1.179350,1.179350,200
1775042620488790178,1775042620489410627,1775042620490324702,0.620449,0.914075,1.534524,200
1775042620491496574,1775042620491496574,1775042620492375753,0.000000,0.879179,0.879179,200
1775042620491841092,1775042620492375753,1775042620493139435,0.534661,0.763682,1.298343,200
1775042620511158892,1775042620511158892,1775042620511896032,0.000000,0.737140,0.737140,200
1775042620539061743,1775042620539061743,1775042620540027930,0.000000,0.966187,0.966187,200
1775042620569678479,1775042620569678479,1775042620570444617,0.000000,0.766138,0.766138,200
1775042620569803265,1775042620570444617,1775042620570925755,0.641352,0.481138,1.122490,200
1775042620570319040,1775042620570925755,1775042620571595211,0.606715,0.669456,1.276171,200
1775042620576196373,1775042620576196373,1775042620578209497,0.000000,2.013124,2.013124,200
1775042620580884823,1775042620580884823,1775042620584719804,0.000000,3.834981,3.834981,200
1775042620590514992,1775042620590514992,1775042620591391165,0.000000,0.876173,0.876173,200
1775042620592061436,1775042620592061436,1775042620592954152,0.000000,0.892716,0.892716,200
1775042620592122877,1775042620592954152,1775042620593720543,0.831275,0.766391,1.597666,200
1775042620593061485,1775042620593720543,1775042620594267729,0.659058,0.547186,1.206244,200
1775042620593094199,1775042620594267729,1775042620595176232,1.173530,0.908503,2.082033,200
1775042620594015062,1775042620595176232,1775042620595861747,1.161170,0.685515,1.846685,200
1775042620594692876,1775042620595861747,1775042620596801395,1.168871,0.939648,2.108519,200
1775042620620855530,1775042620620855530,1775042620621596737,0.000000,0.741207,0.741207,200
1775042620626935795,1775042620626935795,1775042620627374848,0.000000,0.439053,0.439053,200
1775042620629686960,1775042620629686960,1775042620630428839,0.000000,0.741879,0.741879,200
1775042620659889765,1775042620659889765,1775042620662188577,0.000000,2.298812,2.298812,200
1775042620659965575,1775042620662188577,1775042620664380296,2.223002,2.191719,4.414721,200
1775042620663251423,1775042620664380296,1775042620664915967,1.128873,0.535671,1.664544,200
1775042620663328315,1775042620664915967,1775042620665620052,1.587652,0.704085,2.291737,200
1775042620665127457,1775042620665620052,1775042620666262165,0.492595,0.642113,1.134708,200
1775042620669688326,1775042620669688326,1775042620670992871,0.000000,1.304545,1.304545,200
1775042620671132303,1775042620671132303,1775042620672421489,0.000000,1.289186,1.289186,200
1775042620671972397,1775042620672421489,1775042620673173138,0.449092,0.751649,1.200741,200
1775042620681406338,1775042620681406338,1775042620682186623,0.000000,0.780285,0.780285,200
1775042620707889612,1775042620707889612,1775042620708903801,0.000000,1.014189,1.014189,200
1775042620711030439,1775042620711030439,1775042620712288711,0.000000,1.258272,1.258272,200
1775042620720748927,1775042620720748927,1775042620721433173,0.000000,0.684246,0.684246,200
1775042620725741006,1775042620725741006,1775042620726385948,0.000000,0.644942,0.644942,200
1775042620740950782,1775042620740950782,1775042620744659191,0.000000,3.708409,3.708409,200
1775042620741007123,1775042620744659191,1775042620745445953,3.652068,0.786762,4.438830,200
1775042620761609102,1775042620761609102,1775042620762521702,0.000000,0.912600,0.912600,200
1775042620762968378,1775042620762968378,1775042620763771182,0.000000,0.802804,0.802804,200
1775042620765077541,1775042620765077541,1775042620765832966,0.000000,0.755425,0.755425,200
1775042620765180043,1775042620765832966,1775042620766464661,0.652923,0.631695,1.284618,200
1775042620767120552,1775042620767120552,1775042620767948820,0.000000,0.828268,0.828268,200
1775042620783950747,1775042620783950747,1775042620784647367,0.000000,0.696620,0.696620,200
1775042620795723479,1775042620795723479,1775042620796397424,0.000000,0.673945,0.673945,200
1775042620799655530,1775042620799655530,1775042620800687782,0.000000,1.032252,1.032252,200
1775042620801210401,1775042620801210401,1775042620802279087,0.000000,1.068686,1.068686,200
1775042620802741495,1775042620802741495,1775042620803671376,0.000000,0.929881,0.929881,200
1775042620816449755,1775042620816449755,1775042620817557061,0.000000,1.107306,1.107306,200
1775042620831656239,1775042620831656239,1775042620832201851,0.000000,0.545612,0.545612,200
1775042620836797074,1775042620836797074,1775042620837626342,0.000000,0.829268,0.829268,200
1775042620843310127,1775042620843310127,1775042620844004563,0.000000,0.694436,0.694436,200
1775042620843459211,1775042620844004563,1775042620844828783,0.545352,0.824220,1.369572,200
1775042620843580008,1775042620844828783,1775042620845435204,1.248775,0.606421,1.855196,200
1775042620843631430,1775042620845435204,1775042620845954646,1.803774,0.519442,2.323216,200
1775042620850123055,1775042620850123055,1775042620854541707,0.000000,4.418652,4.418652,200
1775042620856495240,1775042620856495240,1775042620857070471,0.000000,0.575231,0.575231,200
1775042620872927523,1775042620872927523,1775042620873424168,0.000000,0.496645,0.496645,200
1775042620874927050,1775042620874927050,1775042620875881960,0.000000,0.954910,0.954910,200
1775042620879908838,1775042620879908838,1775042620880380446,0.000000,0.471608,0.471608,200
1775042620879986301,1775042620880380446,1775042620882853074,0.394145,2.472628,2.866773,200
1775042620893128493,1775042620893128493,1775042620893919388,0.000000,0.790895,0.790895,200
1775042620897368340,1775042620897368340,1775042620898030210,0.000000,0.661870,0.661870,200
1775042620900259001,1775042620900259001,1775042620901944853,0.000000,1.685852,1.685852,200
1775042620908257635,1775042620908257635,1775042620909056591,0.000000,0.798956,0.798956,200
1775042620912713017,1775042620912713017,1775042620913558445,0.000000,0.845428,0.845428,200
1775042620914246275,1775042620914246275,1775042620914849271,0.000000,0.602996,0.602996,200
1775042620915484733,1775042620915484733,1775042620916162383,0.000000,0.677650,0.677650,200
1775042620916603546,1775042620916603546,1775042620917396806,0.000000,0.793260,0.793260,200
1775042620917785242,1775042620917785242,1775042620919776751,0.000000,1.991509,1.991509,200
1775042620923883446,1775042620923883446,1775042620924415303,0.000000,0.531857,0.531857,200
1775042620934820762,1775042620934820762,1775042620935433406,0.000000,0.612644,0.612644,200
1775042620937131030,1775042620937131030,1775042620938084225,0.000000,0.953195,0.953195,200
1775042620941303243,1775042620941303243,1775042620942068146,0.000000,0.764903,0.764903,200
1775042620954091136,1775042620954091136,1775042620954933182,0.000000,0.842046,0.842046,200
1775042620955203525,1775042620955203525,1775042620956001291,0.000000,0.797766,0.797766,200
1775042620957647807,1775042620957647807,1775042620965126494,0.000000,7.478687,7.478687,200
1775042620961945131,1775042620965126494,1775042620965854566,3.181363,0.728072,3.909435,200
1775042620966061215,1775042620966061215,1775042620966673859,0.000000,0.612644,0.612644,200
1775042620969778039,1775042620969778039,1775042620970416004,0.000000,0.637965,0.637965,200
1775042620971893634,1775042620971893634,1775042620972700209,0.000000,0.806575,0.806575,200
1775042620974521368,1775042620974521368,1775042620975100978,0.000000,0.579610,0.579610,200
1775042620976167311,1775042620976167311,1775042620977329269,0.000000,1.161958,1.161958,200
1775042620977582127,1775042620977582127,1775042620978360652,0.000000,0.778525,0.778525,200
1775042620988162014,1775042620988162014,1775042620988830382,0.000000,0.668368,0.668368,200
1775042620989997598,1775042620989997598,1775042620990809154,0.000000,0.811556,0.811556,200
1775042621076653477,1775042621076653477,1775042621077304015,0.000000,0.650538,0.650538,200
1775042621133855956,1775042621133855956,1775042621134601993,0.000000,0.746037,0.746037,200
1775042621133925704,1775042621134601993,1775042621135199818,0.676289,0.597825,1.274114,200
1775042621136486757,1775042621136486757,1775042621137303383,0.000000,0.816626,0.816626,200
1775042621138548737,1775042621138548737,1775042621139236981,0.000000,0.688244,0.688244,200
1775042621143373434,1775042621143373434,1775042621144059062,0.000000,0.685628,0.685628,200
1775042621159134975,1775042621159134975,1775042621159578108,0.000000,0.443133,0.443133,200
1775042621172129465,1775042621172129465,1775042621172929842,0.000000,0.800377,0.800377,200
1775042621173322714,1775042621173322714,1775042621174009043,0.000000,0.686329,0.686329,200
1775042621175829690,1775042621175829690,1775042621176522693,0.000000,0.693003,0.693003,200
1775042621176868935,1775042621176868935,1775042621177645292,0.000000,0.776357,0.776357,200
1775042621177000474,1775042621177645292,1775042621178538187,0.644818,0.892895,1.537713,200
1775042621179381071,1775042621179381071,1775042621180105935,0.000000,0.724864,0.724864,200
1775042621179446079,1775042621180105935,1775042621181602568,0.659856,1.496633,2.156489,200
1775042621192916259,1775042621192916259,1775042621193702976,0.000000,0.786717,0.786717,200
1775042621201109048,1775042621201109048,1775042621201533723,0.000000,0.424675,0.424675,200
1775042621201751152,1775042621201751152,1775042621202445335,0.000000,0.694183,0.694183,200
1775042621201843995,1775042621202445335,1775042621202989945,0.601340,0.544610,1.145950,200
1775042621244481738,1775042621244481738,1775042621245453444,0.000000,0.971706,0.971706,200
1775042621245588366,1775042621245588366,1775042621247888174,0.000000,2.299808,2.299808,200
1775042621247523115,1775042621247888174,1775042621248452942,0.365059,0.564768,0.929827,200
1775042621248480620,1775042621248480620,1775042621251699006,0.000000,3.218386,3.218386,200
1775042621249485779,1775042621251699006,1775042621252610519,2.213227,0.911513,3.124740,200
1775042621249535006,1775042621252610519,1775042621253096585,3.075513,0.486066,3.561579,200
1775042621251196046,1775042621253096585,1775042621253761511,1.900539,0.664926,2.565465,200
1775042621256749588,1775042621256749588,1775042621257527033,0.000000,0.777445,0.777445,200
1775042621261784249,1775042621261784249,1775042621266508347,0.000000,4.724098,4.724098,200
1775042621271372955,1775042621271372955,1775042621272251445,0.000000,0.878490,0.878490,200
1775042621271433734,1775042621272251445,1775042621278607307,0.817711,6.355862,7.173573,200
1775042621272525526,1775042621278607307,1775042621279408716,6.081781,0.801409,6.883190,200
1775042621278646006,1775042621279408716,1775042621280107651,0.762710,0.698935,1.461645,200
1775042621280885605,1775042621280885605,1775042621281452584,0.000000,0.566979,0.566979,200
1775042621325294319,1775042621325294319,1775042621326122356,0.000000,0.828037,0.828037,200
1775042621329041154,1775042621329041154,1775042621329717454,0.000000,0.676300,0.676300,200
1775042621354278102,1775042621354278102,1775042621354812914,0.000000,0.534812,0.534812,200
1775042621371257649,1775042621371257649,1775042621372672597,0.000000,1.414948,1.414948,200
1775042621372259429,1775042621372672597,1775042621373326813,0.413168,0.654216,1.067384,200
1775042621435900365,1775042621435900365,1775042621441627505,0.000000,5.727140,5.727140,200
1775042621437729617,1775042621441627505,1775042621442205132,3.897888,0.577627,4.475515,200
1775042621439614983,1775042621442205132,1775042621443366035,2.590149,1.160903,3.751052,200
1775042621442460414,1775042621443366035,1775042621444182701,0.905621,0.816666,1.722287,200
1775042621481819840,1775042621481819840,1775042621492191749,0.000000,10.371909,10.371909,200
1775042621484224370,1775042621492191749,1775042621492792951,7.967379,0.601202,8.568581,200
1775042621485482998,1775042621492792951,1775042621493672200,7.309953,0.879249,8.189202,200
1775042621485542415,1775042621493672200,1775042621494374089,8.129785,0.701889,8.831674,200
1775042621526854707,1775042621526854707,1775042621529024053,0.000000,2.169346,2.169346,200
1775042621526932149,1775042621529024053,1775042621530207119,2.091904,1.183066,3.274970,200
1775042621527042326,1775042621530207119,1775042621534944764,3.164793,4.737645,7.902438,200
1775042621531506016,1775042621534944764,1775042621535546417,3.438748,0.601653,4.040401,200
1775042621531688705,1775042621535546417,1775042621536238959,3.857712,0.692542,4.550254,200
1775042621534339315,1775042621536238959,1775042621536785095,1.899644,0.546136,2.445780,200
1775042621535870459,1775042621536785095,1775042621537542322,0.914636,0.757227,1.671863,200
1775042621557232475,1775042621557232475,1775042621557986944,0.000000,0.754469,0.754469,200
1775042621563492785,1775042621563492785,1775042621564316809,0.000000,0.824024,0.824024,200
1775042621564408417,1775042621564408417,1775042621564941906,0.000000,0.533489,0.533489,200
1775042621599564043,1775042621599564043,1775042621600048173,0.000000,0.484130,0.484130,200
1775042621601232567,1775042621601232567,1775042621602984670,0.000000,1.752103,1.752103,200
1775042621601300301,1775042621602984670,1775042621604009890,1.684369,1.025220,2.709589,200
1775042621601337865,1775042621604009890,1775042621605864278,2.672025,1.854388,4.526413,200
1775042621611054058,1775042621611054058,1775042621611824925,0.000000,0.770867,0.770867,200
1775042621633073321,1775042621633073321,1775042621634870159,0.000000,1.796838,1.796838,200
1775042621637403716,1775042621637403716,1775042621638047790,0.000000,0.644074,0.644074,200
1775042621638046993,1775042621638047790,1775042621639552810,0.000797,1.505020,1.505817,200
1775042621638114666,1775042621639552810,1775042621641119083,1.438144,1.566273,3.004417,200
1775042621640204861,1775042621641119083,1775042621641704914,0.914222,0.585831,1.500053,200
1775042621640271632,1775042621641704914,1775042621644537249,1.433282,2.832335,4.265617,200
1775042621671266692,1775042621671266692,1775042621671999444,0.000000,0.732752,0.732752,200
1775042621674811261,1775042621674811261,1775042621675792380,0.000000,0.981119,0.981119,200
1775042621675619251,1775042621675792380,1775042621676371990,0.173129,0.579610,0.752739,200
1775042621676830085,1775042621676830085,1775042621677488149,0.000000,0.658064,0.658064,200
1775042621676898840,1775042621677488149,1775042621678258155,0.589309,0.770006,1.359315,200
1775042621697783765,1775042621697783765,1775042621698445511,0.000000,0.661746,0.661746,200
1775042621724223133,1775042621724223133,1775042621725079117,0.000000,0.855984,0.855984,200
1775042621756819676,1775042621756819676,1775042621758802749,0.000000,1.983073,1.983073,200
1775042621768146645,1775042621768146645,1775042621768594809,0.000000,0.448164,0.448164,200
1775042621768255520,1775042621768594809,1775042621769320403,0.339289,0.725594,1.064883,200
1775042621774753125,1775042621774753125,1775042621775567789,0.000000,0.814664,0.814664,200
1775042621781916758,1775042621781916758,1775042621786432732,0.000000,4.515974,4.515974,200
1775042621781985072,1775042621786432732,1775042621787629154,4.447660,1.196422,5.644082,200
1775042621792305600,1775042621792305600,1775042621793124435,0.000000,0.818835,0.818835,200
1775042621793618605,1775042621793618605,1775042621794604484,0.000000,0.985879,0.985879,200
1775042621800814752,1775042621800814752,1775042621801513015,0.000000,0.698263,0.698263,200
1775042621800904689,1775042621801513015,1775042621807989077,0.608326,6.476062,7.084388,200
1775042621802059182,1775042621807989077,1775042621808632466,5.929895,0.643389,6.573284,200
1775042621820702733,1775042621820702733,1775042621821358132,0.000000,0.655399,0.655399,200
1775042621825895194,1775042621825895194,1775042621826545933,0.000000,0.650739,0.650739,200
1775042621830208429,1775042621830208429,1775042621830768022,0.000000,0.559593,0.559593,200
1775042621830621312,1775042621830768022,1775042621832364819,0.146710,1.596797,1.743507,200
1775042621830672453,1775042621832364819,1775042621833040611,1.692366,0.675792,2.368158,200
1775042621832406115,1775042621833040611,1775042621833733995,0.634496,0.693384,1.327880,200
1775042621848581155,1775042621848581155,1775042621849530872,0.000000,0.949717,0.949717,200
1775042621848646544,1775042621849530872,1775042621850176022,0.884328,0.645150,1.529478,200
1775042621855153043,1775042621855153043,1775042621855928525,0.000000,0.775482,0.775482,200
1775042621857748733,1775042621857748733,1775042621858437756,0.000000,0.689023,0.689023,200
1775042621875458257,1775042621875458257,1775042621875932065,0.000000,0.473808,0.473808,200
1775042621876606478,1775042621876606478,1775042621880874141,0.000000,4.267663,4.267663,200
1775042621877929758,1775042621880874141,1775042621881519650,2.944383,0.645509,3.589892,200
1775042621888271174,1775042621888271174,1775042621889050075,0.000000,0.778901,0.778901,200
1775042621891667670,1775042621891667670,1775042621892689650,0.000000,1.021980,1.021980,200
1775042621892935366,1775042621892935366,1775042621893700872,0.000000,0.765506,0.765506,200
1775042621901640356,1775042621901640356,1775042621902236048,0.000000,0.595692,0.595692,200
1775042621902889375,1775042621902889375,1775042621903400733,0.000000,0.511358,0.511358,200
1775042621905442892,1775042621905442892,1775042621907041751,0.000000,1.598859,1.598859,200
1775042621906333696,1775042621907041751,1775042621907650140,0.708055,0.608389,1.316444,200
1775042621912424405,1775042621912424405,1775042621912990599,0.000000,0.566194,0.566194,200
1775042621926004180,1775042621926004180,1775042621926665785,0.000000,0.661605,0.661605,200
1775042621932123538,1775042621932123538,1775042621935029826,0.000000,2.906288,2.906288,200
1775042621934548342,1775042621935029826,1775042621935577140,0.481484,0.547314,1.028798,200
1775042621943234768,1775042621943234768,1775042621943820079,0.000000,0.585311,0.585311,200
1775042621945644435,1775042621945644435,1775042621949427189,0.000000,3.782754,3.782754,200
1775042621954193441,1775042621954193441,1775042621954863048,0.000000,0.669607,0.669607,200
1775042621956915180,1775042621956915180,1775042621958308908,0.000000,1.393728,1.393728,200
1775042621958878685,1775042621958878685,1775042621960428857,0.000000,1.550172,1.550172,200
1775042621963823014,1775042621963823014,1775042621965212174,0.000000,1.389160,1.389160,200
1775042621965423004,1775042621965423004,1775042621966361927,0.000000,0.938923,0.938923,200
1775042621968783346,1775042621968783346,1775042621969971964,0.000000,1.188618,1.188618,200
1775042621971501888,1775042621971501888,1775042621972319766,0.000000,0.817878,0.817878,200
1775042621976540731,1775042621976540731,1775042621977334074,0.000000,0.793343,0.793343,200
1775042621981541125,1775042621981541125,1775042621983646351,0.000000,2.105226,2.105226,200
1775042621983284916,1775042621983646351,1775042621984754799,0.361435,1.108448,1.469883,200
1775042621984775933,1775042621984775933,1775042621985256719,0.000000,0.480786,0.480786,200
1775042621986957668,1775042621986957668,1775042621987637355,0.000000,0.679687,0.679687,200
1775042621988665029,1775042621988665029,1775042621989201994,0.000000,0.536965,0.536965,200
1775042621990231803,1775042621990231803,1775042621991167383,0.000000,0.935580,0.935580,200
1775042621992855148,1775042621992855148,1775042621994402213,0.000000,1.547065,1.547065,200
1775042622004606278,1775042622004606278,1775042622005188123,0.000000,0.581845,0.581845,200
1775042622006862329,1775042622006862329,1775042622007656291,0.000000,0.793962,0.793962,200
1775042622008671240,1775042622008671240,1775042622009161314,0.000000,0.490074,0.490074,200
1775042622010661579,1775042622010661579,1775042622011509266,0.000000,0.847687,0.847687,200
1775042622012955114,1775042622012955114,1775042622013702734,0.000000,0.747620,0.747620,200
1775042622018631158,1775042622018631158,1775042622019990349,0.000000,1.359191,1.359191,200
1775042622023047497,1775042622023047497,1775042622023938092,0.000000,0.890595,0.890595,200
